in_degree,out_degree,total_degree,CredCount
0,588,588,114
358,0,358,0
0,517,517,1
1,0,1,0
0,249,249,18
268,0,268,0
5,297,302,30
176,0,176,0
0,1767,1767,69
1407,0,1407,0
0,196,196,18
99,0,99,0
0,426,426,25
320,0,320,0
13,0,13,0
0,2,2,32
0,319,319,30
312,0,312,0
0,129,129,14
13,0,13,0
0,84,84,13
415,0,415,0
0,136,136,34
120,0,120,0
0,134,134,189
13,0,13,0
0,32,32,10
2,0,2,0
0,211,211,55
186,0,186,0
10,1802,1812,20
57,0,57,0
0,417,417,23
406,0,406,0
3,0,3,0
0,111,111,4
55,0,55,0
206,0,206,0
0,194,194,29
0,226,226,38
143,0,143,0
558,0,558,0
0,1710,1710,47
1566,0,1566,0
0,131,131,7
385,0,385,0
0,30,30,0
64,0,64,0
73,0,73,0
0,47,47,11
27,0,27,0
0,217,217,7
6,0,6,0
0,43,43,0
538,0,538,0
0,18,18,45
29,0,29,0
0,218,218,1
118,0,118,0
0,178,178,11
40,0,40,0
0,35,35,25
62,0,62,0
0,126,126,63
227,0,227,0
0,52,52,41
102,0,102,0
0,56,56,2
27,0,27,0
0,1238,1238,32
11,0,11,0
0,1172,1172,25
1017,0,1017,0
0,50,50,35
373,0,373,0
0,401,401,23
77,0,77,0
0,73,73,1
620,0,620,0
1,132,133,41
73,0,73,0
0,202,202,19
5,0,5,0
0,43,43,18
277,0,277,0
0,941,941,149
540,0,540,0
0,746,746,39
11,0,11,0
0,447,447,18
0,45,45,44
164,0,164,0
258,0,258,0
0,834,834,28
0,606,606,54
220,0,220,0
777,0,777,0
0,1315,1315,36
1379,0,1379,0
0,1,1,11
116,0,116,0
0,78,78,64
93,0,93,0
51,0,51,0
0,141,141,33
0,130,130,14
3,0,3,0
0,2465,2465,23
219,0,219,0
0,3270,3270,54
563,0,563,0
0,640,640,24
584,0,584,0
0,1174,1174,13
355,0,355,0
0,11,11,140
8,0,8,0
0,8,8,3
445,0,445,0
0,200,200,27
1206,0,1206,0
683,0,683,0
21,0,21,0
0,320,320,11
221,0,221,0
0,603,603,16
360,0,360,0
0,74,74,8
85,0,85,0
0,23,23,4
1398,0,1398,0
0,157,157,13
0,43,43,11
0,85,85,3
99,0,99,0
0,1263,1263,1
1060,0,1060,0
690,0,690,0
0,1369,1369,29
1227,0,1227,0
0,6,6,0
0,669,669,47
27,0,27,0
0,159,159,92
127,0,127,0
0,159,159,4
395,0,395,0
0,802,802,15
322,0,322,0
0,178,178,11
101,0,101,0
4,0,4,0
0,53,53,12
17,0,17,0
0,26,26,18
428,0,428,0
0,502,502,49
2,0,2,0
74,0,74,0
0,701,701,39
758,0,758,0
0,41,41,0
0,460,460,51
39,0,39,0
26,0,26,0
0,211,211,98
207,0,207,0
0,370,370,19
365,0,365,0
0,164,164,5
134,0,134,0
0,5,5,41
4,0,4,0
0,50,50,34
35,0,35,0
61,0,61,0
0,57,57,0
75,0,75,0
0,906,906,50
0,1210,1210,43
705,0,705,0
886,0,886,0
0,577,577,20
436,0,436,0
0,2177,2177,35
7,0,7,0
0,17,17,3
38,0,38,0
0,95,95,3
24,0,24,0
0,4,4,6
29,0,29,0
1782,0,1782,0
0,112,112,33
12,0,12,0
0,949,949,1
753,0,753,0
0,274,274,42
264,0,264,0
0,57,57,17
0,1233,1233,78
13,0,13,0
0,264,264,30
453,0,453,0
0,66,66,9
196,0,196,0
0,280,280,17
98,0,98,0
0,67,67,3
6,0,6,0
0,548,548,22
116,0,116,0
0,347,347,2
353,0,353,0
0,38,38,4
15,0,15,0
0,591,591,34
3,0,3,0
0,49,49,8
27,0,27,0
482,0,482,0
0,39,39,0
0,1272,1272,79
1312,0,1312,0
0,117,117,16
88,0,88,0
0,309,309,10
255,0,255,0
0,449,449,135
112,0,112,0
0,879,879,22
890,0,890,0
0,312,312,40
376,0,376,0
2,0,2,0
0,116,116,51
14,637,651,187
419,0,419,0
0,135,135,3
393,0,393,0
0,2601,2601,34
2791,0,2791,0
0,1561,1561,43
1467,0,1467,0
0,854,854,12
4,0,4,0
428,0,428,0
0,155,155,21
0,437,437,76
81,0,81,0
306,0,306,0
0,95,95,158
0,314,314,13
17,0,17,0
0,32,32,0
96,0,96,0
0,106,106,59
10,0,10,0
0,467,467,8
479,0,479,0
0,147,147,14
411,0,411,0
0,741,741,17
691,0,691,0
0,5,5,5
51,0,51,0
0,10,10,8
825,0,825,0
2,0,2,0
228,0,228,0
0,255,255,46
0,296,296,11
8,0,8,0
0,608,608,74
207,0,207,0
0,593,593,28
426,0,426,0
0,283,283,24
266,0,266,0
0,653,653,17
781,0,781,0
197,0,197,0
0,14,14,7
16,0,16,0
0,766,766,22
236,0,236,0
0,2019,2019,2
1957,0,1957,0
0,73,73,111
1,0,1,0
6,0,6,0
0,223,223,12
85,0,85,0
8,0,8,0
0,116,116,28
149,0,149,0
0,22,22,7
496,0,496,0
0,915,915,103
717,0,717,0
0,670,670,60
643,0,643,0
3,0,3,0
0,15,15,8
0,584,584,53
306,0,306,0
0,491,491,44
559,0,559,0
0,1924,1924,28
633,0,633,0
0,117,117,45
13,0,13,0
0,279,279,38
272,0,272,0
0,131,131,57
330,0,330,0
11,0,11,0
0,296,296,5
0,479,479,15
722,0,722,0
0,146,146,5
7,0,7,0
0,261,261,14
156,0,156,0
0,219,219,58
63,0,63,0
0,152,152,204
7,0,7,0
0,15,15,94
3,0,3,0
0,44,44,29
44,0,44,0
0,221,221,12
245,0,245,0
0,108,108,2
229,0,229,0
0,91,91,17
5,0,5,0
0,1123,1123,52
8,0,8,0
53,0,53,0
0,973,973,10
709,0,709,0
0,902,902,20
290,0,290,0
0,57,57,71
54,0,54,0
65,0,65,0
0,84,84,25
66,0,66,0
0,19,19,0
51,0,51,0
0,183,183,188
303,0,303,0
0,200,200,122
87,0,87,0
1,0,1,0
0,124,124,9
192,0,192,0
0,123,123,18
7,0,7,0
0,90,90,4
18,0,18,0
0,360,360,79
48,0,48,0
0,158,158,33
83,0,83,0
0,32,32,4
24,0,24,0
0,328,328,45
78,0,78,0
27,0,27,0
0,264,264,33
335,0,335,0
0,10,10,17
20,0,20,0
0,51,51,1
536,0,536,0
0,6,6,6
4,0,4,0
1245,0,1245,0
313,0,313,0
0,337,337,47
302,0,302,0
0,2256,2256,6
2338,0,2338,0
0,903,903,32
0,459,459,72
124,0,124,0
9,0,9,0
0,4,4,9
32,0,32,0
28,0,28,0
0,288,288,18
58,0,58,0
0,76,76,1
827,0,827,0
4,255,259,38
0,324,324,67
0,176,176,52
48,0,48,0
0,12,12,104
29,0,29,0
0,223,223,16
101,0,101,0
0,338,338,211
253,0,253,0
45,27,72,87
21,0,21,0
0,273,273,67
282,0,282,0
0,82,82,10
11,0,11,0
0,318,318,12
15,0,15,0
0,176,176,12
475,0,475,0
0,28,28,4
5,0,5,0
0,151,151,248
35,0,35,0
0,2644,2644,28
2345,0,2345,0
0,2132,2132,38
580,0,580,0
0,770,770,12
198,0,198,0
0,463,463,114
120,0,120,0
0,534,534,40
53,0,53,0
0,69,69,123
1,0,1,0
0,130,130,23
361,0,361,0
0,80,80,26
23,0,23,0
0,33,33,41
52,0,52,0
0,1014,1014,13
551,0,551,0
0,77,77,22
57,0,57,0
0,17,17,35
13,0,13,0
0,370,370,27
184,0,184,0
0,77,77,16
141,0,141,0
0,121,121,14
0,1506,1506,51
879,0,879,0
0,117,117,41
105,0,105,0
0,114,114,16
21,0,21,0
0,2,2,5
8,0,8,0
0,48,48,22
9,0,9,0
48,0,48,0
0,377,377,116
332,0,332,0
4,0,4,0
0,69,69,3
165,0,165,0
1,0,1,0
0,176,176,40
170,0,170,0
0,789,789,5
715,0,715,0
0,44,44,31
29,0,29,0
0,3,3,10
88,0,88,0
271,0,271,0
0,46,46,5
825,0,825,0
63,0,63,0
0,104,104,66
94,0,94,0
0,1297,1297,98
1270,0,1270,0
0,108,108,51
459,0,459,0
0,1165,1165,17
1084,0,1084,0
0,2087,2087,75
1155,0,1155,0
0,2292,2292,25
902,0,902,0
0,485,485,51
48,0,48,0
246,0,246,0
0,121,121,9
219,0,219,0
0,777,777,5
1368,0,1368,0
0,103,103,35
262,0,262,0
0,175,175,9
0,806,806,61
155,0,155,0
1069,0,1069,0
0,47,47,91
0,274,274,45
35,0,35,0
0,89,89,14
9,0,9,0
0,401,401,9
386,0,386,0
0,113,113,218
85,0,85,0
0,457,457,197
2,0,2,0
0,298,298,37
68,0,68,0
0,79,79,16
9,0,9,0
7,0,7,0
0,288,288,9
73,0,73,0
0,505,505,5
111,0,111,0
2,240,242,14
13,0,13,0
0,668,668,38
644,0,644,0
0,19,19,1
145,0,145,0
0,357,357,14
0,592,592,5
981,0,981,0
35,0,35,0
0,5,5,14
0,112,112,151
0,659,659,110
1,0,1,0
62,0,62,0
99,0,99,0
0,353,353,103
18,0,18,0
0,72,72,62
0,328,328,59
769,0,769,0
3,0,3,0
0,28,28,26
96,0,96,0
0,84,84,17
4,0,4,0
0,132,132,36
5,0,5,0
1,0,1,0
0,21,21,19
9,0,9,0
0,178,178,19
95,0,95,0
0,565,565,58
382,0,382,0
0,342,342,16
342,0,342,0
0,879,879,60
345,0,345,0
0,299,299,26
1,0,1,0
0,77,77,28
163,0,163,0
0,549,549,3
2365,0,2365,0
1,61,62,9
35,0,35,0
0,412,412,36
166,0,166,0
0,1905,1905,22
1908,0,1908,0
2,0,2,0
27,0,27,0
0,15,15,7
10,0,10,0
0,1693,1693,44
1013,0,1013,0
0,469,469,21
224,0,224,0
21,0,21,0
0,128,128,3
171,0,171,0
0,268,268,0
75,0,75,0
0,1237,1237,130
550,0,550,0
0,142,142,20
1,0,1,0
0,469,469,48
329,0,329,0
142,0,142,0
0,238,238,58
428,0,428,0
0,109,109,55
205,0,205,0
0,126,126,60
2,0,2,0
0,75,75,57
347,0,347,0
0,1105,1105,64
975,0,975,0
0,45,45,73
31,0,31,0
0,110,110,0
31,0,31,0
0,5,5,20
174,0,174,0
0,732,732,92
46,0,46,0
0,171,171,146
134,0,134,0
0,110,110,8
75,0,75,0
0,149,149,46
78,0,78,0
0,465,465,27
109,0,109,0
0,355,355,109
2309,0,2309,0
0,69,69,26
23,0,23,0
0,84,84,2
122,0,122,0
38,0,38,0
0,131,131,19
34,0,34,0
0,12,12,6
1,0,1,0
0,17,17,33
10,0,10,0
0,150,150,5
9,0,9,0
131,0,131,0
4,0,4,0
0,376,376,48
357,0,357,0
0,432,432,12
188,0,188,0
0,151,151,75
21,0,21,0
0,482,482,5
240,0,240,0
0,211,211,71
164,0,164,0
0,114,114,145
10,0,10,0
0,111,111,3
3,0,3,0
0,120,120,6
496,0,496,0
0,149,149,0
532,0,532,0
4,0,4,0
0,4,4,0
105,0,105,0
200,0,200,0
0,166,166,26
97,0,97,0
1,0,1,0
0,92,92,8
51,0,51,0
132,0,132,0
0,580,580,6
232,0,232,0
0,22,22,11
12,0,12,0
0,184,184,10
182,0,182,0
0,1184,1184,48
1172,0,1172,0
0,188,188,586
10,0,10,0
0,636,636,21
684,0,684,0
0,114,114,1
5,0,5,0
0,363,363,48
217,0,217,0
0,52,52,5
103,0,103,0
0,13,13,61
111,0,111,0
0,407,407,10
811,0,811,0
0,432,432,49
407,0,407,0
0,198,198,28
212,0,212,0
0,96,96,59
77,0,77,0
0,166,166,10
2,0,2,0
0,950,950,342
80,0,80,0
0,44,44,6
50,0,50,0
0,61,61,10
56,0,56,0
0,398,398,23
419,0,419,0
28,0,28,0
0,68,68,21
63,0,63,0
0,218,218,52
178,0,178,0
0,12,12,2
80,0,80,0
0,106,106,37
12,0,12,0
0,87,87,121
129,0,129,0
0,4,4,42
186,0,186,0
0,113,113,34
108,0,108,0
0,64,64,11
67,0,67,0
0,1439,1439,25
1211,0,1211,0
0,63,63,14
37,0,37,0
0,16,16,163
3,0,3,0
0,1456,1456,16
1633,0,1633,0
0,1270,1270,81
1232,0,1232,0
0,111,111,15
110,0,110,0
0,8,8,20
3,0,3,0
0,272,272,8
822,0,822,0
0,290,290,31
319,0,319,0
0,32,32,21
57,0,57,0
58,0,58,0
0,26,26,11
0,798,798,90
0,1064,1064,18
2,0,2,0
0,63,63,23
103,0,103,0
78,0,78,0
0,2962,2962,263
1,0,1,0
14,0,14,0
0,15,15,40
134,0,134,0
0,166,166,69
0,371,371,32
481,0,481,0
271,0,271,0
0,1307,1307,1
529,0,529,0
0,262,262,45
275,0,275,0
80,0,80,0
0,104,104,30
0,158,158,2
42,0,42,0
0,457,457,129
614,0,614,0
0,201,201,31
107,0,107,0
941,0,941,0
0,361,361,5
39,0,39,0
27,0,27,0
0,35,35,1
0,152,152,0
105,0,105,0
0,412,412,73
112,0,112,0
0,120,120,21
99,0,99,0
0,55,55,44
37,0,37,0
0,1398,1398,609
452,0,452,0
0,219,219,118
373,0,373,0
0,195,195,8
206,0,206,0
0,79,79,27
3,0,3,0
0,186,186,15
27,0,27,0
0,33,33,47
23,0,23,0
64,0,64,0
0,220,220,42
77,0,77,0
0,4,4,2
123,0,123,0
0,144,144,55
14,0,14,0
0,222,222,8
253,0,253,0
0,390,390,59
0,185,185,18
263,0,263,0
27,0,27,0
0,81,81,36
54,0,54,0
0,184,184,128
12,0,12,0
0,21,21,12
29,0,29,0
0,22,22,2
338,0,338,0
0,442,442,83
458,0,458,0
282,0,282,0
0,349,349,21
336,0,336,0
2,0,2,0
0,1427,1427,91
1,0,1,0
0,225,225,21
188,0,188,0
0,97,97,13
77,0,77,0
0,1155,1155,29
63,0,63,0
625,0,625,0
0,381,381,31
248,0,248,0
22,0,22,0
0,1217,1217,179
0,35,35,50
89,0,89,0
0,166,166,15
221,0,221,0
0,108,108,22
42,0,42,0
0,149,149,75
152,0,152,0
0,121,121,8
9,0,9,0
0,57,57,3
88,0,88,0
0,47,47,39
47,0,47,0
0,556,556,15
1116,0,1116,0
0,211,211,45
102,0,102,0
0,5,5,5
6,0,6,0
0,322,322,72
11,0,11,0
0,48,48,0
163,0,163,0
49,0,49,0
0,787,787,129
685,0,685,0
102,0,102,0
0,47,47,26
0,1024,1024,62
289,0,289,0
0,618,618,12
539,0,539,0
0,1033,1033,0
1031,0,1031,0
0,29,29,59
427,0,427,0
0,34,34,5
217,0,217,0
0,1763,1763,37
2468,0,2468,0
0,24,24,8
36,0,36,0
0,11,11,0
37,0,37,0
0,8,8,2
185,0,185,0
0,2246,2246,75
2169,0,2169,0
0,205,205,14
141,0,141,0
382,0,382,0
24,0,24,0
0,39,39,10
17,0,17,0
0,263,263,10
92,0,92,0
12,0,12,0
0,10,10,7
57,0,57,0
0,27,27,27
1,0,1,0
3,0,3,0
0,312,312,54
1,0,1,0
0,1548,1548,6
3,0,3,0
0,806,806,89
761,0,761,0
0,465,465,117
68,0,68,0
0,440,440,52
69,0,69,0
0,22,22,1
85,0,85,0
0,1801,1801,21
65,0,65,0
17,0,17,0
0,32,32,23
13,0,13,0
0,84,84,10
76,0,76,0
0,505,505,60
89,0,89,0
0,389,389,41
416,0,416,0
0,95,95,41
141,0,141,0
0,419,419,12
447,0,447,0
0,86,86,54
3,0,3,0
0,207,207,16
189,0,189,0
0,95,95,105
77,0,77,0
0,80,80,35
126,0,126,0
0,117,117,3
82,0,82,0
0,276,276,55
12,0,12,0
38,0,38,0
0,30,30,0
8,0,8,0
0,78,78,33
85,0,85,0
0,656,656,17
623,0,623,0
0,114,114,74
162,0,162,0
34,0,34,0
0,108,108,5
76,0,76,0
214,0,214,0
0,11,11,45
9,0,9,0
0,11,11,7
25,0,25,0
0,250,250,39
95,0,95,0
0,52,52,109
63,0,63,0
0,217,217,13
198,0,198,0
0,1163,1163,133
18,0,18,0
0,107,107,12
22,0,22,0
0,226,226,13
1,0,1,0
0,8,8,21
668,0,668,0
0,13,13,11
69,0,69,0
0,9,9,2
73,0,73,0
47,0,47,0
0,54,54,2
374,0,374,0
0,222,222,30
95,0,95,0
0,455,455,66
489,0,489,0
0,317,317,25
69,0,69,0
0,74,74,16
3,0,3,0
2,0,2,0
0,179,179,69
46,0,46,0
0,131,131,6
4,0,4,0
0,213,213,25
166,0,166,0
0,364,364,12
1,0,1,0
0,2329,2329,6
2185,0,2185,0
1378,0,1378,0
0,89,89,89
20,0,20,0
0,210,210,26
50,0,50,0
0,390,390,36
540,0,540,0
0,63,63,24
6,0,6,0
0,708,708,21
708,0,708,0
0,38,38,81
6,0,6,0
0,267,267,23
283,0,283,0
0,1342,1342,129
139,0,139,0
64,0,64,0
0,1,1,2
104,0,104,0
4,0,4,0
55,0,55,0
0,15,15,4
0,538,538,79
277,0,277,0
0,242,242,48
94,0,94,0
113,0,113,0
0,126,126,15
559,0,559,0
0,497,497,11
62,0,62,0
0,16,16,6
14,0,14,0
0,65,65,2
66,0,66,0
0,82,82,12
0,126,126,15
147,0,147,0
331,0,331,0
0,128,128,23
203,0,203,0
0,721,721,2
0,328,328,50
3424,0,3424,0
25,0,25,0
58,0,58,0
0,221,221,35
2,0,2,0
0,141,141,10
18,0,18,0
0,809,809,7
0,465,465,4
47,0,47,0
0,118,118,27
113,0,113,0
0,106,106,90
9,0,9,0
0,80,80,36
2,0,2,0
0,444,444,27
438,0,438,0
0,1182,1182,3
292,0,292,0
0,144,144,71
171,0,171,0
0,718,718,20
412,0,412,0
0,9,9,33
400,0,400,0
199,0,199,0
0,98,98,48
25,0,25,0
0,66,66,22
99,0,99,0
74,0,74,0
0,5,5,53
0,417,417,66
400,0,400,0
0,1758,1758,8
15,0,15,0
0,476,476,81
2,0,2,0
4,0,4,0
0,62,62,65
0,404,404,24
130,0,130,0
59,0,59,0
13,0,13,0
0,213,213,180
1587,0,1587,0
0,415,415,38
133,0,133,0
154,0,154,0
0,685,685,29
0,712,712,64
0,249,249,52
429,0,429,0
0,3,3,4
3,0,3,0
0,59,59,9
26,0,26,0
0,7,7,2
0,129,129,65
209,0,209,0
0,25,25,3
7,0,7,0
235,0,235,0
0,4,4,0
1,0,1,0
0,57,57,3
7,0,7,0
0,299,299,32
13,0,13,0
0,316,316,62
26,0,26,0
0,53,53,63
45,0,45,0
845,0,845,0
0,52,52,21
568,0,568,0
695,0,695,0
4,0,4,0
1,0,1,0
0,6,6,22
0,233,233,1
64,0,64,0
0,63,63,0
448,0,448,0
17,0,17,0
0,362,362,44
228,0,228,0
0,49,49,30
32,0,32,0
0,143,143,33
144,0,144,0
18,0,18,0
0,489,489,118
505,0,505,0
0,156,156,61
218,0,218,0
0,65,65,82
125,0,125,0
0,104,104,58
32,0,32,0
0,34,34,79
173,0,173,0
0,318,318,11
629,0,629,0
17,0,17,0
0,37,37,77
4,0,4,0
0,147,147,20
5,0,5,0
0,347,347,31
52,0,52,0
0,8,8,0
3,0,3,0
0,77,77,11
11,0,11,0
0,130,130,1
28,0,28,0
0,42,42,7
13,0,13,0
0,118,118,11
374,0,374,0
0,186,186,40
36,0,36,0
298,0,298,0
0,260,260,110
38,0,38,0
0,71,71,4
16,0,16,0
0,107,107,5
34,0,34,0
331,0,331,0
87,0,87,0
853,0,853,0
36,0,36,0
0,182,182,17
0,909,909,92
38,0,38,0
0,26,26,124
11,0,11,0
0,1235,1235,103
46,0,46,0
801,0,801,0
0,1122,1122,274
80,0,80,0
0,281,281,155
171,0,171,0
0,3,3,4
36,0,36,0
0,251,251,44
162,0,162,0
0,129,129,7
289,0,289,0
0,1186,1186,5
4,0,4,0
0,13,13,5
654,0,654,0
0,50,50,90
37,0,37,0
0,15,15,20
195,0,195,0
0,72,72,9
130,0,130,0
23,0,23,0
0,140,140,3
20,0,20,0
0,326,326,51
167,0,167,0
6,0,6,0
0,508,508,8
506,0,506,0
0,226,226,15
4,0,4,0
0,22,22,4
1104,0,1104,0
133,0,133,0
0,97,97,89
0,928,928,20
892,0,892,0
130,0,130,0
0,67,67,58
4,0,4,0
0,430,430,9
599,0,599,0
0,39,39,15
40,0,40,0
0,121,121,12
15,0,15,0
263,0,263,0
0,273,273,19
0,413,413,36
424,0,424,0
0,215,215,30
148,0,148,0
0,2,2,17
143,0,143,0
200,0,200,0
0,301,301,1
1,0,1,0
0,125,125,22
8618,0,8618,0
0,40,40,12
17,0,17,0
0,455,455,12
527,0,527,0
0,1018,1018,8
238,0,238,0
0,864,864,70
558,0,558,0
0,882,882,313
1,0,1,0
0,32,32,4
64,0,64,0
0,100,100,66
103,0,103,0
0,269,269,16
114,0,114,0
0,142,142,16
219,0,219,0
0,456,456,14
510,0,510,0
0,439,439,23
129,0,129,0
0,1717,1717,8
832,0,832,0
0,1400,1400,9
1227,0,1227,0
0,412,412,86
17,0,17,0
0,29,29,23
9,0,9,0
0,354,354,19
0,199,199,22
349,0,349,0
75,0,75,0
0,327,327,13
100,0,100,0
0,28,28,24
30,0,30,0
0,87,87,6
43,0,43,0
0,145,145,6
173,0,173,0
0,54,54,3
737,0,737,0
0,38,38,40
74,0,74,0
187,0,187,0
0,25,25,27
45,0,45,0
0,108,108,61
270,0,270,0
94,0,94,0
0,421,421,12
389,0,389,0
0,103,103,12
112,0,112,0
0,11,11,8
108,0,108,0
0,1213,1213,93
453,0,453,0
0,63,63,9
86,0,86,0
0,140,140,0
55,0,55,0
268,0,268,0
210,0,210,0
0,88,88,36
17,0,17,0
124,0,124,0
0,100,100,141
0,410,410,55
283,0,283,0
0,234,234,1
44,0,44,0
0,219,219,1
1315,0,1315,0
0,135,135,34
207,0,207,0
0,57,57,5
121,0,121,0
56,0,56,0
0,340,340,9
491,0,491,0
0,375,375,18
217,0,217,0
122,0,122,0
0,50,50,11
48,0,48,0
2,0,2,0
0,82,82,4
0,1405,1405,52
757,0,757,0
0,907,907,30
926,0,926,0
0,54,54,0
132,0,132,0
0,19,19,9
14,0,14,0
0,173,173,28
133,0,133,0
73,0,73,0
0,17,17,11
0,77,77,67
36,0,36,0
0,93,93,65
39,0,39,0
0,57,57,3
14,0,14,0
2,0,2,0
0,104,104,11
2,0,2,0
0,118,118,14
294,0,294,0
0,173,173,17
122,0,122,0
0,624,624,86
338,0,338,0
553,0,553,0
0,53,53,56
2,0,2,0
0,20,20,58
8,0,8,0
0,157,157,0
1369,0,1369,0
0,667,667,27
534,0,534,0
0,19,19,15
4,0,4,0
0,762,762,50
681,0,681,0
0,5907,5907,78
350,0,350,0
0,9,9,2
6,0,6,0
64,0,64,0
0,73,73,8
1,0,1,0
144,0,144,0
0,66,66,6
54,0,54,0
0,204,204,0
235,0,235,0
0,406,406,42
104,0,104,0
0,22,22,3
15,0,15,0
0,64,64,17
198,0,198,0
0,242,242,79
273,0,273,0
0,118,118,17
103,0,103,0
0,44,44,24
478,0,478,0
0,106,106,4
79,0,79,0
12,0,12,0
0,849,849,40
146,0,146,0
0,160,160,27
177,0,177,0
402,0,402,0
0,292,292,33
0,136,136,1
338,0,338,0
223,0,223,0
0,329,329,79
41,0,41,0
0,353,353,68
382,0,382,0
0,1803,1803,48
689,0,689,0
0,17,17,3
267,0,267,0
6,0,6,0
0,152,152,38
141,0,141,0
0,64,64,3
55,0,55,0
0,20,20,2
2,0,2,0
0,41,41,15
1,0,1,0
0,488,488,21
483,0,483,0
0,1400,1400,48
1183,0,1183,0
0,69,69,30
566,0,566,0
0,28,28,11
16,0,16,0
0,197,197,16
220,0,220,0
0,1606,1606,15
2095,0,2095,0
0,73,73,219
107,0,107,0
0,270,270,123
223,0,223,0
0,335,335,31
0,91,91,34
32,0,32,0
172,0,172,0
0,65,65,21
448,0,448,0
0,100,100,76
483,0,483,0
0,326,326,17
264,0,264,0
0,3608,3608,35
2623,0,2623,0
0,115,115,13
105,0,105,0
266,0,266,0
0,253,253,12
0,2,2,75
1,0,1,0
0,170,170,0
141,0,141,0
0,688,688,39
456,0,456,0
0,618,618,39
855,0,855,0
45,0,45,0
0,57,57,1
55,0,55,0
0,759,759,14
741,0,741,0
0,5,5,7
15,0,15,0
0,179,179,25
218,0,218,0
0,171,171,18
40,0,40,0
0,393,393,77
89,0,89,0
0,156,156,100
188,0,188,0
0,3,3,33
5,0,5,0
586,0,586,0
0,193,193,17
33,0,33,0
0,175,175,146
223,0,223,0
0,1016,1016,15
8,0,8,0
0,193,193,6
197,0,197,0
0,1022,1022,42
965,0,965,0
0,26,26,3
86,0,86,0
925,0,925,0
0,3901,3901,27
16,0,16,0
0,387,387,22
321,0,321,0
0,291,291,25
2,0,2,0
0,410,410,84
341,0,341,0
0,858,858,35
764,0,764,0
19,0,19,0
0,214,214,62
255,0,255,0
66,0,66,0
0,39,39,32
0,1000,1000,32
813,0,813,0
20,0,20,0
0,19,19,7
4,0,4,0
0,176,176,128
275,0,275,0
0,39,39,78
16,0,16,0
0,58,58,45
54,0,54,0
0,188,188,73
166,0,166,0
0,84,84,0
0,8,8,4
175,0,175,0
36,0,36,0
0,4,4,8
3,0,3,0
0,4,4,0
63,0,63,0
0,165,165,149
181,0,181,0
13,0,13,0
246,0,246,0
0,119,119,77
12,0,12,0
105,0,105,0
0,114,114,5
105,0,105,0
0,67,67,35
9,0,9,0
0,85,85,64
28,0,28,0
0,445,445,29
6,0,6,0
0,279,279,258
7,0,7,0
151,0,151,0
0,213,213,42
0,179,179,5
50,0,50,0
519,0,519,0
105,0,105,0
0,49,49,82
13,0,13,0
0,164,164,47
31,0,31,0
83,0,83,0
0,1,1,2
58,0,58,0
24,0,24,0
53,0,53,0
0,43,43,13
0,161,161,51
884,0,884,0
0,145,145,4
90,0,90,0
0,8,8,15
11,0,11,0
0,13,13,0
14,0,14,0
0,183,183,14
310,0,310,0
133,0,133,0
0,125,125,125
102,0,102,0
0,69,69,18
91,0,91,0
12,0,12,0
1229,0,1229,0
0,1014,1014,104
0,211,211,80
262,0,262,0
0,3,3,11
0,45,45,4
47,0,47,0
0,87,87,8
98,0,98,0
0,1,1,1
26,0,26,0
85,0,85,0
684,0,684,0
0,134,134,7
134,0,134,0
0,56,56,82
1,0,1,0
0,108,108,14
88,0,88,0
0,10,10,6
149,0,149,0
135,0,135,0
0,127,127,60
0,986,986,140
0,190,190,146
78,0,78,0
1,0,1,0
0,24,24,2
1,0,1,0
0,567,567,50
460,0,460,0
0,59,59,1
1,0,1,0
0,27,27,19
405,0,405,0
0,472,472,26
8,0,8,0
0,60,60,48
4,0,4,0
5,0,5,0
0,49,49,14
333,0,333,0
0,716,716,25
0,221,221,8
233,0,233,0
55,0,55,0
2,0,2,0
0,1517,1517,6
1531,0,1531,0
0,2,2,8
19,0,19,0
453,0,453,0
0,971,971,6
74,0,74,0
0,655,655,23
633,0,633,0
0,93,93,17
28,0,28,0
0,84,84,55
12,0,12,0
0,46,46,10
61,0,61,0
0,72,72,131
22,0,22,0
0,46,46,96
27,0,27,0
0,10,10,0
0,386,386,43
323,0,323,0
0,3,3,0
1174,0,1174,0
0,123,123,57
48,0,48,0
0,245,245,5
1,0,1,0
0,75,75,1
29,0,29,0
1,0,1,0
0,88,88,10
122,0,122,0
0,5,5,4
834,0,834,0
0,672,672,36
0,17,17,0
465,0,465,0
9,0,9,0
0,63,63,2
42,0,42,0
49,0,49,0
0,100,100,13
0,5,5,53
528,0,528,0
0,1424,1424,4
38,0,38,0
0,32,32,21
1,0,1,0
0,3874,3874,65
1952,0,1952,0
0,65,65,10
9,0,9,0
0,5,5,4
3,0,3,0
0,7,7,43
8,0,8,0
37,0,37,0
0,34,34,19
1,0,1,0
0,849,849,9
400,0,400,0
68,0,68,0
0,2,2,21
35,0,35,0
0,300,300,46
38,0,38,0
75,0,75,0
0,362,362,18
0,8,8,33
80,0,80,0
0,284,284,11
284,0,284,0
0,324,324,46
194,0,194,0
13,0,13,0
0,729,729,55
106,0,106,0
0,15,15,2
22,0,22,0
42,0,42,0
686,0,686,0
0,210,210,24
108,0,108,0
0,425,425,62
335,0,335,0
0,76,76,0
5,0,5,0
0,10,10,50
141,0,141,0
0,42,42,1
19,0,19,0
265,0,265,0
0,414,414,67
0,135,135,19
287,0,287,0
60,0,60,0
0,94,94,6
1,0,1,0
0,12,12,2
13,0,13,0
15,0,15,0
0,23,23,17
39,0,39,0
76,0,76,0
0,342,342,15
30,0,30,0
13,0,13,0
0,48,48,4
0,569,569,2
165,0,165,0
779,0,779,0
0,8,8,39
3,0,3,0
158,0,158,0
0,780,780,3
115,0,115,0
0,44,44,24
442,0,442,0
0,424,424,45
357,0,357,0
0,21,21,18
396,0,396,0
0,49,49,46
397,0,397,0
0,2,2,39
75,0,75,0
102,0,102,0
0,20,20,10
38,0,38,0
0,93,93,21
44,0,44,0
0,185,185,85
128,0,128,0
0,298,298,77
292,0,292,0
0,3382,3382,7
2864,0,2864,0
0,19,19,0
5,0,5,0
4,0,4,0
0,18,18,5
5,0,5,0
0,361,361,6
5,0,5,0
0,214,214,3
185,0,185,0
0,4,4,21
6,0,6,0
0,250,250,12
190,0,190,0
0,64,64,12
10,0,10,0
27,0,27,0
0,141,141,1
162,0,162,0
0,52,52,3
9,0,9,0
139,0,139,0
0,408,408,23
191,0,191,0
0,12,12,2
183,0,183,0
0,1399,1399,112
1320,0,1320,0
0,557,557,6
577,0,577,0
0,113,113,23
368,0,368,0
0,395,395,27
46,0,46,0
0,416,416,5
26,0,26,0
0,68,68,4
0,126,126,1
106,0,106,0
59,0,59,0
253,0,253,0
0,49,49,10
2,0,2,0
0,91,91,43
172,0,172,0
83,0,83,0
0,127,127,26
78,0,78,0
0,63,63,33
81,0,81,0
0,1201,1201,39
1504,0,1504,0
0,202,202,4
498,0,498,0
0,3,3,24
1,0,1,0
0,15,15,2
0,18,18,1
372,0,372,0
6,0,6,0
0,918,918,183
2,0,2,0
0,326,326,88
34,0,34,0
0,112,112,15
111,0,111,0
1,0,1,0
3,0,3,0
0,81,81,1
78,0,78,0
0,438,438,26
12,0,12,0
0,6,6,3
144,0,144,0
0,2,2,77
9,0,9,0
0,96,96,19
71,0,71,0
0,1,1,3
3,0,3,0
0,169,169,44
443,0,443,0
0,86,86,5
7,0,7,0
0,77,77,4
695,0,695,0
0,2,2,10
1,0,1,0
0,578,578,50
258,0,258,0
0,59,59,54
129,0,129,0
0,223,223,30
12,0,12,0
0,96,96,18
543,0,543,0
0,60,60,27
68,0,68,0
0,275,275,88
10,0,10,0
79,0,79,0
0,415,415,98
2,0,2,0
0,256,256,29
9,0,9,0
0,316,316,5
311,0,311,0
0,161,161,24
277,0,277,0
0,3,3,6
2456,0,2456,0
2,0,2,0
0,212,212,21
159,0,159,0
37,0,37,0
0,154,154,14
42,0,42,0
0,14,14,12
22,0,22,0
0,185,185,79
161,0,161,0
0,4,4,13
1,0,1,0
0,162,162,12
302,0,302,0
0,237,237,41
3,0,3,0
13,0,13,0
11,0,11,0
0,68,68,30
87,0,87,0
64,0,64,0
0,519,519,50
283,0,283,0
0,38,38,17
211,0,211,0
3,0,3,0
0,51,51,35
7,0,7,0
0,39,39,34
91,0,91,0
69,0,69,0
0,43,43,19
488,0,488,0
0,119,119,27
36,0,36,0
0,13,13,65
15,0,15,0
0,223,223,55
43,0,43,0
0,43,43,4
103,0,103,0
0,143,143,6
7,0,7,0
63,0,63,0
0,207,207,10
6,0,6,0
0,1,1,7
0,288,288,106
16,0,16,0
2,0,2,0
0,124,124,33
107,0,107,0
0,19,19,3
1,0,1,0
412,0,412,0
0,43,43,5
13,0,13,0
78,0,78,0
0,199,199,32
158,0,158,0
0,165,165,44
64,0,64,0
0,55,55,21
456,0,456,0
0,154,154,21
65,0,65,0
704,0,704,0
0,1745,1745,27
783,0,783,0
0,101,101,44
43,0,43,0
0,387,387,18
268,0,268,0
0,126,126,17
500,0,500,0
0,482,482,7
55,0,55,0
27,0,27,0
0,148,148,70
1,0,1,0
0,236,236,6
284,0,284,0
1,0,1,0
0,107,107,72
0,70,70,6
629,0,629,0
0,22,22,77
138,0,138,0
0,84,84,7
291,0,291,0
0,706,706,93
296,0,296,0
0,602,602,23
250,0,250,0
0,489,489,8
267,0,267,0
0,46,46,3
40,0,40,0
87,0,87,0
0,157,157,4
73,0,73,0
0,91,91,32
43,0,43,0
0,403,403,16
121,0,121,0
0,607,607,1
934,0,934,0
0,3,3,6
29,0,29,0
0,267,267,32
226,0,226,0
0,550,550,56
54,0,54,0
0,520,520,1
481,0,481,0
0,104,104,30
75,0,75,0
0,27,27,4
1,0,1,0
0,33,33,38
12,0,12,0
0,1416,1416,356
51,0,51,0
0,883,883,73
288,0,288,0
0,264,264,6
4,0,4,0
0,849,849,87
690,0,690,0
0,97,97,80
85,0,85,0
0,132,132,19
7,0,7,0
6,0,6,0
44,0,44,0
0,263,263,54
258,0,258,0
0,403,403,27
1300,0,1300,0
0,16,16,2
12,0,12,0
538,0,538,0
0,393,393,43
364,0,364,0
1715,0,1715,0
1,0,1,0
10,0,10,0
0,133,133,20
26,0,26,0
169,0,169,0
11,0,11,0
0,845,845,28
0,119,119,70
1374,0,1374,0
0,58,58,20
0,878,878,32
633,0,633,0
0,265,265,15
207,0,207,0
0,40,40,13
513,0,513,0
0,20,20,41
330,0,330,0
62,0,62,0
12,0,12,0
0,15,15,20
157,0,157,0
0,163,163,20
1207,0,1207,0
0,1051,1051,196
779,0,779,0
0,200,200,4
215,0,215,0
0,31,31,15
50,0,50,0
0,9,9,11
302,0,302,0
0,174,174,53
111,0,111,0
0,143,143,89
2,0,2,0
0,85,85,6
4,0,4,0
34,0,34,0
44,0,44,0
0,356,356,30
1,0,1,0
0,634,634,18
640,0,640,0
547,0,547,0
1,0,1,0
2,0,2,0
0,10,10,16
66,0,66,0
0,88,88,80
1,0,1,0
2,0,2,0
36,0,36,0
0,119,119,9
0,118,118,13
0,251,251,4
2,0,2,0
0,6,6,4
141,0,141,0
0,114,114,10
79,0,79,0
166,0,166,0
0,101,101,19
135,0,135,0
0,652,652,126
1293,0,1293,0
14,0,14,0
0,182,182,219
1,0,1,0
12,0,12,0
0,90,90,2
268,0,268,0
0,5,5,4
888,0,888,0
94,0,94,0
19,0,19,0
0,34,34,66
51,0,51,0
0,901,901,6
455,0,455,0
0,160,160,12
89,0,89,0
0,176,176,56
153,0,153,0
0,362,362,19
308,0,308,0
0,55,55,34
253,0,253,0
0,1789,1789,13
441,0,441,0
6,0,6,0
0,31,31,25
69,0,69,0
0,39,39,60
11,0,11,0
0,433,433,12
997,0,997,0
0,328,328,64
1,0,1,0
0,60,60,10
53,0,53,0
0,203,203,7
1,0,1,0
0,67,67,9
73,0,73,0
0,93,93,1
9,0,9,0
0,1777,1777,230
1627,0,1627,0
720,0,720,0
0,84,84,3
74,0,74,0
46,0,46,0
0,1,1,6
0,265,265,27
230,0,230,0
0,119,119,8
259,0,259,0
0,936,936,2
1103,0,1103,0
0,25,25,5
19,0,19,0
0,74,74,5
63,0,63,0
217,0,217,0
37,0,37,0
0,128,128,12
34,0,34,0
4,0,4,0
0,62,62,3
87,0,87,0
5,0,5,0
0,258,258,197
396,0,396,0
0,385,385,29
832,0,832,0
0,203,203,17
9,0,9,0
0,200,200,6
0,8,8,11
116,0,116,0
11,0,11,0
0,774,774,29
0,166,166,50
1,0,1,0
798,0,798,0
0,226,226,45
30,0,30,0
0,89,89,60
0,490,490,11
439,0,439,0
16,0,16,0
0,1,1,8
0,21,21,30
3,0,3,0
0,158,158,10
116,0,116,0
0,365,365,115
10,0,10,0
120,0,120,0
0,538,538,383
8,0,8,0
0,573,573,18
561,0,561,0
356,0,356,0
0,51,51,0
38,0,38,0
0,84,84,20
0,351,351,37
64,0,64,0
242,0,242,0
305,0,305,0
0,1219,1219,64
298,0,298,0
0,24,24,3
6,0,6,0
0,82,82,43
155,0,155,0
0,390,390,13
569,0,569,0
0,605,605,72
174,0,174,0
0,646,646,21
241,0,241,0
82,0,82,0
0,8,8,11
17,0,17,0
0,120,120,8
134,0,134,0
0,474,474,33
385,0,385,0
0,137,137,24
0,50,50,46
158,0,158,0
1,0,1,0
0,230,230,10
256,0,256,0
0,36,36,32
104,0,104,0
0,98,98,19
0,178,178,100
682,0,682,0
0,556,556,24
112,0,112,0
102,0,102,0
4,0,4,0
0,2,2,54
42,0,42,0
0,56,56,8
12,0,12,0
0,15,15,0
332,0,332,0
0,69,69,0
3,0,3,0
2,0,2,0
37,0,37,0
51,0,51,0
0,887,887,39
0,283,283,15
967,0,967,0
79,0,79,0
0,299,299,15
251,0,251,0
0,146,146,16
503,0,503,0
0,2545,2545,11
703,0,703,0
41,0,41,0
0,154,154,6
149,0,149,0
0,1456,1456,100
1647,0,1647,0
0,170,170,9
1105,0,1105,0
0,182,182,19
180,0,180,0
0,422,422,31
394,0,394,0
0,128,128,63
0,683,683,28
186,0,186,0
190,0,190,0
0,71,71,22
72,0,72,0
0,132,132,16
1,0,1,0
0,339,339,16
257,0,257,0
22,0,22,0
0,466,466,18
422,0,422,0
126,0,126,0
0,215,215,70
0,65,65,8
236,0,236,0
0,188,188,35
27,0,27,0
1,0,1,0
0,162,162,29
84,0,84,0
0,11,11,4
220,0,220,0
0,29,29,20
134,0,134,0
0,65,65,13
14,0,14,0
0,673,673,40
209,0,209,0
0,436,436,38
5,0,5,0
0,13,13,10
5,0,5,0
0,1154,1154,33
877,0,877,0
5,0,5,0
0,596,596,71
1166,0,1166,0
0,371,371,6
0,917,917,56
369,0,369,0
0,189,189,40
16,0,16,0
0,194,194,40
194,0,194,0
1019,0,1019,0
96,0,96,0
89,0,89,0
233,0,233,0
0,331,331,8
0,113,113,31
183,0,183,0
0,7,7,2
124,0,124,0
0,274,274,24
78,0,78,0
0,475,475,15
332,0,332,0
76,0,76,0
0,267,267,42
242,0,242,0
0,65,65,10
8,0,8,0
0,522,522,84
88,0,88,0
0,205,205,13
26,0,26,0
0,445,445,12
7,0,7,0
0,512,512,29
165,0,165,0
0,232,232,50
72,0,72,0
0,363,363,231
116,0,116,0
52,0,52,0
2,0,2,0
0,15,15,5
0,339,339,17
504,0,504,0
15,0,15,0
1,0,1,0
0,26,26,159
4,0,4,0
0,286,286,7
402,0,402,0
0,59,59,16
0,2,2,79
20,0,20,0
12,0,12,0
0,981,981,12
434,0,434,0
28,0,28,0
0,46,46,7
27,0,27,0
163,0,163,0
0,2518,2518,188
0,661,661,3
321,0,321,0
3,0,3,0
0,4363,4363,85
3866,0,3866,0
0,53,53,16
19,0,19,0
0,1130,1130,7
1080,0,1080,0
0,45,45,42
370,0,370,0
0,15,15,11
5,0,5,0
0,137,137,33
10,0,10,0
0,64,64,12
2,0,2,0
0,403,403,5
362,0,362,0
0,157,157,4
12,0,12,0
75,0,75,0
0,967,967,55
927,0,927,0
0,51,51,1
28,0,28,0
0,4,4,2
30,0,30,0
0,1044,1044,36
183,0,183,0
0,30,30,21
32,0,32,0
0,16,16,8
18,0,18,0
0,19,19,71
59,0,59,0
0,559,559,62
273,0,273,0
0,368,368,2
305,0,305,0
0,244,244,42
26,0,26,0
0,80,80,10
182,0,182,0
0,49,49,47
34,0,34,0
0,335,335,4
137,0,137,0
91,0,91,0
0,1601,1601,66
1150,0,1150,0
0,503,503,43
578,0,578,0
6,0,6,0
0,285,285,9
172,0,172,0
0,899,899,35
957,0,957,0
23,0,23,0
0,228,228,28
78,0,78,0
0,230,230,18
0,322,322,23
2,0,2,0
0,33,33,21
46,0,46,0
0,398,398,23
151,0,151,0
0,1,1,2
124,0,124,0
0,50,50,2
4,0,4,0
0,237,237,53
634,0,634,0
0,748,748,63
810,0,810,0
0,153,153,1
25,0,25,0
128,0,128,0
28,0,28,0
0,687,687,32
456,0,456,0
0,123,123,60
456,0,456,0
3,0,3,0
0,563,563,52
634,0,634,0
0,8,8,81
38,0,38,0
0,47,47,65
1,0,1,0
0,228,228,22
153,0,153,0
27,0,27,0
0,196,196,28
0,429,429,54
435,0,435,0
289,0,289,0
0,409,409,0
258,0,258,0
0,251,251,17
0,298,298,72
161,0,161,0
93,0,93,0
0,176,176,4
29,0,29,0
78,0,78,0
0,1500,1500,96
0,2,2,3
570,0,570,0
0,372,372,73
369,0,369,0
0,46,46,8
37,0,37,0
0,108,108,43
92,0,92,0
0,2,2,42
153,0,153,0
0,221,221,7
190,0,190,0
88,0,88,0
0,180,180,39
199,0,199,0
1003,0,1003,0
0,10,10,8
8,0,8,0
0,10,10,15
7,0,7,0
0,706,706,5
0,1406,1406,53
24,0,24,0
0,154,154,54
41,0,41,0
0,23,23,19
6,0,6,0
0,161,161,0
63,0,63,0
0,186,186,0
168,0,168,0
0,576,576,17
512,0,512,0
0,524,524,48
2,0,2,0
1,4087,4088,59
3959,0,3959,0
0,668,668,81
152,0,152,0
0,8,8,14
294,0,294,0
0,18,18,7
15,0,15,0
0,67,67,28
208,0,208,0
0,107,107,4
440,0,440,0
0,279,279,27
123,0,123,0
36,0,36,0
0,651,651,8
0,147,147,5
0,521,521,63
504,0,504,0
0,28,28,1
1006,0,1006,0
0,255,255,44
189,0,189,0
2,0,2,0
0,508,508,34
175,0,175,0
0,343,343,21
18,0,18,0
0,155,155,17
185,0,185,0
0,251,251,34
127,0,127,0
0,217,217,0
130,0,130,0
1016,0,1016,0
0,38,38,0
172,0,172,0
0,634,634,260
750,0,750,0
48,0,48,0
0,239,239,13
182,0,182,0
0,24,24,160
10,0,10,0
0,52,52,3
127,0,127,0
0,41,41,3
11,0,11,0
0,19,19,2
76,0,76,0
0,91,91,5
181,0,181,0
0,26,26,56
29,0,29,0
0,94,94,7
83,0,83,0
0,404,404,17
632,0,632,0
50,0,50,0
0,347,347,18
857,0,857,0
0,11,11,24
9,0,9,0
0,73,73,58
16,0,16,0
0,4,4,4
69,0,69,0
0,376,376,30
81,0,81,0
0,268,268,14
237,0,237,0
0,223,223,20
104,0,104,0
0,139,139,164
231,0,231,0
0,302,302,31
2,0,2,0
28,0,28,0
0,7,7,75
2,0,2,0
0,75,75,33
206,0,206,0
0,24,24,22
2,0,2,0
119,0,119,0
0,12,12,55
5,0,5,0
0,654,654,42
44,0,44,0
211,0,211,0
0,539,539,14
1048,0,1048,0
0,101,101,28
19,0,19,0
0,244,244,37
2,0,2,0
0,203,203,29
138,0,138,0
378,0,378,0
0,173,173,24
20,0,20,0
0,15,15,32
10,0,10,0
106,0,106,0
0,145,145,43
136,0,136,0
0,393,393,1
414,0,414,0
0,194,194,18
197,0,197,0
0,5,5,4
55,0,55,0
0,212,212,21
0,65,65,11
62,0,62,0
205,0,205,0
0,599,599,27
129,0,129,0
188,0,188,0
0,532,532,86
6,0,6,0
0,235,235,34
422,0,422,0
29,0,29,0
0,1139,1139,6
106,0,106,0
0,270,270,63
37,0,37,0
0,537,537,84
29,0,29,0
363,0,363,0
0,501,501,73
13,0,13,0
0,46,46,41
72,0,72,0
0,153,153,51
158,0,158,0
0,39,39,0
235,0,235,0
26,0,26,0
0,144,144,19
154,0,154,0
0,3,3,2
102,0,102,0
0,467,467,13
568,0,568,0
0,22,22,6
2,0,2,0
0,53,53,5
2,0,2,0
0,61,61,42
12,0,12,0
0,150,150,36
0,211,211,55
182,0,182,0
1179,0,1179,0
165,0,165,0
0,191,191,10
12,0,12,0
4,0,4,0
0,589,589,72
38,0,38,0
0,78,78,38
28,0,28,0
0,12,12,63
16,0,16,0
0,135,135,44
0,205,205,33
261,0,261,0
5,0,5,0
0,99,99,28
25,0,25,0
5,0,5,0
0,145,145,1
24,0,24,0
0,130,130,132
230,0,230,0
0,33,33,7
31,0,31,0
0,135,135,5
4,0,4,0
0,213,213,4
118,0,118,0
0,47,47,10
367,0,367,0
279,0,279,0
0,66,66,15
67,0,67,0
0,6,6,6
2,0,2,0
0,140,140,188
14,0,14,0
24,0,24,0
0,504,504,15
636,0,636,0
0,69,69,183
11,0,11,0
0,30,30,63
21,0,21,0
0,197,197,3
6,0,6,0
0,23,23,3
24,0,24,0
0,18,18,1
5,0,5,0
0,79,79,34
292,0,292,0
0,29,29,13
28,0,28,0
0,180,180,0
14,0,14,0
0,1618,1618,50
1594,0,1594,0
0,82,82,59
9,0,9,0
0,18,18,2
0,1443,1443,31
352,0,352,0
312,0,312,0
1,0,1,0
0,762,762,19
654,0,654,0
0,742,742,76
1,0,1,0
0,76,76,85
87,0,87,0
1226,0,1226,0
0,162,162,40
189,0,189,0
0,935,935,198
152,0,152,0
0,221,221,138
93,0,93,0
0,547,547,29
782,0,782,0
0,277,277,16
182,0,182,0
167,0,167,0
0,64,64,27
0,9,9,69
343,0,343,0
0,795,795,66
181,0,181,0
0,107,107,50
108,0,108,0
0,74,74,28
133,0,133,0
0,943,943,100
11,0,11,0
0,37,37,25
376,0,376,0
1,0,1,0
0,10,10,10
2,0,2,0
0,49,49,16
0,895,895,143
1,0,1,0
0,60,60,3
99,0,99,0
278,0,278,0
276,0,276,0
102,0,102,0
2,0,2,0
51,0,51,0
0,149,149,3
77,0,77,0
0,115,115,15
57,0,57,0
0,121,121,17
0,69,69,32
1,0,1,0
1,0,1,0
0,158,158,5
501,0,501,0
0,217,217,14
743,0,743,0
87,0,87,0
255,0,255,0
127,0,127,0
6,0,6,0
0,15,15,2
1,0,1,0
0,4,4,185
18,0,18,0
115,0,115,0
17,0,17,0
369,0,369,0
14,0,14,0
0,30,30,12
101,0,101,0
90,0,90,0
2,0,2,0
51,0,51,0
0,363,363,12
346,0,346,0
0,39,39,29
3,0,3,0
0,30,30,1
1,0,1,0
0,1171,1171,8
227,0,227,0
0,180,180,38
105,0,105,0
55,0,55,0
0,86,86,21
23,0,23,0
0,52,52,115
9,0,9,0
2,0,2,0
0,110,110,82
0,65,65,17
777,0,777,0
0,82,82,34
31,0,31,0
61,0,61,0
0,827,827,35
737,0,737,0
0,11,11,23
25,0,25,0
0,810,810,21
0,29,29,2
929,0,929,0
180,0,180,0
3,0,3,0
284,0,284,0
0,92,92,31
61,0,61,0
0,109,109,115
10,0,10,0
1078,0,1078,0
39,0,39,0
0,102,102,19
99,0,99,0
16,0,16,0
0,22,22,8
21,0,21,0
0,569,569,78
1,0,1,0
131,0,131,0
0,387,387,15
21,0,21,0
0,52,52,30
540,0,540,0
170,0,170,0
0,485,485,22
310,0,310,0
0,61,61,1
15,0,15,0
255,0,255,0
0,480,480,139
213,0,213,0
0,21,21,55
46,0,46,0
0,3634,3634,29
773,0,773,0
0,303,303,55
339,0,339,0
0,140,140,1
113,0,113,0
0,7,7,1
10,0,10,0
0,61,61,9
17,0,17,0
110,0,110,0
0,108,108,40
1,0,1,0
0,54,54,15
438,0,438,0
0,433,433,57
294,0,294,0
0,44,44,38
9,0,9,0
2,0,2,0
0,35,35,33
102,0,102,0
0,93,93,31
60,0,60,0
0,2,2,32
5,0,5,0
108,0,108,0
0,112,112,2
2,0,2,0
0,33,33,61
2,0,2,0
0,126,126,54
127,0,127,0
0,65,65,2
301,0,301,0
8,0,8,0
0,401,401,39
124,0,124,0
0,79,79,33
58,0,58,0
0,363,363,30
20,0,20,0
0,76,76,103
68,0,68,0
240,0,240,0
0,168,168,6
472,0,472,0
0,252,252,87
367,0,367,0
221,0,221,0
330,0,330,0
90,0,90,0
0,81,81,39
172,0,172,0
57,0,57,0
0,243,243,44
62,0,62,0
13,616,629,23
72,0,72,0
0,190,190,15
7,0,7,0
0,211,211,33
7,0,7,0
0,76,76,103
16,0,16,0
253,0,253,0
0,93,93,25
40,0,40,0
0,7,7,6
79,0,79,0
21,0,21,0
3,0,3,0
0,13,13,3
4,0,4,0
0,2,2,88
1,0,1,0
25,0,25,0
0,60,60,0
0,2537,2537,41
1836,0,1836,0
0,58,58,51
28,0,28,0
0,56,56,25
11,0,11,0
35,0,35,0
0,98,98,56
88,0,88,0
17,0,17,0
0,242,242,16
240,0,240,0
17,0,17,0
0,130,130,72
41,0,41,0
0,25,25,4
413,0,413,0
1,0,1,0
0,101,101,2
132,0,132,0
1,0,1,0
0,134,134,17
0,198,198,123
173,0,173,0
0,278,278,36
294,0,294,0
0,18,18,17
1,0,1,0
0,1,1,7
5,0,5,0
0,48,48,8
2,0,2,0
0,424,424,37
417,0,417,0
0,151,151,39
156,0,156,0
0,304,304,16
2346,0,2346,0
0,455,455,12
325,0,325,0
0,366,366,56
32,0,32,0
0,28,28,31
89,0,89,0
1,0,1,0
185,0,185,0
0,919,919,16
0,27,27,1
0,351,351,32
1420,0,1420,0
0,123,123,16
2,0,2,0
268,0,268,0
0,136,136,6
72,0,72,0
0,180,180,68
68,0,68,0
0,57,57,30
290,0,290,0
0,201,201,4
109,0,109,0
0,13,13,7
110,0,110,0
0,154,154,110
340,0,340,0
1,342,343,137
236,0,236,0
1,0,1,0
0,5,5,0
940,0,940,0
0,1391,1391,425
708,0,708,0
8,0,8,0
0,156,156,34
44,0,44,0
25,0,25,0
0,80,80,71
0,52,52,16
231,0,231,0
1,0,1,0
0,40,40,17
123,0,123,0
0,139,139,26
39,0,39,0
0,255,255,17
20,0,20,0
0,283,283,31
167,0,167,0
0,15,15,33
0,232,232,0
175,0,175,0
156,0,156,0
0,304,304,22
239,0,239,0
0,260,260,14
301,0,301,0
16,0,16,0
5,0,5,0
0,86,86,4
110,0,110,0
1029,0,1029,0
30,0,30,0
0,20,20,2
31,0,31,0
0,116,116,9
212,0,212,0
0,190,190,47
57,0,57,0
0,115,115,29
43,0,43,0
0,995,995,29
527,0,527,0
94,0,94,0
0,9,9,0
10,0,10,0
29,0,29,0
286,0,286,0
0,31,31,29
8,0,8,0
0,318,318,54
624,0,624,0
0,32,32,25
4,0,4,0
0,427,427,12
152,0,152,0
116,0,116,0
2,0,2,0
0,104,104,141
25,0,25,0
25,0,25,0
138,0,138,0
0,33,33,11
89,0,89,0
30,0,30,0
0,579,579,107
238,0,238,0
0,66,66,3
0,6,6,2
14,0,14,0
0,353,353,7
0,64,64,41
460,0,460,0
57,0,57,0
43,0,43,0
0,183,183,97
140,0,140,0
0,134,134,40
64,0,64,0
570,0,570,0
0,143,143,44
34,0,34,0
0,77,77,24
72,0,72,0
0,16,16,6
10,0,10,0
6,0,6,0
0,267,267,58
251,0,251,0
0,80,80,29
5,0,5,0
0,84,84,27
94,0,94,0
26,0,26,0
112,0,112,0
0,119,119,2
0,154,154,177
70,0,70,0
0,177,177,93
27,0,27,0
0,424,424,7
1699,0,1699,0
0,218,218,2
516,0,516,0
0,129,129,14
17,0,17,0
0,300,300,4
378,0,378,0
0,117,117,104
116,0,116,0
0,1158,1158,34
123,0,123,0
0,552,552,41
1,0,1,0
0,89,89,20
10,0,10,0
33,0,33,0
0,216,216,19
28,0,28,0
0,11,11,14
1132,0,1132,0
0,71,71,45
61,0,61,0
46,0,46,0
34,0,34,0
0,3,3,2
13,0,13,0
0,186,186,53
245,0,245,0
0,346,346,10
64,0,64,0
0,44,44,31
1,0,1,0
0,7,7,24
2,0,2,0
0,39,39,25
1,0,1,0
0,624,624,18
677,0,677,0
0,275,275,3
37,0,37,0
261,0,261,0
0,294,294,22
0,658,658,50
55,0,55,0
0,253,253,31
144,0,144,0
0,354,354,12
6,0,6,0
0,611,611,0
430,0,430,0
0,27,27,14
54,0,54,0
0,331,331,26
3,0,3,0
24,0,24,0
0,2021,2021,10
0,80,80,114
1996,0,1996,0
139,0,139,0
125,0,125,0
0,425,425,3
0,170,170,97
336,0,336,0
0,282,282,96
0,165,165,19
553,0,553,0
0,153,153,25
2,0,2,0
427,0,427,0
10,0,10,0
0,144,144,66
373,0,373,0
0,86,86,23
145,0,145,0
209,0,209,0
0,622,622,19
711,0,711,0
0,248,248,14
51,0,51,0
38,0,38,0
0,436,436,20
197,0,197,0
470,0,470,0
0,7,7,1
3,0,3,0
21,0,21,0
0,117,117,21
35,0,35,0
0,305,305,21
210,0,210,0
0,79,79,18
291,0,291,0
0,21,21,32
11,0,11,0
1,0,1,0
0,26,26,7
23,0,23,0
0,401,401,6
383,0,383,0
0,136,136,15
0,259,259,26
20,0,20,0
527,0,527,0
200,0,200,0
0,375,375,13
0,1589,1589,51
411,0,411,0
0,74,74,90
16,0,16,0
11,0,11,0
1,0,1,0
0,345,345,35
285,0,285,0
0,723,723,43
486,0,486,0
0,235,235,86
227,0,227,0
0,6,6,8
14,0,14,0
0,64,64,44
9,0,9,0
0,953,953,33
737,0,737,0
0,303,303,17
79,0,79,0
19,0,19,0
52,0,52,0
462,0,462,0
0,123,123,26
7,0,7,0
624,0,624,0
0,174,174,20
33,0,33,0
0,133,133,14
76,0,76,0
172,0,172,0
58,0,58,0
777,0,777,0
58,0,58,0
760,0,760,0
211,0,211,0
0,2,2,0
16,0,16,0
0,48,48,13
12,0,12,0
958,0,958,0
0,237,237,47
24,0,24,0
0,231,231,19
781,0,781,0
0,329,329,38
405,0,405,0
0,106,106,40
29,0,29,0
0,1022,1022,37
2,0,2,0
739,0,739,0
0,322,322,36
1343,0,1343,0
0,341,341,86
18,0,18,0
93,0,93,0
0,124,124,2
222,0,222,0
0,38,38,7
12,0,12,0
0,410,410,31
374,0,374,0
0,329,329,34
108,0,108,0
0,26,26,30
229,0,229,0
0,87,87,15
122,0,122,0
0,16,16,7
623,0,623,0
0,115,115,2
116,0,116,0
22,0,22,0
0,388,388,7
13,0,13,0
0,73,73,32
18,0,18,0
0,520,520,23
205,0,205,0
2,425,427,43
54,0,54,0
0,28,28,10
23,0,23,0
13,0,13,0
0,793,793,39
286,0,286,0
91,0,91,0
23,0,23,0
0,18,18,45
39,0,39,0
90,0,90,0
78,0,78,0
0,6,6,2
181,0,181,0
0,236,236,67
124,0,124,0
0,320,320,33
213,0,213,0
0,7,7,9
84,0,84,0
990,0,990,0
502,0,502,0
0,97,97,1
41,0,41,0
159,0,159,0
216,0,216,0
0,241,241,1
313,0,313,0
3,0,3,0
0,29,29,10
36,0,36,0
212,0,212,0
0,1,1,6
40,0,40,0
0,521,521,21
326,0,326,0
0,100,100,8
45,0,45,0
0,12,12,12
58,0,58,0
0,431,431,164
114,0,114,0
0,123,123,124
27,0,27,0
39,0,39,0
65,0,65,0
0,43,43,9
0,1685,1685,21
3546,0,3546,0
1897,0,1897,0
0,233,233,45
221,0,221,0
14,0,14,0
0,1031,1031,12
943,0,943,0
5,0,5,0
0,41,41,11
35,0,35,0
3,0,3,0
0,210,210,49
248,0,248,0
12,0,12,0
2,0,2,0
0,548,548,31
0,627,627,7
411,0,411,0
13,0,13,0
628,0,628,0
0,238,238,30
3,0,3,0
0,499,499,42
152,0,152,0
0,282,282,112
221,0,221,0
1,0,1,0
0,98,98,0
0,20,20,13
55,0,55,0
329,0,329,0
0,180,180,45
83,0,83,0
0,43,43,26
8,0,8,0
0,1424,1424,0
1435,0,1435,0
0,363,363,23
338,0,338,0
29,0,29,0
0,247,247,10
72,0,72,0
44,0,44,0
9,0,9,0
0,1114,1114,41
67,0,67,0
1,0,1,0
9,0,9,0
22,0,22,0
0,100,100,19
51,0,51,0
0,296,296,61
13,0,13,0
0,447,447,133
251,0,251,0
58,0,58,0
9,0,9,0
23,0,23,0
0,1097,1097,44
243,0,243,0
0,121,121,12
19,0,19,0
0,269,269,7
20,0,20,0
41,0,41,0
33,0,33,0
0,560,560,97
459,0,459,0
0,86,86,8
21,0,21,0
0,62,62,6
63,0,63,0
0,27,27,1
11,0,11,0
0,1177,1177,23
0,277,277,5
460,0,460,0
0,79,79,21
85,0,85,0
0,3741,3741,20
2684,0,2684,0
0,888,888,24
158,0,158,0
0,42,42,69
217,0,217,0
82,0,82,0
0,756,756,143
67,0,67,0
0,339,339,13
363,0,363,0
0,342,342,18
357,0,357,0
0,1218,1218,35
0,53,53,39
36,0,36,0
1,0,1,0
0,259,259,12
15,0,15,0
0,405,405,20
31,0,31,0
0,41,41,4
0,5,5,0
19,0,19,0
0,228,228,0
45,0,45,0
0,563,563,28
430,0,430,0
0,376,376,42
0,130,130,105
127,0,127,0
0,90,90,44
194,0,194,0
0,123,123,50
1,0,1,0
0,274,274,20
30,0,30,0
0,90,90,28
3,0,3,0
0,4,4,17
55,0,55,0
0,1883,1883,331
0,122,122,31
597,0,597,0
0,403,403,1
251,0,251,0
0,19,19,2
232,0,232,0
0,103,103,12
584,0,584,0
359,0,359,0
0,17,17,6
1,0,1,0
0,163,163,6
158,0,158,0
5,0,5,0
0,348,348,64
254,0,254,0
0,465,465,6
287,0,287,0
0,133,133,24
117,0,117,0
0,82,82,15
89,0,89,0
0,428,428,61
1005,0,1005,0
5,0,5,0
0,292,292,76
483,0,483,0
0,320,320,0
5,0,5,0
0,255,255,33
214,0,214,0
120,0,120,0
79,0,79,0
0,95,95,0
20,0,20,0
62,0,62,0
77,0,77,0
0,22,22,6
2,0,2,0
0,4,4,9
30,0,30,0
2,0,2,0
0,232,232,51
14,0,14,0
40,0,40,0
0,59,59,77
55,0,55,0
36,0,36,0
0,15,15,10
84,0,84,0
0,361,361,28
222,0,222,0
0,500,500,7
308,0,308,0
0,233,233,12
4,0,4,0
0,22,22,0
76,0,76,0
83,0,83,0
0,247,247,21
255,0,255,0
182,0,182,0
0,146,146,23
150,0,150,0
301,0,301,0
0,327,327,116
142,0,142,0
13,0,13,0
0,81,81,75
57,0,57,0
0,62,62,8
356,0,356,0
0,246,246,35
140,0,140,0
85,0,85,0
616,0,616,0
0,16,16,68
2,0,2,0
1,0,1,0
0,866,866,7
0,185,185,29
106,0,106,0
674,0,674,0
0,61,61,28
316,0,316,0
0,208,208,5
159,0,159,0
400,0,400,0
0,63,63,2
0,597,597,142
0,785,785,49
56,0,56,0
647,0,647,0
0,25,25,3
432,0,432,0
5,0,5,0
68,0,68,0
93,0,93,0
0,12,12,28
144,0,144,0
0,204,204,41
206,0,206,0
0,56,56,74
59,0,59,0
0,33,33,47
11,0,11,0
0,87,87,25
86,0,86,0
376,0,376,0
0,1795,1795,24
1852,0,1852,0
0,1,1,1
5,0,5,0
63,0,63,0
5,0,5,0
0,27,27,0
0,62,62,22
40,0,40,0
1453,0,1453,0
0,158,158,11
18,0,18,0
0,285,285,85
14,0,14,0
0,173,173,20
174,0,174,0
0,70,70,5
44,0,44,0
0,190,190,11
2,0,2,0
540,0,540,0
138,0,138,0
26,0,26,0
1022,0,1022,0
201,0,201,0
16,0,16,0
74,0,74,0
0,704,704,9
726,0,726,0
629,0,629,0
0,45,45,9
0,1017,1017,30
515,0,515,0
0,35,35,0
53,0,53,0
0,162,162,0
207,0,207,0
0,226,226,33
87,0,87,0
0,110,110,4
165,0,165,0
0,89,89,14
1760,0,1760,0
39,0,39,0
0,40,40,28
0,261,261,34
147,0,147,0
58,0,58,0
61,0,61,0
58,0,58,0
0,277,277,34
103,0,103,0
0,62,62,67
18,0,18,0
62,0,62,0
0,1548,1548,5
1379,0,1379,0
76,0,76,0
0,21,21,34
14,0,14,0
0,656,656,79
111,0,111,0
360,0,360,0
0,292,292,85
282,0,282,0
0,45,45,2
28,0,28,0
149,0,149,0
0,1022,1022,88
0,411,411,47
750,0,750,0
5,0,5,0
0,134,134,51
5,0,5,0
0,140,140,18
10,0,10,0
4,0,4,0
0,32,32,142
76,0,76,0
0,13,13,2
3,0,3,0
1,0,1,0
72,0,72,0
0,45,45,40
5,0,5,0
0,12,12,26
5,0,5,0
0,32,32,19
17,0,17,0
0,131,131,35
17,0,17,0
249,0,249,0
190,0,190,0
323,0,323,0
0,15,15,12
22,0,22,0
0,16,16,33
144,0,144,0
32,0,32,0
141,0,141,0
0,74,74,33
3,0,3,0
0,337,337,55
109,0,109,0
0,2,2,6
1,0,1,0
0,29,29,6
13,0,13,0
0,331,331,14
1005,0,1005,0
310,0,310,0
0,301,301,15
302,0,302,0
0,7,7,37
0,33,33,10
5,0,5,0
0,21,21,106
26,0,26,0
0,488,488,30
45,0,45,0
0,10,10,14
1,0,1,0
0,92,92,21
184,0,184,0
0,10,10,4
85,0,85,0
1,0,1,0
2,5,7,7
1,0,1,0
0,345,345,43
468,0,468,0
0,4,4,0
4,0,4,0
4,0,4,0
1,415,416,100
98,0,98,0
0,2,2,25
0,278,278,23
93,0,93,0
0,143,143,6
96,0,96,0
0,245,245,9
208,0,208,0
0,136,136,83
95,0,95,0
100,0,100,0
978,0,978,0
0,654,654,15
0,163,163,18
831,0,831,0
24,0,24,0
0,77,77,45
37,0,37,0
356,0,356,0
0,150,150,19
82,0,82,0
0,181,181,39
28,0,28,0
0,283,283,61
239,0,239,0
0,57,57,44
42,0,42,0
1,775,776,1
440,0,440,0
0,329,329,45
2,0,2,0
0,192,192,39
0,174,174,6
69,0,69,0
6,0,6,0
0,105,105,44
137,0,137,0
0,13,13,1
471,0,471,0
0,445,445,58
27,0,27,0
0,142,142,4
180,0,180,0
0,314,314,24
1,0,1,0
0,169,169,78
126,0,126,0
0,286,286,16
143,0,143,0
0,235,235,41
0,233,233,37
21,0,21,0
0,211,211,166
11,0,11,0
0,619,619,220
1,0,1,0
0,425,425,38
111,0,111,0
442,0,442,0
0,460,460,50
398,0,398,0
0,96,96,41
61,0,61,0
0,79,79,70
31,0,31,0
0,4,4,0
163,0,163,0
117,0,117,0
0,18,18,8
0,373,373,81
10,0,10,0
206,0,206,0
0,85,85,10
83,0,83,0
1,0,1,0
0,139,139,3
80,0,80,0
0,137,137,221
5,0,5,0
50,0,50,0
0,30,30,89
1,0,1,0
8,0,8,0
0,10,10,1
429,0,429,0
0,94,94,77
0,398,398,22
631,0,631,0
0,240,240,21
0,217,217,2
764,0,764,0
1,0,1,0
52,0,52,0
0,771,771,14
109,0,109,0
0,32,32,15
2,0,2,0
0,340,340,23
154,0,154,0
207,0,207,0
0,50,50,3
24,0,24,0
0,319,319,7
0,144,144,9
125,0,125,0
0,157,157,36
8,0,8,0
41,0,41,0
470,0,470,0
1,0,1,0
0,133,133,29
0,1586,1586,17
641,0,641,0
0,12,12,3
6,0,6,0
0,572,572,1
16,0,16,0
573,0,573,0
0,90,90,4
95,0,95,0
0,111,111,42
116,0,116,0
0,162,162,23
19,0,19,0
0,30,30,32
32,0,32,0
0,431,431,26
804,0,804,0
0,963,963,21
25,0,25,0
0,265,265,114
259,0,259,0
0,356,356,13
216,0,216,0
0,571,571,0
145,0,145,0
0,162,162,49
287,0,287,0
233,0,233,0
46,0,46,0
0,201,201,23
0,874,874,5
0,162,162,0
105,0,105,0
0,64,64,88
50,0,50,0
0,144,144,12
196,0,196,0
0,1205,1205,6
1184,0,1184,0
8,0,8,0
0,387,387,15
34,0,34,0
0,41,41,3
32,0,32,0
0,139,139,55
4,0,4,0
0,2,2,13
122,0,122,0
0,225,225,34
211,0,211,0
198,0,198,0
0,172,172,39
2,0,2,0
0,53,53,2
38,0,38,0
260,0,260,0
1,0,1,0
0,596,596,2
344,0,344,0
0,109,109,48
109,0,109,0
23,0,23,0
0,126,126,0
119,0,119,0
0,671,671,156
1,0,1,0
0,158,158,123
261,0,261,0
0,170,170,122
343,0,343,0
11,0,11,0
41,0,41,0
0,3,3,32
1,0,1,0
0,168,168,38
34,0,34,0
67,0,67,0
210,0,210,0
0,128,128,21
71,0,71,0
0,1494,1494,12
1481,0,1481,0
4,0,4,0
63,0,63,0
0,128,128,156
110,0,110,0
0,405,405,21
233,0,233,0
0,149,149,43
63,0,63,0
155,0,155,0
0,129,129,31
54,0,54,0
0,36,36,38
66,0,66,0
0,13,13,7
6,0,6,0
0,241,241,48
244,0,244,0
0,26,26,35
9,0,9,0
0,46,46,15
12,0,12,0
0,91,91,105
34,0,34,0
1,0,1,0
0,38,38,13
46,0,46,0
0,65,65,10
404,0,404,0
0,11,11,9
548,0,548,0
0,695,695,88
142,0,142,0
2,0,2,0
1,0,1,0
307,0,307,0
0,62,62,11
0,558,558,72
0,157,157,7
69,0,69,0
510,0,510,0
89,0,89,0
0,13,13,2
0,409,409,100
8,0,8,0
0,378,378,6
54,0,54,0
57,0,57,0
0,4,4,34
6,0,6,0
113,0,113,0
0,43,43,2
171,0,171,0
0,70,70,0
38,0,38,0
1,0,1,0
0,1,1,2
30,0,30,0
0,46,46,17
29,0,29,0
1,0,1,0
0,171,171,7
175,0,175,0
1,0,1,0
0,47,47,3
80,0,80,0
32,0,32,0
0,906,906,72
1,0,1,0
98,0,98,0
0,156,156,44
34,0,34,0
0,7,7,8
327,0,327,0
1,0,1,0
2,0,2,0
2,0,2,0
0,598,598,18
590,0,590,0
1,0,1,0
1,0,1,0
0,91,91,26
64,0,64,0
1,0,1,0
0,151,151,0
24,0,24,0
0,426,426,190
70,0,70,0
0,415,415,141
231,0,231,0
0,19,19,13
869,0,869,0
0,168,168,17
191,0,191,0
0,859,859,14
432,0,432,0
0,258,258,19
0,70,70,8
8,0,8,0
0,193,193,102
133,0,133,0
0,28,28,14
13,0,13,0
3,0,3,0
0,211,211,99
189,0,189,0
329,0,329,0
49,0,49,0
0,44,44,3
10,0,10,0
1,0,1,0
0,1258,1258,65
0,535,535,10
666,0,666,0
0,4014,4014,153
2298,0,2298,0
0,66,66,0
360,0,360,0
1,0,1,0
0,63,63,0
305,0,305,0
0,10,10,9
19,0,19,0
0,13,13,9
85,0,85,0
0,4,4,6
214,0,214,0
3,0,3,0
0,6,6,30
46,0,46,0
1,0,1,0
0,352,352,6
357,0,357,0
787,0,787,0
0,313,313,32
383,0,383,0
868,0,868,0
1160,0,1160,0
42,0,42,0
0,113,113,93
24,0,24,0
87,0,87,0
764,0,764,0
33,0,33,0
103,0,103,0
283,0,283,0
0,490,490,23
485,0,485,0
0,49,49,84
0,429,429,56
53,0,53,0
0,67,67,50
35,0,35,0
0,32,32,6
67,0,67,0
0,10,10,65
0,132,132,18
131,0,131,0
0,13,13,14
20,0,20,0
42,0,42,0
0,281,281,34
906,0,906,0
0,24,24,2
0,5,5,13
21,0,21,0
0,473,473,8
358,0,358,0
0,405,405,45
210,0,210,0
1,0,1,0
76,0,76,0
0,145,145,63
0,333,333,56
336,0,336,0
0,856,856,47
321,0,321,0
0,3,3,5
239,0,239,0
0,350,350,41
78,0,78,0
287,0,287,0
353,0,353,0
0,180,180,13
112,0,112,0
0,47,47,1
36,0,36,0
36,0,36,0
0,127,127,5
542,0,542,0
0,76,76,43
3,0,3,0
4,0,4,0
0,549,549,4
46,0,46,0
33,0,33,0
500,0,500,0
2,0,2,0
0,673,673,91
4,0,4,0
0,164,164,13
129,0,129,0
0,250,250,28
206,0,206,0
60,0,60,0
0,290,290,11
192,0,192,0
0,133,133,36
36,0,36,0
0,742,742,25
978,0,978,0
128,0,128,0
0,242,242,12
108,0,108,0
0,3,3,0
131,0,131,0
18,0,18,0
18,0,18,0
2077,0,2077,0
93,0,93,0
1,0,1,0
0,447,447,6
192,0,192,0
0,4,4,29
1,0,1,0
0,230,230,14
0,182,182,17
183,0,183,0
0,148,148,28
176,0,176,0
2,0,2,0
8,0,8,0
240,0,240,0
0,85,85,7
187,0,187,0
1050,0,1050,0
0,189,189,13
455,0,455,0
0,662,662,15
670,0,670,0
1,0,1,0
52,0,52,0
0,1,1,12
0,5,5,5
7,0,7,0
0,545,545,52
1513,0,1513,0
66,0,66,0
0,1507,1507,19
652,0,652,0
0,138,138,1
620,0,620,0
1,0,1,0
75,0,75,0
0,97,97,64
240,0,240,0
0,70,70,17
69,0,69,0
195,0,195,0
9,0,9,0
0,312,312,11
420,0,420,0
0,517,517,4
906,0,906,0
0,23,23,27
7,0,7,0
0,1252,1252,23
309,0,309,0
55,0,55,0
259,0,259,0
0,110,110,10
61,0,61,0
0,194,194,32
125,0,125,0
0,433,433,22
342,0,342,0
0,167,167,17
127,0,127,0
0,357,357,15
807,0,807,0
0,71,71,24
51,0,51,0
0,251,251,19
226,0,226,0
361,0,361,0
0,121,121,67
1,0,1,0
0,307,307,6
31,0,31,0
0,364,364,56
126,0,126,0
0,141,141,19
969,0,969,0
0,555,555,45
43,0,43,0
0,1,1,0
2,0,2,0
0,27,27,7
18,0,18,0
1,0,1,0
13,0,13,0
0,47,47,29
84,0,84,0
0,890,890,26
29,0,29,0
0,606,606,213
334,0,334,0
126,0,126,0
0,16,16,15
14,0,14,0
0,230,230,1
191,0,191,0
70,0,70,0
0,211,211,5
224,0,224,0
29,0,29,0
61,0,61,0
213,0,213,0
0,181,181,18
152,0,152,0
119,0,119,0
1,0,1,0
1,0,1,0
0,109,109,36
82,0,82,0
0,105,105,27
32,0,32,0
0,286,286,22
0,115,115,15
2,0,2,0
0,46,46,9
45,0,45,0
0,26,26,15
193,0,193,0
0,108,108,14
72,0,72,0
0,125,125,94
0,332,332,37
502,0,502,0
0,370,370,44
139,0,139,0
0,187,187,13
170,0,170,0
0,318,318,14
94,0,94,0
0,57,57,8
172,0,172,0
0,56,56,138
192,0,192,0
228,0,228,0
0,3264,3264,2
3270,0,3270,0
0,92,92,31
3,0,3,0
0,562,562,202
43,0,43,0
0,1188,1188,84
27,0,27,0
0,55,55,3
14,0,14,0
0,8,8,2
7,0,7,0
0,74,74,2
59,0,59,0
0,216,216,34
1,0,1,0
0,80,80,0
26,0,26,0
0,29,29,5
24,0,24,0
0,78,78,5
340,0,340,0
13,0,13,0
22,0,22,0
30,0,30,0
0,170,170,25
16,0,16,0
0,81,81,46
147,0,147,0
13,0,13,0
24,0,24,0
31,0,31,0
0,465,465,35
311,0,311,0
0,163,163,50
180,0,180,0
0,40,40,56
19,0,19,0
0,107,107,32
55,0,55,0
0,2,2,11
1,0,1,0
0,211,211,20
2,0,2,0
55,0,55,0
0,181,181,26
578,0,578,0
32,0,32,0
50,0,50,0
977,0,977,0
0,13,13,1
1,0,1,0
0,329,329,15
301,0,301,0
0,196,196,72
30,0,30,0
0,14,14,4
703,0,703,0
17,0,17,0
4,0,4,0
0,384,384,157
172,0,172,0
46,0,46,0
0,282,282,17
210,0,210,0
0,297,297,95
260,0,260,0
40,0,40,0
0,46,46,85
7,0,7,0
0,931,931,29
160,0,160,0
0,452,452,104
0,349,349,64
68,0,68,0
290,0,290,0
1,0,1,0
0,405,405,70
354,0,354,0
0,118,118,8
2,0,2,0
0,555,555,6
17,0,17,0
3,0,3,0
0,376,376,49
308,0,308,0
0,327,327,25
31,0,31,0
0,66,66,3
89,0,89,0
28,0,28,0
0,338,338,36
196,0,196,0
0,116,116,82
0,848,848,68
297,0,297,0
0,82,82,26
21,0,21,0
46,0,46,0
0,150,150,28
17,0,17,0
0,38,38,6
0,159,159,2
0,26,26,9
5,0,5,0
0,76,76,5
77,0,77,0
3,0,3,0
0,418,418,50
9,0,9,0
501,0,501,0
0,182,182,11
278,0,278,0
36,0,36,0
0,123,123,49
134,0,134,0
0,10,10,1
3,0,3,0
0,4,4,34
103,0,103,0
0,762,762,38
741,0,741,0
0,1,1,2
180,0,180,0
0,67,67,37
61,0,61,0
0,318,318,44
20,0,20,0
32,0,32,0
0,432,432,13
67,0,67,0
140,0,140,0
0,1,1,3
10,0,10,0
13,0,13,0
0,264,264,12
165,0,165,0
222,0,222,0
0,22,22,87
112,0,112,0
0,233,233,8
112,0,112,0
90,0,90,0
0,355,355,15
0,3,3,0
7,0,7,0
0,253,253,18
102,0,102,0
0,323,323,50
235,0,235,0
0,260,260,11
239,0,239,0
63,0,63,0
10,0,10,0
92,0,92,0
0,1688,1688,86
1227,0,1227,0
783,0,783,0
0,720,720,178
723,0,723,0
3,0,3,0
4,0,4,0
2,0,2,0
29,0,29,0
0,178,178,43
34,0,34,0
0,46,46,71
0,90,90,23
89,0,89,0
39,0,39,0
24,0,24,0
0,135,135,14
72,0,72,0
2,0,2,0
96,0,96,0
56,0,56,0
0,103,103,44
40,0,40,0
0,23,23,4
23,0,23,0
0,28,28,0
4,0,4,0
0,66,66,49
4,0,4,0
178,0,178,0
0,90,90,16
57,0,57,0
0,13,13,32
0,198,198,78
480,0,480,0
0,129,129,17
57,0,57,0
27,0,27,0
105,0,105,0
11,0,11,0
10,0,10,0
0,92,92,48
43,0,43,0
0,891,891,59
6,0,6,0
0,660,660,107
32,0,32,0
0,24,24,73
5,0,5,0
0,46,46,240
35,0,35,0
0,892,892,20
193,0,193,0
0,109,109,4
211,0,211,0
193,0,193,0
0,59,59,0
14,0,14,0
8,0,8,0
0,133,133,82
4,0,4,0
0,27,27,336
49,0,49,0
0,393,393,32
222,0,222,0
0,484,484,8
712,0,712,0
116,0,116,0
86,0,86,0
0,109,109,3
35,0,35,0
0,19,19,27
19,0,19,0
0,339,339,2
246,0,246,0
0,910,910,7
493,0,493,0
0,323,323,18
261,0,261,0
0,83,83,41
5,0,5,0
0,954,954,6
317,0,317,0
0,224,224,27
322,0,322,0
0,8,8,0
434,0,434,0
0,69,69,21
15,0,15,0
0,304,304,26
233,0,233,0
60,0,60,0
67,0,67,0
0,78,78,18
13,0,13,0
73,0,73,0
49,0,49,0
0,312,312,8
355,0,355,0
31,0,31,0
0,526,526,41
438,0,438,0
225,0,225,0
0,6,6,16
32,0,32,0
0,987,987,22
219,0,219,0
0,29,29,8
2,0,2,0
1,0,1,0
0,208,208,20
2,0,2,0
0,492,492,27
427,0,427,0
0,122,122,0
6,0,6,0
0,34,34,14
370,0,370,0
0,383,383,5
348,0,348,0
53,0,53,0
77,0,77,0
98,0,98,0
0,317,317,30
242,0,242,0
0,194,194,12
261,0,261,0
21,0,21,0
0,216,216,62
215,0,215,0
567,0,567,0
0,65,65,27
11,0,11,0
0,591,591,77
586,0,586,0
0,22,22,5
4,0,4,0
6,0,6,0
0,11,11,1
399,0,399,0
0,487,487,64
60,0,60,0
0,65,65,13
221,0,221,0
0,278,278,151
637,0,637,0
72,0,72,0
8,0,8,0
357,0,357,0
8,0,8,0
0,78,78,25
40,0,40,0
0,113,113,4
259,0,259,0
0,108,108,6
59,0,59,0
0,458,458,23
653,0,653,0
0,125,125,44
20,0,20,0
0,559,559,30
952,0,952,0
0,22,22,10
387,0,387,0
0,143,143,73
163,0,163,0
290,0,290,0
0,252,252,9
138,0,138,0
14,0,14,0
200,0,200,0
249,0,249,0
0,85,85,5
130,0,130,0
0,38,38,78
14,0,14,0
0,520,520,40
3,0,3,0
0,411,411,43
1,0,1,0
0,278,278,29
18,0,18,0
0,912,912,137
98,0,98,0
0,175,175,10
66,0,66,0
163,0,163,0
330,0,330,0
0,283,283,27
170,0,170,0
0,155,155,85
98,0,98,0
704,0,704,0
0,49,49,99
15,0,15,0
0,21,21,5
26,0,26,0
0,72,72,13
0,481,481,71
391,0,391,0
0,49,49,3
76,0,76,0
149,0,149,0
6,0,6,0
0,373,373,7
1050,0,1050,0
349,0,349,0
0,2,2,7
22,0,22,0
179,0,179,0
0,210,210,30
87,0,87,0
115,0,115,0
8,0,8,0
1,0,1,0
0,5,5,12
54,0,54,0
0,184,184,64
684,0,684,0
0,65,65,7
3,0,3,0
0,305,305,59
230,0,230,0
0,149,149,37
53,0,53,0
7,0,7,0
0,50,50,2
22,0,22,0
30,0,30,0
0,145,145,41
154,0,154,0
0,175,175,51
2,0,2,0
0,81,81,10
138,0,138,0
0,59,59,47
46,0,46,0
3,0,3,0
0,185,185,19
61,0,61,0
0,61,61,31
20,0,20,0
0,31,31,32
1,0,1,0
0,228,228,23
135,0,135,0
0,34,34,14
2,0,2,0
60,0,60,0
0,52,52,35
43,0,43,0
9,0,9,0
163,0,163,0
0,44,44,65
13,0,13,0
0,161,161,1
166,0,166,0
0,1393,1393,235
540,0,540,0
69,0,69,0
0,666,666,148
555,0,555,0
0,19,19,32
46,0,46,0
96,0,96,0
0,106,106,29
110,0,110,0
0,162,162,17
3,0,3,0
755,0,755,0
82,0,82,0
0,74,74,1
65,0,65,0
94,0,94,0
0,207,207,23
71,0,71,0
41,0,41,0
0,3,3,0
0,44,44,19
1,0,1,0
493,0,493,0
0,152,152,59
44,0,44,0
1,0,1,0
0,273,273,31
0,69,69,5
57,0,57,0
0,147,147,17
147,0,147,0
0,115,115,14
37,0,37,0
0,213,213,48
162,0,162,0
0,188,188,64
273,0,273,0
0,167,167,2
62,0,62,0
12,0,12,0
9,0,9,0
129,0,129,0
13,0,13,0
0,736,736,47
227,0,227,0
2,0,2,0
0,16,16,11
44,0,44,0
0,477,477,22
25,0,25,0
0,222,222,18
225,0,225,0
126,0,126,0
0,79,79,62
14,0,14,0
157,0,157,0
0,10,10,167
458,0,458,0
0,51,51,39
12,0,12,0
17,0,17,0
0,549,549,24
126,0,126,0
5,0,5,0
0,757,757,13
814,0,814,0
0,10,10,15
4,0,4,0
0,61,61,6
316,0,316,0
593,0,593,0
33,0,33,0
0,36,36,2
0,29,29,8
2,0,2,0
0,111,111,21
230,0,230,0
189,0,189,0
0,48,48,16
2,0,2,0
0,209,209,33
64,0,64,0
3,0,3,0
0,982,982,49
385,0,385,0
0,2,2,49
418,0,418,0
24,0,24,0
0,19,19,18
43,0,43,0
1,0,1,0
469,0,469,0
41,0,41,0
0,19,19,35
17,0,17,0
475,0,475,0
0,565,565,103
154,0,154,0
321,0,321,0
371,0,371,0
0,482,482,278
35,0,35,0
0,35,35,8
17,0,17,0
0,31,31,65
14,0,14,0
0,194,194,123
47,0,47,0
0,56,56,30
0,41,41,12
719,0,719,0
0,169,169,10
0,75,75,44
73,0,73,0
0,32,32,4
0,25,25,3
12,0,12,0
0,54,54,14
18,0,18,0
10,0,10,0
0,269,269,82
234,0,234,0
0,27,27,12
24,0,24,0
49,0,49,0
0,169,169,11
107,0,107,0
0,112,112,2
5,49,54,25
4,0,4,0
4,0,4,0
269,0,269,0
10,0,10,0
0,3,3,27
11,0,11,0
398,0,398,0
21,0,21,0
40,0,40,0
0,486,486,132
234,0,234,0
0,395,395,17
414,0,414,0
0,211,211,18
45,0,45,0
0,41,41,67
4,0,4,0
0,123,123,2
228,0,228,0
141,0,141,0
0,58,58,13
105,0,105,0
0,255,255,12
69,0,69,0
0,1268,1268,44
1497,0,1497,0
0,48,48,8
70,0,70,0
3,0,3,0
0,120,120,7
189,0,189,0
0,138,138,42
76,0,76,0
0,101,101,67
142,0,142,0
40,0,40,0
6,0,6,0
0,78,78,13
0,279,279,23
462,0,462,0
0,170,170,10
2066,0,2066,0
9,0,9,0
311,0,311,0
0,390,390,99
456,0,456,0
29,0,29,0
0,282,282,94
5,0,5,0
0,241,241,10
315,0,315,0
0,9,9,13
12,0,12,0
0,144,144,20
93,0,93,0
0,120,120,84
86,0,86,0
4,0,4,0
0,121,121,65
4,0,4,0
31,0,31,0
0,254,254,66
299,0,299,0
48,0,48,0
65,0,65,0
138,0,138,0
0,79,79,61
38,0,38,0
0,87,87,11
370,0,370,0
2,0,2,0
0,172,172,59
21,0,21,0
295,0,295,0
177,0,177,0
0,278,278,36
184,0,184,0
0,473,473,35
823,0,823,0
87,0,87,0
0,281,281,6
0,176,176,10
308,0,308,0
110,0,110,0
0,12,12,19
3,0,3,0
27,0,27,0
0,20,20,30
21,0,21,0
0,61,61,24
40,0,40,0
27,0,27,0
0,52,52,0
2,0,2,0
20,0,20,0
0,1359,1359,23
25,0,25,0
0,68,68,22
46,0,46,0
36,0,36,0
0,53,53,33
1,0,1,0
0,190,190,92
63,0,63,0
26,0,26,0
0,1,1,20
7,0,7,0
70,0,70,0
0,19,19,9
1,0,1,0
11,0,11,0
0,357,357,2
385,0,385,0
46,0,46,0
0,4,4,16
25,0,25,0
0,24,24,22
0,97,97,18
240,0,240,0
0,119,119,21
30,0,30,0
22,0,22,0
0,4,4,8
1,0,1,0
0,124,124,25
107,0,107,0
0,190,190,29
173,0,173,0
0,81,81,128
161,0,161,0
0,28,28,14
67,0,67,0
0,41,41,67
215,0,215,0
17,0,17,0
0,214,214,107
0,292,292,29
185,0,185,0
45,0,45,0
0,162,162,18
0,211,211,40
125,0,125,0
160,0,160,0
0,33,33,28
1,0,1,0
0,1,1,126
235,0,235,0
622,0,622,0
0,92,92,14
83,0,83,0
0,293,293,26
0,1,1,6
0,232,232,22
5,0,5,0
15,0,15,0
0,5,5,6
46,0,46,0
0,119,119,6
123,0,123,0
0,355,355,51
1379,0,1379,0
0,41,41,50
3,0,3,0
5,0,5,0
0,80,80,21
6359,0,6359,0
13,0,13,0
0,128,128,23
97,0,97,0
0,420,420,16
8,0,8,0
0,185,185,20
4,0,4,0
0,11,11,6
17,0,17,0
284,0,284,0
0,520,520,2
475,0,475,0
0,246,246,2
365,0,365,0
0,139,139,11
13,0,13,0
0,34,34,1
14,0,14,0
0,781,781,18
102,0,102,0
1,0,1,0
244,0,244,0
0,310,310,11
209,0,209,0
279,0,279,0
32,0,32,0
1,0,1,0
0,8,8,18
17,0,17,0
0,273,273,1
417,0,417,0
523,0,523,0
352,0,352,0
0,22,22,0
165,0,165,0
13,0,13,0
0,82,82,16
1,0,1,0
3,0,3,0
0,755,755,20
0,468,468,106
102,0,102,0
75,0,75,0
6,0,6,0
0,72,72,9
459,0,459,0
0,470,470,58
370,0,370,0
0,114,114,0
78,0,78,0
0,228,228,25
259,0,259,0
0,215,215,13
39,0,39,0
89,0,89,0
0,135,135,17
137,0,137,0
0,3,3,27
15,0,15,0
0,4,4,10
20,0,20,0
5,0,5,0
0,393,393,69
1049,0,1049,0
12,0,12,0
106,0,106,0
0,188,188,2
190,0,190,0
0,122,122,33
48,0,48,0
0,42,42,18
41,0,41,0
0,50,50,19
388,0,388,0
118,0,118,0
0,215,215,22
0,92,92,3
115,0,115,0
33,0,33,0
0,1375,1375,5
863,0,863,0
0,67,67,21
258,0,258,0
0,4,4,0
1,0,1,0
0,506,506,3
608,0,608,0
0,7,7,10
548,0,548,0
2,0,2,0
0,653,653,25
473,0,473,0
0,823,823,33
43,0,43,0
0,129,129,35
75,0,75,0
5,0,5,0
0,808,808,25
841,0,841,0
0,387,387,131
574,0,574,0
0,335,335,23
327,0,327,0
0,113,113,55
101,0,101,0
0,28,28,11
492,0,492,0
0,22,22,45
846,0,846,0
171,0,171,0
0,20,20,30
0,40,40,135
0,488,488,3
10,0,10,0
62,0,62,0
3,0,3,0
0,82,82,2
309,0,309,0
0,625,625,62
512,0,512,0
0,686,686,33
688,0,688,0
0,39,39,22
177,0,177,0
0,412,412,103
24,0,24,0
0,184,184,55
244,0,244,0
0,8,8,51
2784,0,2784,0
0,2,2,0
106,0,106,0
0,15,15,415
28,0,28,0
0,43,43,22
568,0,568,0
0,1325,1325,2
1169,0,1169,0
1,0,1,0
0,17,17,80
2,0,2,0
0,65,65,5
83,0,83,0
0,1002,1002,89
26,0,26,0
0,53,53,2
1,0,1,0
0,432,432,67
457,0,457,0
0,89,89,38
27,0,27,0
196,0,196,0
713,0,713,0
0,26,26,84
484,0,484,0
0,60,60,21
6,0,6,0
0,217,217,12
1,0,1,0
0,20,20,10
62,0,62,0
0,11,11,1
0,483,483,93
301,0,301,0
477,0,477,0
0,79,79,8
6,0,6,0
0,71,71,43
41,0,41,0
572,0,572,0
0,384,384,1
561,0,561,0
127,0,127,0
0,22,22,189
0,417,417,126
14,0,14,0
0,27,27,16
23,0,23,0
1,0,1,0
0,75,75,72
373,0,373,0
0,82,82,7
60,0,60,0
0,60,60,19
14,0,14,0
0,535,535,28
18,0,18,0
1,102,103,6
270,0,270,0
122,0,122,0
0,46,46,19
43,0,43,0
0,127,127,80
2,0,2,0
321,0,321,0
0,556,556,65
469,0,469,0
98,0,98,0
0,158,158,47
164,0,164,0
24,0,24,0
0,44,44,62
8,0,8,0
0,116,116,28
2,0,2,0
0,52,52,2
493,0,493,0
18,0,18,0
0,8,8,3
71,0,71,0
3,0,3,0
0,489,489,32
546,0,546,0
0,251,251,56
10,0,10,0
29,0,29,0
0,49,49,29
11,0,11,0
32,0,32,0
0,134,134,18
151,0,151,0
75,0,75,0
19,0,19,0
0,175,175,7
12,0,12,0
188,0,188,0
0,43,43,16
55,0,55,0
0,31,31,3
42,0,42,0
0,115,115,5
73,0,73,0
250,0,250,0
0,317,317,19
56,0,56,0
0,351,351,184
148,0,148,0
0,328,328,27
467,0,467,0
398,0,398,0
0,127,127,69
0,275,275,80
78,0,78,0
2,0,2,0
0,200,200,101
104,0,104,0
136,0,136,0
19,0,19,0
0,6,6,2
31,0,31,0
0,89,89,0
72,0,72,0
0,769,769,41
3,0,3,0
0,2,2,15
9,0,9,0
0,61,61,9
18,0,18,0
100,0,100,0
0,73,73,5
121,0,121,0
0,168,168,24
17,0,17,0
0,17,17,0
7,0,7,0
162,0,162,0
280,0,280,0
0,47,47,9
26,0,26,0
0,2,2,12
177,0,177,0
0,39,39,12
26,0,26,0
0,2,2,4
4,0,4,42
16,0,16,0
361,0,361,0
200,0,200,0
0,71,71,26
21,0,21,0
0,61,61,17
4,0,4,0
30,0,30,0
0,149,149,32
3,0,3,0
0,204,204,10
201,0,201,0
0,152,152,51
158,0,158,0
0,30,30,21
115,0,115,0
0,10,10,33
474,0,474,0
0,236,236,42
32,0,32,0
0,171,171,76
141,0,141,0
0,236,236,10
576,0,576,0
0,375,375,34
483,0,483,0
33,0,33,0
0,126,126,43
1,0,1,0
0,9,9,53
0,5,5,1
6,0,6,0
14,0,14,0
0,3,3,2
12,0,12,0
0,78,78,12
0,10,10,0
7,0,7,0
0,100,100,46
187,0,187,0
0,6,6,31
1,0,1,0
0,39,39,20
27,0,27,0
0,110,110,46
79,0,79,0
23,0,23,0
0,737,737,47
17,0,17,0
0,63,63,5
28,0,28,0
35,0,35,0
27,0,27,0
0,547,547,110
531,0,531,0
0,478,478,71
446,0,446,0
0,290,290,77
86,0,86,0
0,188,188,23
254,0,254,0
439,0,439,0
0,20,20,114
5,0,5,0
0,68,68,1
7,0,7,0
0,1,1,6
526,0,526,0
0,49,49,13
41,0,41,0
0,80,80,4
73,0,73,0
0,206,206,80
31,0,31,0
0,32,32,10
25,0,25,0
0,211,211,36
151,0,151,0
2,0,2,0
0,534,534,18
133,0,133,0
0,312,312,23
0,121,121,145
612,0,612,0
2,0,2,0
0,112,112,21
98,0,98,0
0,456,456,61
400,0,400,0
0,216,216,22
41,0,41,0
526,0,526,0
280,0,280,0
0,749,749,54
498,0,498,0
0,188,188,1
100,0,100,0
0,34,34,7
365,0,365,0
0,154,154,52
166,0,166,0
2,0,2,0
0,965,965,117
843,0,843,0
0,100,100,26
31,0,31,0
3,0,3,0
0,680,680,130
424,0,424,0
0,110,110,2
99,0,99,0
0,171,171,1
106,0,106,0
0,1,1,0
10,0,10,0
0,63,63,0
166,0,166,0
0,24,24,11
19,0,19,0
0,87,87,77
51,0,51,0
0,14,14,41
232,0,232,0
303,0,303,0
69,0,69,0
103,0,103,0
4,0,4,0
107,0,107,0
23,0,23,0
0,108,108,29
0,126,126,202
37,0,37,0
5,0,5,0
215,0,215,0
0,207,207,0
0,232,232,8
217,0,217,0
0,619,619,161
291,0,291,0
0,164,164,8
319,0,319,0
0,17,17,6
0,46,46,70
14,0,14,0
0,319,319,69
109,0,109,0
0,162,162,13
764,0,764,0
117,0,117,0
0,199,199,37
0,19,19,24
16,0,16,0
0,66,66,9
112,0,112,0
56,0,56,0
120,0,120,0
0,53,53,34
0,107,107,98
49,0,49,0
49,0,49,0
2,0,2,0
0,345,345,3
65,0,65,0
0,507,507,71
202,0,202,0
0,27,27,5
25,0,25,0
71,0,71,0
0,51,51,15
100,0,100,0
0,162,162,10
0,51,51,23
363,0,363,0
168,0,168,0
49,0,49,0
0,19,19,50
524,0,524,0
0,338,338,40
0,648,648,11
640,0,640,0
0,129,129,10
150,0,150,0
0,18,18,5
380,0,380,0
10,0,10,0
164,0,164,0
10,0,10,0
0,30,30,46
287,0,287,0
0,311,311,15
0,9,9,15
116,0,116,0
155,0,155,0
0,266,266,97
0,24,24,1
33,0,33,0
8,0,8,0
73,0,73,0
0,284,284,0
4,0,4,0
0,360,360,29
93,0,93,0
305,0,305,0
0,151,151,358
81,0,81,0
0,270,270,6
288,0,288,0
0,123,123,12
218,0,218,0
6,0,6,0
0,634,634,177
1,0,1,0
0,21,21,4
0,179,179,0
1,0,1,0
0,107,107,22
2,0,2,0
136,0,136,0
0,112,112,40
75,0,75,0
0,572,572,25
530,0,530,0
7,0,7,0
0,2,2,4
9,0,9,0
0,84,84,27
124,0,124,0
0,11,11,3
250,0,250,0
0,30,30,9
20,0,20,0
0,111,111,3
72,0,72,0
0,28,28,9
0,355,355,136
231,0,231,0
0,510,510,89
477,0,477,0
0,329,329,52
4,0,4,0
0,1,1,0
8,0,8,0
1,0,1,0
172,0,172,0
0,471,471,83
3,0,3,0
123,0,123,0
0,99,99,14
28,0,28,0
25,0,25,0
145,0,145,0
0,697,697,60
81,0,81,0
0,23,23,22
152,0,152,0
0,861,861,27
876,0,876,0
8,0,8,0
135,0,135,0
0,22,22,19
15,0,15,0
0,170,170,12
20,0,20,0
0,5,5,9
8,0,8,0
0,784,784,103
9,0,9,0
0,398,398,16
79,0,79,0
0,4,4,1
8,0,8,0
0,13,13,95
188,0,188,0
0,155,155,65
149,0,149,0
0,8,8,21
0,112,112,2
81,0,81,0
42,0,42,0
0,127,127,34
109,0,109,0
0,571,571,20
17,0,17,0
0,187,187,36
311,0,311,0
0,257,257,5
199,0,199,0
0,64,64,21
62,0,62,0
0,6,6,50
4,0,4,0
6,0,6,0
0,346,346,33
297,0,297,0
2,0,2,0
0,21,21,19
12,0,12,0
0,167,167,33
935,0,935,0
0,500,500,7
629,0,629,0
0,86,86,33
48,0,48,0
0,124,124,89
285,0,285,0
0,81,81,0
0,3,3,49
115,0,115,0
0,79,79,89
134,0,134,0
90,0,90,0
101,0,101,0
0,255,255,40
375,0,375,0
30,0,30,0
0,46,46,11
15,0,15,0
0,101,101,16
1,0,1,0
334,0,334,0
0,111,111,29
0,68,68,4
0,298,298,43
124,0,124,0
6,0,6,0
0,111,111,27
23,0,23,0
420,0,420,0
0,10,10,16
301,0,301,0
0,32,32,26
60,0,60,0
0,46,46,10
18,0,18,0
0,564,564,81
12,0,12,0
0,60,60,69
44,0,44,0
0,212,212,2
117,0,117,0
0,973,973,36
0,425,425,117
0,229,229,145
0,24,24,7
1,0,1,0
59,0,59,0
0,190,190,5
0,33,33,7
37,0,37,0
32,0,32,0
0,34,34,1
1,0,1,0
122,0,122,0
0,384,384,123
6,0,6,0
20,0,20,0
0,73,73,10
97,0,97,0
83,0,83,0
0,73,73,52
146,0,146,0
0,298,298,0
99,0,99,0
0,86,86,28
9,0,9,0
0,23,23,25
6,0,6,0
0,41,41,212
28,0,28,0
28,0,28,0
16,0,16,0
63,0,63,0
0,48,48,215
5,0,5,0
22,0,22,0
2,0,2,0
0,26,26,4
93,0,93,0
133,0,133,0
0,4,4,10
8,0,8,0
0,34,34,9
0,54,54,45
16,0,16,0
0,25,25,24
9,0,9,0
5,0,5,0
5,0,5,0
0,9,9,32
180,0,180,0
0,400,400,13
15,0,15,0
0,49,49,2
3,0,3,0
1,0,1,0
1,0,1,0
0,66,66,57
162,0,162,0
338,0,338,0
0,165,165,143
14,0,14,0
0,175,175,16
74,0,74,0
5,0,5,0
19,0,19,0
0,150,150,6
37,0,37,0
0,96,96,19
88,0,88,0
0,1,1,1
10,0,10,0
0,904,904,38
688,0,688,0
0,1094,1094,15
1140,0,1140,0
0,66,66,79
294,0,294,0
0,70,70,59
79,0,79,0
226,0,226,0
0,85,85,9
14,0,14,0
0,94,94,23
46,0,46,0
170,0,170,0
0,496,496,28
447,0,447,0
0,290,290,42
19,0,19,0
0,348,348,114
316,0,316,0
0,1046,1046,36
1087,0,1087,0
0,20,20,7
2,0,2,0
12,0,12,0
0,300,300,136
288,0,288,0
0,119,119,0
223,0,223,0
2,0,2,0
0,308,308,10
38,0,38,0
115,0,115,0
0,82,82,22
0,58,58,24
1,0,1,0
0,96,96,5
188,0,188,0
18,0,18,0
0,60,60,8
373,0,373,0
0,7,7,0
211,0,211,0
121,0,121,0
0,104,104,10
184,0,184,0
0,100,100,4
5,0,5,0
0,227,227,8
24,0,24,0
0,163,163,0
138,0,138,0
0,1804,1804,56
521,0,521,0
0,89,89,97
1,0,1,0
0,22,22,7
2,0,2,0
0,876,876,23
0,315,315,1
214,0,214,0
968,0,968,0
69,0,69,0
1,0,1,0
0,54,54,57
41,0,41,0
29,0,29,0
5,0,5,0
30,0,30,0
0,15,15,0
11,0,11,0
10,0,10,0
606,0,606,0
0,52,52,5
2,0,2,0
0,21,21,3
3,0,3,0
77,0,77,0
0,19,19,29
13,0,13,0
242,0,242,0
0,37,37,20
4,0,4,0
625,0,625,0
0,57,57,38
25,0,25,0
0,134,134,7
97,0,97,0
0,15,15,4
1,0,1,0
0,8,8,46
0,135,135,12
16,0,16,0
5,96,101,32
84,0,84,0
0,192,192,4
122,0,122,0
0,145,145,54
3,0,3,0
0,444,444,12
418,0,418,0
0,44,44,43
65,0,65,0
0,60,60,70
0,219,219,2
97,0,97,0
0,24,24,1
69,0,69,0
235,0,235,0
0,196,196,25
631,0,631,0
19,0,19,0
0,197,197,18
20,0,20,0
0,921,921,55
255,0,255,0
0,112,112,0
31,0,31,0
0,249,249,21
450,0,450,0
0,358,358,5
26,0,26,0
0,68,68,0
69,0,69,0
0,102,102,18
197,0,197,0
26,0,26,0
0,22,22,22
21,0,21,0
0,400,400,23
7,0,7,0
0,321,321,31
191,0,191,0
140,0,140,0
16,0,16,0
0,123,123,26
3,0,3,0
12,0,12,0
0,38,38,0
90,0,90,0
0,378,378,33
216,0,216,0
0,140,140,14
0,70,70,1
721,0,721,0
0,48,48,4
0,2,2,1
0,29,29,20
31,0,31,0
162,0,162,0
0,249,249,91
0,180,180,11
171,0,171,0
356,0,356,0
0,141,141,10
408,0,408,0
0,506,506,192
0,2,2,3
1,0,1,0
0,69,69,4
104,0,104,0
0,235,235,20
109,0,109,0
0,1060,1060,45
934,0,934,0
4,0,4,0
0,37,37,14
237,0,237,0
0,597,597,6
382,0,382,0
0,113,113,36
2,0,2,0
0,442,442,27
222,0,222,0
309,0,309,0
65,0,65,0
0,108,108,39
61,0,61,0
0,14,14,35
633,0,633,0
351,0,351,0
120,0,120,0
251,0,251,0
0,3,3,2
91,0,91,0
0,330,330,14
2,0,2,0
349,0,349,0
0,571,571,10
397,0,397,0
0,158,158,202
0,28,28,21
34,0,34,0
0,170,170,48
5,0,5,0
40,0,40,0
74,0,74,0
0,70,70,44
0,200,200,12
235,0,235,0
0,206,206,20
220,0,220,0
0,760,760,95
556,0,556,0
0,10,10,3
0,199,199,15
14,0,14,0
27,0,27,0
1,0,1,0
0,253,253,138
1,0,1,0
0,31,31,83
33,0,33,0
0,1,1,1
19,0,19,0
237,0,237,0
0,331,331,21
1,0,1,0
14,0,14,0
4,0,4,0
0,505,505,5
175,0,175,0
78,0,78,0
48,0,48,0
0,3,3,0
6,0,6,0
0,66,66,74
43,0,43,0
0,154,154,1
149,0,149,0
0,90,90,80
0,31,31,20
24,0,24,0
0,1,1,26
8,0,8,0
0,145,145,13
239,0,239,0
0,177,177,16
0,381,381,26
1,0,1,0
64,0,64,0
232,0,232,0
0,658,658,65
0,5,5,11
124,0,124,0
50,0,50,0
0,104,104,2
0,37,37,90
1,0,1,0
160,0,160,0
0,15,15,3
6,0,6,0
0,7,7,25
3,0,3,0
0,9,9,5
1297,0,1297,0
0,88,88,8
0,127,127,22
48,0,48,0
0,191,191,31
220,0,220,0
0,9,9,14
0,47,47,12
44,0,44,0
375,0,375,0
0,587,587,95
55,0,55,0
0,7,7,3
7,0,7,0
1,0,1,0
0,59,59,18
106,0,106,0
0,140,140,4
3,0,3,0
0,32,32,15
305,0,305,0
146,0,146,0
322,0,322,0
0,130,130,28
91,0,91,0
0,97,97,60
92,0,92,0
0,479,479,78
369,0,369,0
55,0,55,0
0,78,78,4
73,0,73,0
0,343,343,52
154,0,154,0
0,220,220,30
68,0,68,0
0,207,207,2
217,0,217,0
0,14,14,0
280,0,280,0
1,0,1,0
0,420,420,105
175,0,175,0
233,0,233,0
0,3,3,25
4,0,4,0
5,0,5,0
0,43,43,113
5,0,5,0
16,0,16,0
3,0,3,0
220,0,220,0
0,26,26,9
0,6,6,1
3,0,3,0
0,2391,2391,20
0,229,229,36
201,0,201,0
0,936,936,14
169,0,169,0
0,57,57,35
10,0,10,0
0,150,150,7
134,0,134,0
0,14,14,97
26,0,26,0
0,1221,1221,113
481,0,481,0
0,104,104,3
127,0,127,0
0,28,28,0
6,0,6,0
277,0,277,0
0,498,498,56
0,77,77,5
0,233,233,30
13,0,13,0
209,0,209,0
450,0,450,0
0,55,55,22
0,417,417,115
333,0,333,0
0,3,3,2
0,57,57,19
34,0,34,0
22,0,22,0
7,0,7,0
197,0,197,0
0,66,66,46
242,0,242,0
0,98,98,36
24,0,24,0
0,31,31,14
24,0,24,0
0,48,48,3
48,0,48,0
4,0,4,0
0,51,51,2
51,0,51,0
0,149,149,20
357,0,357,0
0,25,25,0
372,0,372,0
0,202,202,4
207,0,207,0
0,569,569,25
161,0,161,0
0,19,19,37
3,0,3,0
0,476,476,47
12,0,12,0
0,34,34,42
7,0,7,0
0,8,8,8
0,557,557,1
132,0,132,0
0,210,210,69
12,0,12,0
0,4,4,10
0,50,50,36
28,0,28,0
0,4,4,110
0,421,421,0
8,0,8,0
0,369,369,3
268,0,268,0
0,106,106,18
317,0,317,0
0,538,538,223
0,49,49,114
11,0,11,0
0,77,77,28
0,27,27,4
22,0,22,0
2,0,2,0
0,40,40,74
0,39,39,11
22,0,22,0
195,0,195,0
0,13,13,4
203,0,203,0
45,0,45,0
0,103,103,81
125,0,125,0
16,0,16,0
0,8,8,10
178,0,178,0
17,0,17,0
0,1014,1014,51
959,0,959,0
129,0,129,0
0,394,394,21
2,0,2,0
280,0,280,0
7,0,7,0
44,0,44,0
0,315,315,18
166,0,166,0
0,300,300,68
2,0,2,0
15,0,15,0
0,45,45,12
23,0,23,0
30,0,30,0
0,245,245,20
379,0,379,0
121,0,121,0
180,0,180,0
2,0,2,0
0,272,272,100
489,0,489,0
0,103,103,7
0,128,128,1
381,0,381,0
4,0,4,0
46,0,46,0
0,44,44,8
19,0,19,0
7,0,7,0
8,0,8,0
0,1,1,64
75,0,75,0
9,0,9,0
0,161,161,19
190,0,190,0
0,214,214,62
191,0,191,0
139,0,139,0
0,27,27,27
0,36,36,4
1,0,1,0
41,0,41,0
17,0,17,0
0,67,67,33
0,273,273,54
4,0,4,0
50,0,50,0
65,0,65,0
0,6,6,23
47,0,47,0
0,138,138,7
108,0,108,0
0,242,242,84
0,87,87,23
0,73,73,19
64,0,64,0
0,477,477,37
582,0,582,0
2,0,2,0
1,0,1,0
0,37,37,27
241,0,241,0
0,29,29,0
3,0,3,0
2,0,2,0
0,242,242,7
226,0,226,0
59,0,59,0
0,11,11,16
110,0,110,0
0,751,751,82
48,0,48,0
0,190,190,62
211,0,211,0
1,0,1,0
0,34,34,11
276,0,276,0
49,0,49,0
0,8,8,15
27,0,27,0
7,0,7,0
0,354,354,38
397,0,397,0
0,262,262,12
121,0,121,0
61,0,61,0
2,0,2,0
1,0,1,0
0,866,866,23
257,0,257,0
0,2,2,1
242,0,242,0
0,52,52,77
535,0,535,0
65,0,65,0
0,245,245,5
59,0,59,0
13,0,13,0
9,0,9,0
0,22,22,0
52,0,52,0
0,96,96,17
114,0,114,0
0,482,482,132
280,0,280,0
529,0,529,0
74,0,74,0
0,749,749,56
153,0,153,0
0,1027,1027,74
0,110,110,26
7,0,7,0
0,563,563,11
181,0,181,0
0,222,222,13
46,0,46,0
43,0,43,0
15,0,15,0
78,0,78,0
14,0,14,0
0,383,383,114
41,0,41,0
81,0,81,0
172,0,172,0
0,356,356,12
7,0,7,0
161,0,161,0
0,69,69,4
70,0,70,0
368,0,368,0
0,52,52,43
0,343,343,34
197,0,197,0
0,20,20,53
599,0,599,0
60,0,60,0
0,32,32,12
1,0,1,0
0,78,78,7
0,628,628,185
16,0,16,0
0,417,417,121
394,0,394,0
289,0,289,0
355,0,355,0
314,0,314,0
27,0,27,0
7,0,7,0
2,0,2,0
0,349,349,26
281,0,281,0
0,134,134,2
4,0,4,0
266,0,266,0
0,374,374,10
246,0,246,0
0,45,45,9
24,0,24,0
2,0,2,0
0,99,99,54
11,0,11,0
134,0,134,0
1,26,27,46
37,0,37,0
1,0,1,0
0,23,23,3
141,0,141,0
24,0,24,0
0,499,499,76
5,0,5,0
0,244,244,19
0,31,31,29
22,0,22,0
29,0,29,0
0,56,56,18
0,123,123,11
257,0,257,0
5,0,5,0
0,270,270,37
205,0,205,0
0,10,10,17
37,0,37,0
0,75,75,3
56,0,56,0
0,140,140,84
299,0,299,0
0,545,545,238
101,0,101,0
0,39,39,9
18,0,18,0
2,0,2,0
0,32,32,52
16,0,16,0
55,0,55,0
0,29,29,0
27,0,27,0
0,168,168,4
241,0,241,0
0,128,128,85
0,418,418,67
99,0,99,0
0,64,64,44
4,0,4,0
0,5,5,36
0,96,96,26
376,0,376,0
165,0,165,0
0,483,483,56
526,0,526,0
0,147,147,13
229,0,229,0
0,216,216,5
381,0,381,0
67,0,67,0
66,0,66,0
110,0,110,0
0,136,136,11
201,0,201,0
0,31,31,5
161,0,161,0
1,0,1,0
105,0,105,0
22,0,22,0
0,193,193,86
0,1419,1419,68
389,0,389,0
0,789,789,46
577,0,577,0
0,2,2,8
7,0,7,0
9,0,9,0
0,1088,1088,30
0,116,116,21
0,85,85,2
102,0,102,0
489,0,489,0
1,0,1,0
0,306,306,142
42,0,42,0
0,1,1,3
241,0,241,0
0,913,913,51
634,0,634,0
166,0,166,0
281,0,281,0
0,35,35,1
161,0,161,0
0,101,101,2
130,0,130,0
0,102,102,30
3,0,3,0
1,0,1,0
0,240,240,77
0,121,121,1
0,492,492,6
143,0,143,0
16,0,16,0
0,185,185,93
428,0,428,0
2,0,2,0
0,6,6,5
187,0,187,0
0,107,107,16
113,0,113,0
100,0,100,0
0,129,129,4
147,0,147,0
0,307,307,38
304,0,304,0
0,54,54,3
54,0,54,0
18,0,18,0
0,147,147,47
212,0,212,0
0,11,11,5
225,0,225,0
69,0,69,0
71,0,71,0
0,138,138,93
8,0,8,0
6,0,6,0
0,17,17,12
0,3,3,1
0,72,72,25
59,0,59,0
0,32,32,10
29,0,29,0
0,12,12,43
0,312,312,13
0,65,65,1
67,0,67,0
0,39,39,17
0,341,341,22
337,0,337,0
2,0,2,0
109,0,109,0
219,0,219,0
13,0,13,0
119,0,119,0
0,7,7,12
6,0,6,0
0,174,174,18
117,0,117,0
0,264,264,20
1,0,1,0
52,0,52,0
0,48,48,62
5,0,5,0
0,26,26,53
2,0,2,0
14,0,14,0
4,0,4,0
0,213,213,15
0,71,71,3
48,0,48,0
9,0,9,0
2,0,2,0
0,414,414,47
80,0,80,0
0,108,108,46
75,0,75,0
41,0,41,0
0,273,273,39
74,0,74,0
0,75,75,33
254,0,254,0
0,390,390,15
6,0,6,0
0,1,1,3
0,161,161,16
168,0,168,0
0,84,84,17
77,0,77,0
45,0,45,0
0,3,3,2
6,0,6,0
0,429,429,11
0,124,124,95
382,0,382,0
23,0,23,0
135,0,135,0
0,102,102,25
0,66,66,20
70,0,70,0
0,19,19,13
48,0,48,0
33,0,33,0
2,0,2,0
125,0,125,0
0,24,24,9
3,0,3,0
0,21,21,45
78,0,78,0
0,6,6,15
1,439,440,61
80,0,80,0
0,374,374,8
311,0,311,0
18,0,18,0
0,35,35,0
3702,0,3702,0
0,402,402,27
82,0,82,0
21,0,21,0
26,0,26,0
0,3,3,3
0,2,2,4
61,0,61,0
0,108,108,37
0,295,295,19
94,0,94,0
89,0,89,0
0,218,218,17
0,5,5,4
9,0,9,0
0,1,1,10
1,0,1,0
0,455,455,27
164,0,164,0
0,173,173,80
4,0,4,0
0,1,1,6
0,163,163,5
0,513,513,42
61,0,61,0
0,941,941,6
924,0,924,0
0,15,15,2
87,0,87,0
35,0,35,0
2,0,2,0
0,46,46,3
4,0,4,0
6,0,6,0
35,32,67,43
287,0,287,0
0,8,8,5
64,0,64,0
0,19,19,38
9,0,9,0
1,0,1,0
0,572,572,27
587,0,587,0
0,8,8,57
6,0,6,0
0,16,16,38
12,0,12,0
0,1,1,3
0,4,4,2
0,72,72,33
7,0,7,0
0,216,216,33
177,0,177,0
0,31,31,30
1,0,1,0
0,24,24,15
567,0,567,0
9,0,9,0
153,0,153,0
0,154,154,16
17,0,17,0
1,0,1,0
0,28,28,1
0,57,57,56
0,259,259,5
316,0,316,0
903,0,903,0
0,86,86,65
7,0,7,0
0,118,118,12
107,0,107,0
0,26,26,0
75,0,75,0
2,0,2,0
0,1,1,0
0,21,21,23
6,0,6,0
22,0,22,0
0,1,1,45
59,0,59,0
0,69,69,7
56,0,56,0
0,333,333,43
3,0,3,0
0,5,5,54
0,268,268,13
396,0,396,0
248,0,248,0
0,253,253,53
78,0,78,0
49,0,49,0
0,6,6,0
16,0,16,0
10,0,10,0
0,97,97,22
4,0,4,0
0,27,27,25
5,0,5,0
2,0,2,0
182,0,182,0
1,0,1,0
0,2,2,12
13,0,13,0
0,21,21,1
0,142,142,13
0,172,172,34
509,0,509,0
119,0,119,0
0,183,183,11
12,0,12,0
0,73,73,9
64,0,64,0
1,0,1,0
1,0,1,0
0,9,9,1
0,74,74,4
27,0,27,0
0,165,165,1
91,0,91,0
0,57,57,63
36,0,36,0
0,5,5,16
237,0,237,0
0,2645,2645,32
192,0,192,0
29,0,29,0
1,0,1,0
0,565,565,47
563,0,563,0
0,8,8,10
1,0,1,0
0,25,25,14
29,0,29,0
16,0,16,0
0,27,27,9
131,0,131,0
891,0,891,0
0,34,34,16
35,0,35,0
0,157,157,11
0,183,183,3
18,0,18,0
0,238,238,19
123,0,123,0
0,80,80,7
15,0,15,0
88,0,88,0
0,57,57,12
132,0,132,0
9,0,9,0
155,0,155,0
0,152,152,0
13,0,13,0
114,0,114,0
29,0,29,0
0,46,46,25
6,0,6,0
0,41,41,36
12,0,12,0
0,8,8,7
297,0,297,0
41,0,41,0
0,21,21,5
1,0,1,0
0,46,46,35
5,0,5,0
0,735,735,8
540,0,540,0
20,0,20,0
3,0,3,0
0,72,72,30
9,0,9,0
0,130,130,1149
6,0,6,0
0,125,125,3
31,0,31,0
0,478,478,10
16,0,16,0
0,65,65,71
60,0,60,0
0,412,412,27
390,0,390,0
0,111,111,10
88,0,88,0
0,6,6,11
82,0,82,0
0,720,720,49
59,0,59,0
0,108,108,27
53,0,53,0
0,256,256,61
7,0,7,0
0,724,724,86
161,0,161,0
0,1911,1911,35
571,0,571,0
0,346,346,1
350,0,350,0
0,315,315,48
310,0,310,0
356,0,356,0
0,3,3,0
1,0,1,0
0,243,243,6
0,29,29,12
20,0,20,0
6,0,6,0
0,59,59,12
11,0,11,0
8,0,8,0
6,0,6,0
0,76,76,148
10,0,10,0
0,32,32,3
30,0,30,0
0,396,396,74
613,0,613,0
0,807,807,19
32,0,32,0
11,0,11,0
0,232,232,13
265,0,265,0
10,0,10,0
0,30,30,6
3,0,3,0
0,567,567,24
486,0,486,0
35,0,35,0
1,0,1,0
0,217,217,53
33,0,33,0
0,159,159,73
10,0,10,0
28,0,28,0
1,0,1,0
105,0,105,0
104,0,104,0
0,212,212,131
223,0,223,0
0,58,58,21
233,0,233,0
0,146,146,5
0,157,157,17
116,0,116,0
0,66,66,0
0,37,37,11
14,0,14,0
0,169,169,66
103,0,103,0
0,144,144,77
19,0,19,0
77,0,77,0
0,162,162,5
161,0,161,0
0,107,107,19
107,0,107,0
35,0,35,0
0,1,1,10
509,0,509,0
0,56,56,4
65,0,65,0
243,0,243,0
0,44,44,21
92,0,92,0
0,33,33,17
3,0,3,0
12,0,12,0
0,10,10,38
104,0,104,0
0,30,30,0
11,0,11,0
240,0,240,0
0,134,134,4
0,97,97,10
1,0,1,0
131,0,131,0
0,360,360,157
45,0,45,0
0,128,128,42
1,0,1,0
0,1392,1392,48
1532,0,1532,0
0,81,81,71
37,0,37,0
0,54,54,2
40,0,40,0
0,446,446,9
219,0,219,0
0,198,198,198
7,0,7,0
0,45,45,1
9,0,9,0
0,33,33,6
9,0,9,0
0,4,4,22
181,0,181,0
0,128,128,29
246,0,246,0
0,434,434,304
199,0,199,0
595,0,595,0
41,0,41,0
27,0,27,0
0,67,67,9
14,0,14,0
0,172,172,24
165,0,165,0
4,0,4,0
14,0,14,0
0,16,16,21
14,0,14,0
1,0,1,0
0,56,56,0
0,39,39,0
1,0,1,0
0,182,182,113
3,0,3,0
23,0,23,0
0,21,21,5
2,0,2,0
0,153,153,63
6,0,6,0
0,4,4,7
0,88,88,70
152,0,152,0
0,219,219,3
437,0,437,0
0,9,9,38
0,3,3,0
20,0,20,0
317,0,317,0
98,0,98,0
0,185,185,26
170,0,170,0
0,210,210,147
17,0,17,0
0,96,96,10
17,0,17,0
0,12,12,11
1,0,1,0
121,0,121,0
12,0,12,0
126,0,126,0
31,0,31,0
0,97,97,17
267,0,267,0
0,8,8,5
12,0,12,0
119,0,119,0
39,0,39,0
0,41,41,3
0,17,17,7
31,0,31,0
0,34,34,4
32,0,32,0
0,560,560,44
0,408,408,26
396,0,396,0
11,0,11,0
26,0,26,0
0,2,2,9
102,0,102,0
0,256,256,13
14,0,14,0
6,0,6,0
65,0,65,0
0,3,3,46
43,0,43,0
0,218,218,42
4,0,4,0
20,0,20,0
583,0,583,0
1,0,1,0
0,189,189,29
24,0,24,0
6,0,6,0
0,698,698,25
695,0,695,0
1,0,1,0
0,65,65,6
4,0,4,0
0,3,3,7
36,0,36,0
13,0,13,0
197,0,197,0
72,0,72,0
0,181,181,14
431,0,431,0
12,0,12,0
414,0,414,0
0,322,322,14
28,0,28,0
0,4,4,36
41,0,41,0
0,5,5,35
0,67,67,35
11,0,11,0
0,101,101,153
27,0,27,0
0,220,220,25
85,0,85,0
0,20,20,9
15,0,15,0
5,0,5,0
0,87,87,101
9,0,9,0
89,0,89,0
255,0,255,0
167,0,167,0
0,228,228,4
0,677,677,129
466,0,466,0
0,78,78,14
0,815,815,64
3,0,3,0
740,0,740,0
336,0,336,0
0,283,283,47
33,0,33,0
9,0,9,0
1148,0,1148,0
0,10,10,21
20,0,20,0
0,816,816,87
144,0,144,0
512,0,512,0
0,198,198,18
317,0,317,0
0,253,253,44
0,2,2,0
0,134,134,82
48,0,48,0
0,44,44,15
16,0,16,0
0,16,16,41
90,0,90,0
263,0,263,0
7,0,7,0
1031,0,1031,0
327,0,327,0
0,129,129,30
3,0,3,0
0,204,204,69
6,0,6,0
0,38,38,13
77,0,77,0
0,10,10,4
0,5,5,4
16,0,16,0
0,10,10,21
38,0,38,0
11,0,11,0
80,0,80,0
396,0,396,0
0,671,671,85
1,0,1,0
685,0,685,0
0,406,406,120
359,0,359,0
0,51,51,161
43,0,43,0
19,0,19,0
0,67,67,23
60,0,60,0
0,42,42,48
56,0,56,0
1,0,1,0
0,43,43,24
28,0,28,0
0,42,42,14
120,0,120,0
0,34,34,7
43,0,43,0
28,0,28,0
1,0,1,0
12,0,12,0
0,26,26,45
0,185,185,46
301,0,301,0
0,90,90,79
90,0,90,0
1,0,1,0
282,0,282,0
0,229,229,33
30,0,30,0
192,0,192,0
0,298,298,75
238,0,238,0
0,770,770,123
2,0,2,0
533,0,533,0
0,329,329,47
30,0,30,0
0,452,452,26
18,0,18,0
0,7,7,3
35,0,35,0
0,82,82,10
76,0,76,0
0,266,266,3
313,0,313,0
0,841,841,2
848,0,848,0
0,280,280,80
9,0,9,0
7,0,7,0
2,0,2,0
0,176,176,187
371,0,371,0
0,17,17,0
20,0,20,0
732,0,732,0
0,7,7,9
2,0,2,0
0,8,8,0
1,0,1,0
0,136,136,205
9,0,9,0
0,137,137,47
8,0,8,0
0,165,165,47
132,0,132,0
126,0,126,0
1,0,1,0
0,23,23,31
380,0,380,0
0,10,10,19
20,0,20,0
2,0,2,0
84,0,84,0
0,3819,3819,33
44,0,44,0
54,0,54,0
4,0,4,0
0,4,4,5
0,28,28,44
70,0,70,0
143,0,143,0
1198,0,1198,0
38,0,38,0
0,16,16,57
12,0,12,0
0,65,65,81
49,0,49,0
0,212,212,32
2,0,2,0
0,15,15,132
4,0,4,0
97,0,97,0
144,0,144,0
0,607,607,21
34,0,34,0
33,0,33,0
199,0,199,0
0,315,315,66
9,0,9,0
0,141,141,61
25,0,25,0
0,148,148,0
8,0,8,0
0,767,767,27
4,0,4,0
0,31,31,18
23,0,23,0
67,0,67,0
0,207,207,25
78,0,78,0
0,133,133,40
171,0,171,0
0,16,16,2
53,0,53,0
0,59,59,57
7,0,7,0
0,21,21,9
82,0,82,0
911,0,911,0
0,223,223,8
0,64,64,95
40,0,40,0
0,469,469,31
591,0,591,0
10,0,10,0
0,41,41,1
8,0,8,0
0,263,263,40
224,0,224,0
0,19,19,52
94,0,94,0
30,0,30,0
0,330,330,6
344,0,344,0
296,0,296,0
0,542,542,32
1,0,1,0
0,56,56,87
56,0,56,0
0,1,1,3
15,0,15,0
0,25,25,21
4,0,4,0
328,0,328,0
0,198,198,89
68,0,68,0
0,709,709,4
673,0,673,0
93,0,93,0
0,147,147,36
153,0,153,0
44,0,44,0
0,423,423,34
4,0,4,0
0,15,15,6
18,0,18,0
0,51,51,21
7,0,7,0
0,31,31,19
20,0,20,0
268,0,268,0
24,0,24,0
454,0,454,0
0,304,304,21
0,25,25,33
13,0,13,0
0,62,62,7
6,0,6,0
0,153,153,1
35,0,35,0
0,154,154,26
108,0,108,0
3,0,3,0
2,0,2,0
0,328,328,236
2,0,2,0
0,54,54,98
75,0,75,0
320,0,320,0
0,100,100,12
85,0,85,0
0,80,80,12
74,0,74,0
0,2,2,1
0,253,253,26
212,0,212,0
25,0,25,0
25,0,25,0
29,0,29,0
0,111,111,2
3,0,3,0
0,168,168,4
0,49,49,54
11,0,11,0
0,8,8,54
1,0,1,0
202,0,202,0
0,27,27,40
44,0,44,0
0,206,206,46
178,0,178,0
0,36,36,2
63,0,63,0
0,2036,2036,57
0,12,12,6
61,0,61,0
0,38,38,15
52,0,52,0
1,0,1,0
5,0,5,0
0,403,403,12
69,0,69,0
2,0,2,0
0,15,15,19
3,0,3,0
0,70,70,151
16,0,16,0
0,176,176,65
136,0,136,0
0,278,278,26
65,0,65,0
0,32,32,199
19,0,19,0
0,93,93,5
93,0,93,0
0,78,78,9
6,0,6,0
0,347,347,14
334,0,334,0
347,0,347,0
0,340,340,23
594,0,594,0
0,389,389,20
586,0,586,0
0,36,36,18
39,0,39,0
0,27,27,1
116,0,116,0
0,926,926,12
903,0,903,0
0,24,24,18
275,0,275,0
0,3,3,1
117,0,117,0
0,1128,1128,17
1108,0,1108,0
0,22,22,2
218,0,218,0
73,0,73,0
0,11,11,11
187,0,187,0
0,722,722,18
360,0,360,0
0,3,3,16
51,0,51,0
0,57,57,6
19,0,19,0
0,290,290,49
0,28,28,1
22,0,22,0
0,18,18,68
47,0,47,0
0,47,47,3
47,0,47,0
0,33,33,138
69,0,69,0
0,14,14,0
0,191,191,12
39,0,39,0
0,95,95,28
0,4,4,0
3,0,3,0
38,0,38,0
67,0,67,0
401,0,401,0
0,710,710,134
0,50,50,1
24,0,24,0
90,0,90,0
0,3,3,44
12,0,12,0
0,95,95,71
16,0,16,0
2,0,2,0
160,0,160,0
4,0,4,0
18,0,18,0
0,86,86,29
107,0,107,0
0,168,168,9
133,0,133,0
0,5,5,13
9,0,9,0
0,33,33,5
22,0,22,0
0,1067,1067,15
1017,0,1017,0
0,86,86,1
5,0,5,0
0,257,257,235
230,0,230,0
0,100,100,24
660,0,660,0
0,2,2,0
1,0,1,0
0,155,155,87
89,0,89,0
186,0,186,0
1,0,1,0
0,171,171,1
118,0,118,0
0,144,144,81
2,0,2,0
6,0,6,0
0,46,46,8
1,0,1,0
34,0,34,0
0,51,51,5
214,0,214,0
41,0,41,0
0,24,24,12
25,0,25,0
98,0,98,0
3,0,3,0
65,0,65,0
162,0,162,0
0,672,672,0
411,0,411,0
6,0,6,0
0,149,149,30
17,0,17,0
0,80,80,17
59,0,59,0
0,61,61,38
56,0,56,0
0,35,35,0
24,0,24,0
28,0,28,0
0,19,19,10
0,90,90,21
2,0,2,0
3,0,3,0
0,429,429,67
18,0,18,0
0,152,152,30
10,0,10,0
1,0,1,0
32,0,32,0
0,23,23,0
3,0,3,0
52,0,52,0
0,396,396,28
357,0,357,0
0,20,20,3
6,0,6,0
197,0,197,0
1,0,1,0
0,340,340,75
108,0,108,0
0,206,206,152
8,0,8,0
0,6,6,134
3,0,3,0
0,47,47,20
267,0,267,0
2,0,2,0
0,16,16,35
8,0,8,0
0,1368,1368,23
493,0,493,0
0,42,42,21
122,0,122,0
0,124,124,9
107,0,107,0
11,0,11,0
3,0,3,0
0,31,31,10
12,0,12,0
0,37,37,19
2,0,2,0
0,560,560,7
357,0,357,0
11,0,11,0
3,0,3,0
0,183,183,43
112,0,112,0
3,0,3,0
0,21,21,15
8,0,8,0
0,480,480,104
44,0,44,0
10,0,10,0
0,8,8,22
404,0,404,0
115,0,115,0
0,31,31,36
20,0,20,0
0,738,738,50
12,0,12,0
2,0,2,0
7,0,7,0
0,38,38,1
286,0,286,0
0,100,100,18
120,0,120,0
0,529,529,17
560,0,560,0
0,53,53,5
32,0,32,0
0,1,1,27
115,0,115,0
0,223,223,54
37,0,37,0
0,182,182,18
0,139,139,70
0,32,32,26
37,0,37,0
0,237,237,8
70,0,70,0
0,528,528,58
569,0,569,0
0,461,461,72
298,0,298,0
0,98,98,22
99,0,99,0
9,0,9,0
0,146,146,42
40,0,40,0
0,1015,1015,1
896,0,896,0
491,0,491,0
5,0,5,0
19,0,19,0
24,0,24,0
0,2,2,0
9,0,9,0
0,207,207,124
192,0,192,0
0,309,309,63
39,0,39,0
66,0,66,0
0,36,36,41
30,0,30,0
0,331,331,28
332,0,332,0
1,0,1,0
18,0,18,0
0,141,141,40
106,0,106,0
0,404,404,28
0,79,79,34
488,0,488,0
1,0,1,0
0,43,43,22
46,0,46,0
7,0,7,0
89,0,89,0
0,13,13,3
9,0,9,0
204,0,204,0
554,0,554,0
4,0,4,0
0,46,46,15
9,0,9,0
0,55,55,120
2,0,2,0
0,110,110,109
1,0,1,0
0,307,307,45
298,0,298,0
0,66,66,19
7,0,7,0
0,1,1,2
0,6,6,30
3,0,3,0
0,123,123,17
2,0,2,0
135,0,135,0
0,21,21,0
0,137,137,5
152,0,152,0
5,0,5,0
0,99,99,70
56,0,56,0
1,0,1,0
0,1,1,7
0,110,110,52
183,0,183,0
0,5,5,10
47,0,47,0
0,119,119,5
19,0,19,0
0,176,176,28
41,0,41,0
0,267,267,6
0,117,117,12
10,0,10,0
0,621,621,165
552,0,552,0
209,0,209,0
131,0,131,0
17,0,17,0
0,94,94,21
27,0,27,0
0,158,158,13
24,0,24,0
0,3,3,2
2,0,2,0
0,125,125,120
46,0,46,0
0,59,59,17
19,0,19,0
0,67,67,1
357,0,357,0
164,0,164,0
1,0,1,0
21,0,21,0
0,117,117,4
177,0,177,0
53,0,53,0
0,195,195,12
123,0,123,0
3,0,3,0
0,1,1,30
0,131,131,59
0,57,57,42
0,8,8,62
3,0,3,0
0,448,448,56
7,0,7,0
0,14,14,41
10,0,10,0
332,0,332,0
1,0,1,0
38,0,38,0
10,0,10,0
0,39,39,89
47,0,47,0
2,0,2,0
107,0,107,0
0,12,12,3
6,0,6,0
0,186,186,23
2,0,2,0
35,0,35,0
610,0,610,0
0,86,86,0
13,0,13,0
0,123,123,7
101,0,101,0
53,0,53,0
0,31,31,1
16,0,16,0
0,646,646,84
530,0,530,0
0,142,142,136
141,0,141,0
0,167,167,4
159,0,159,0
271,0,271,0
11,0,11,0
0,394,394,18
0,154,154,28
7,0,7,0
4,0,4,0
0,99,99,64
0,34,34,87
42,0,42,0
0,22,22,9
3,0,3,0
0,167,167,19
405,0,405,0
4,0,4,0
0,195,195,9
0,279,279,163
397,0,397,0
115,0,115,0
697,0,697,0
0,33,33,1
7,0,7,0
0,21,21,22
0,47,47,98
15,0,15,0
1,0,1,0
0,82,82,36
8,0,8,0
0,22,22,13
26,0,26,0
0,31,31,45
8,0,8,0
10,0,10,0
266,0,266,0
0,13,13,8
1,0,1,0
748,0,748,0
32,0,32,0
17,0,17,0
0,76,76,7
39,0,39,0
0,19,19,3
1,0,1,0
0,33,33,19
16,0,16,0
0,43,43,4
50,0,50,0
481,0,481,0
0,136,136,4
30,0,30,0
48,0,48,0
0,10,10,39
21,0,21,0
0,164,164,15
170,0,170,0
8,0,8,0
0,2,2,42
32,0,32,0
0,29,29,67
3,0,3,0
2,0,2,0
0,573,573,45
88,0,88,0
0,100,100,1
83,0,83,0
0,158,158,14
157,0,157,0
0,145,145,59
351,0,351,0
1,0,1,0
0,9,9,22
1,0,1,0
25,0,25,0
0,3,3,60
6,0,6,0
522,0,522,0
23,0,23,0
23,0,23,0
400,0,400,0
0,37,37,8
0,71,71,10
78,0,78,0
49,0,49,0
0,28,28,96
29,0,29,0
2,0,2,0
0,821,821,56
270,0,270,0
0,126,126,184
140,0,140,0
0,12,12,45
0,379,379,29
645,0,645,0
0,59,59,32
7,0,7,0
0,161,161,80
0,185,185,6
68,0,68,0
0,17,17,16
1,0,1,0
252,0,252,0
0,204,204,91
0,122,122,0
0,183,183,44
198,0,198,0
0,388,388,18
0,473,473,34
428,0,428,0
0,276,276,12
464,0,464,0
0,279,279,73
0,1421,1421,86
1410,0,1410,0
0,11,11,7
50,0,50,0
0,177,177,143
267,0,267,0
0,24,24,148
3,0,3,0
51,0,51,0
0,21,21,7
131,0,131,0
0,3,3,8
28,0,28,0
0,15,15,5
2,0,2,0
346,0,346,0
1,0,1,0
0,176,176,0
311,0,311,0
37,0,37,0
0,395,395,110
211,0,211,0
426,0,426,0
16,0,16,0
0,128,128,0
19,0,19,0
110,0,110,0
2489,0,2489,0
10,0,10,0
0,163,163,28
0,148,148,72
78,0,78,0
140,0,140,0
1,0,1,0
4,0,4,0
0,268,268,38
16,0,16,0
0,47,47,61
2,0,2,0
0,26,26,81
30,0,30,0
0,11,11,56
7,0,7,0
0,108,108,14
110,0,110,0
0,74,74,40
23,0,23,0
173,0,173,0
0,15,15,17
43,0,43,0
0,154,154,77
62,0,62,0
0,127,127,22
0,359,359,125
3,0,3,0
0,27,27,4
204,0,204,0
0,598,598,40
230,0,230,0
250,0,250,0
1,0,1,0
69,0,69,0
0,56,56,19
1,0,1,0
0,29,29,31
112,0,112,0
79,0,79,0
136,0,136,0
0,74,74,2
160,0,160,0
0,19,19,2
4,0,4,0
158,0,158,0
0,197,197,7
118,0,118,0
7,0,7,0
0,357,357,102
44,0,44,0
87,0,87,0
0,26,26,9
0,166,166,26
1,0,1,0
0,163,163,6
114,0,114,0
0,37,37,13
0,454,454,9
12,0,12,0
22,0,22,0
0,38,38,6
332,0,332,0
0,62,62,36
178,0,178,0
0,669,669,47
687,0,687,0
118,0,118,0
0,28,28,4
3,0,3,0
1,84,85,39
16,0,16,0
10,0,10,0
0,6,6,32
75,0,75,0
0,8,8,3
7,0,7,0
0,78,78,42
3,0,3,0
0,804,804,261
0,14,14,6
195,0,195,0
3,0,3,0
184,0,184,0
0,150,150,59
299,0,299,0
0,27,27,28
51,0,51,0
0,49,49,7
12,0,12,0
8,0,8,0
0,505,505,86
0,89,89,0
88,0,88,0
0,202,202,24
548,0,548,0
0,99,99,2
0,263,263,14
1,0,1,0
63,0,63,0
0,505,505,50
0,18,18,11
21,0,21,0
0,190,190,34
72,0,72,0
0,96,96,16
86,0,86,0
1,0,1,0
2,0,2,0
0,51,51,15
1139,0,1139,0
0,358,358,47
233,0,233,0
1,0,1,0
1,0,1,0
0,134,134,15
640,0,640,0
0,306,306,13
164,0,164,0
16,0,16,0
0,1,1,2
47,0,47,0
0,560,560,14
281,0,281,0
0,136,136,69
211,0,211,0
5,0,5,0
0,200,200,34
23,0,23,0
2,0,2,0
0,507,507,20
418,0,418,0
0,4,4,29
45,0,45,0
0,83,83,67
41,0,41,0
0,249,249,30
11,0,11,0
38,0,38,0
57,0,57,0
233,0,233,0
0,272,272,25
35,0,35,0
0,19,19,15
34,0,34,0
0,45,45,10
61,0,61,0
0,48,48,9
70,0,70,0
0,15,15,3
15,0,15,0
2,0,2,0
0,53,53,30
3,0,3,0
32,0,32,0
3,0,3,0
146,0,146,0
39,0,39,0
2,0,2,0
0,80,80,43
21,0,21,0
0,11,11,23
9,0,9,0
0,6,6,0
33,0,33,0
0,140,140,10
156,0,156,0
0,488,488,31
0,462,462,26
0,96,96,0
58,0,58,0
170,0,170,0
9,0,9,0
0,1259,1259,69
25,0,25,0
0,134,134,19
6,0,6,0
0,77,77,39
54,0,54,0
0,48,48,3
11,0,11,0
0,21,21,1
21,0,21,0
0,44,44,29
37,0,37,0
10,0,10,0
0,93,93,8
35,0,35,0
0,2,2,5
53,0,53,0
0,10,10,7
2,0,2,0
0,1028,1028,5
8,0,8,0
0,20,20,3
68,0,68,0
0,12,12,16
9,0,9,0
0,41,41,340
21,0,21,0
4,0,4,0
606,0,606,0
0,270,270,16
757,0,757,0
7,0,7,0
0,109,109,34
2,0,2,0
0,5,5,19
3,0,3,0
0,131,131,12
72,0,72,0
0,134,134,5
4,0,4,0
0,79,79,67
15,0,15,0
26,0,26,0
1837,0,1837,0
0,382,382,36
329,0,329,0
0,126,126,47
19,0,19,0
0,60,60,21
70,0,70,0
33,0,33,0
13,0,13,0
2,0,2,0
680,0,680,0
0,328,328,21
66,0,66,0
0,2,2,31
1,0,1,0
0,90,90,67
46,0,46,0
28,0,28,0
2,0,2,0
0,254,254,7
340,0,340,0
49,0,49,0
64,0,64,0
0,3,3,11
98,0,98,0
0,38,38,0
295,0,295,0
0,14,14,51
5,0,5,0
19,0,19,0
232,0,232,0
0,30,30,43
115,0,115,0
0,151,151,21
63,0,63,0
141,0,141,0
40,0,40,0
0,91,91,64
106,0,106,0
344,0,344,0
0,116,116,35
109,0,109,0
0,52,52,15
0,395,395,33
9,0,9,0
0,39,39,31
8,0,8,0
84,0,84,0
62,0,62,0
0,55,55,26
10,0,10,0
0,117,117,4
10,0,10,0
0,11,11,24
21,0,21,0
3,0,3,0
0,1,1,2
0,248,248,12
37,0,37,0
0,11,11,62
22,0,22,0
531,0,531,0
0,300,300,12
95,0,95,0
0,39,39,8
145,0,145,0
0,457,457,48
10,0,10,0
0,376,376,56
158,0,158,0
0,98,98,90
61,0,61,0
65,0,65,0
5,0,5,0
0,199,199,10
20,0,20,0
3,0,3,0
0,97,97,15
326,0,326,0
2,0,2,0
0,13,13,2
36,0,36,0
0,49,49,10
40,0,40,0
0,883,883,18
534,0,534,0
0,112,112,4
0,115,115,6
47,0,47,0
38,0,38,0
0,84,84,9
251,0,251,0
0,4,4,23
4,0,4,0
8,0,8,0
56,0,56,0
8,0,8,0
0,59,59,13
66,0,66,0
1,0,1,0
0,176,176,46
2,0,2,0
0,130,130,8
0,677,677,118
482,0,482,0
0,90,90,46
107,0,107,0
9,0,9,0
34,0,34,0
0,46,46,8
6,0,6,0
0,18,18,11
19,0,19,0
755,0,755,0
0,353,353,50
17,0,17,0
0,34,34,15
1,0,1,0
0,21,21,18
23,0,23,0
44,0,44,0
0,155,155,59
85,0,85,0
0,63,63,50
0,95,95,5
6,0,6,0
0,67,67,66
71,0,71,0
0,195,195,18
83,0,83,0
12,0,12,0
0,174,174,14
1,0,1,0
0,36,36,14
26,0,26,0
0,323,323,58
2,0,2,0
1,0,1,0
0,121,121,12
423,0,423,0
0,30,30,5
161,0,161,0
1,0,1,0
0,9,9,26
28,0,28,0
0,26,26,8
10,0,10,0
0,296,296,44
0,35,35,77
32,0,32,0
0,17,17,11
8,0,8,0
0,1,1,2
4,0,4,0
0,608,608,25
352,0,352,0
454,0,454,0
12,0,12,0
0,16,16,4
42,0,42,0
0,27,27,28
4,0,4,0
169,0,169,0
12,0,12,0
2,0,2,0
0,8,8,8
239,0,239,0
128,0,128,0
27,0,27,0
0,21,21,8
146,0,146,0
0,26,26,25
9,0,9,0
0,7,7,9
1,0,1,0
0,41,41,0
3,0,3,0
0,3,3,103
18,0,18,0
0,535,535,17
89,0,89,0
0,150,150,14
139,0,139,0
8,0,8,0
0,95,95,2
50,0,50,0
0,51,51,42
28,0,28,0
12,0,12,0
0,2532,2532,33
2491,0,2491,0
0,3,3,179
9,0,9,0
0,245,245,19
24,0,24,0
0,55,55,15
68,0,68,0
232,0,232,0
0,59,59,74
48,0,48,0
2,0,2,0
210,0,210,0
0,146,146,1
140,0,140,0
0,84,84,3
23,0,23,0
57,0,57,0
0,27,27,8
1,0,1,0
0,519,519,64
397,0,397,0
128,0,128,0
2,0,2,0
38,0,38,0
153,0,153,0
46,0,46,0
46,0,46,0
165,0,165,0
43,0,43,0
0,248,248,39
124,0,124,0
4,0,4,0
15,0,15,0
0,920,920,6
897,0,897,0
0,117,117,60
0,801,801,74
6,0,6,0
1,0,1,0
33,0,33,0
814,0,814,0
1,295,296,38
110,0,110,0
0,313,313,30
161,0,161,0
0,84,84,29
2,0,2,0
0,150,150,30
18,0,18,0
0,106,106,39
106,0,106,0
59,0,59,0
17,0,17,0
0,1,1,0
18,0,18,0
13,0,13,0
0,15,15,1
1,0,1,0
203,0,203,0
0,62,62,15
27,0,27,0
1,0,1,0
148,0,148,0
72,0,72,0
0,229,229,88
2,0,2,0
0,7,7,5
30,0,30,0
0,79,79,10
1,0,1,0
385,0,385,0
0,325,325,11
92,0,92,0
0,25,25,12
23,0,23,0
27,0,27,0
0,27,27,57
431,0,431,0
77,0,77,0
0,43,43,3
114,0,114,0
0,10,10,0
122,0,122,0
0,87,87,87
0,2,2,38
62,0,62,0
0,212,212,3
9,0,9,0
300,0,300,0
216,0,216,0
0,63,63,4
96,0,96,0
2,0,2,0
0,106,106,19
18,0,18,0
881,0,881,0
0,3,3,3
2,0,2,0
0,1048,1048,70
396,0,396,0
0,384,384,13
34,0,34,0
0,139,139,0
41,0,41,0
27,0,27,0
4,0,4,0
8,0,8,0
0,106,106,25
22,0,22,0
0,1548,1548,236
124,0,124,0
1039,0,1039,0
0,13,13,4
180,0,180,0
0,214,214,2
63,0,63,0
595,0,595,0
100,0,100,0
58,0,58,0
6,0,6,0
258,0,258,0
0,3,3,5
70,0,70,0
0,940,940,63
867,0,867,0
27,0,27,0
0,1023,1023,59
972,0,972,0
0,133,133,76
0,784,784,49
0,1,1,5
14,0,14,0
8,0,8,0
2,0,2,0
137,0,137,0
1,301,302,27
0,64,64,0
83,0,83,0
2,0,2,0
0,59,59,13
60,0,60,0
0,213,213,33
0,44,44,11
28,0,28,0
184,0,184,0
0,85,85,42
40,0,40,0
91,0,91,0
0,17,17,1
55,0,55,0
174,0,174,0
0,319,319,11
3363,0,3363,0
0,69,69,106
87,0,87,0
2,0,2,0
0,507,507,48
72,0,72,0
10,0,10,0
29,0,29,0
0,34,34,39
0,118,118,90
7,0,7,0
0,208,208,25
7,0,7,0
0,181,181,0
0,15,15,2
3,0,3,0
0,11,11,4
4,0,4,0
13,0,13,0
4,0,4,0
0,80,80,9
6,0,6,0
0,157,157,54
0,58,58,17
39,0,39,0
0,13,13,9
15,0,15,0
19,0,19,0
1,0,1,0
235,0,235,0
0,47,47,54
1989,0,1989,0
59,0,59,0
63,0,63,0
2,0,2,0
17,0,17,0
0,193,193,52
736,0,736,0
0,187,187,1
133,0,133,0
4,0,4,0
0,15,15,41
16,0,16,0
9,0,9,0
0,89,89,20
4,0,4,0
0,71,71,79
77,0,77,0
0,67,67,22
0,105,105,91
19,0,19,0
0,112,112,20
131,0,131,0
53,0,53,0
9,0,9,0
70,0,70,0
0,99,99,35
33,0,33,0
0,249,249,5
48,0,48,0
0,178,178,23
199,0,199,0
0,97,97,5
11,0,11,0
0,631,631,14
0,407,407,109
142,0,142,0
122,0,122,0
6,0,6,0
0,28,28,49
3,0,3,0
0,8,8,10
3,0,3,0
5,0,5,0
0,236,236,27
298,0,298,0
0,79,79,9
209,0,209,0
0,154,154,17
25,0,25,0
104,0,104,0
8,0,8,0
0,238,238,26
247,0,247,0
9,0,9,0
0,6,6,2
512,0,512,0
0,29,29,7
55,0,55,0
86,0,86,0
0,139,139,7
117,0,117,0
0,2150,2150,46
428,0,428,0
6,0,6,0
0,270,270,2
25,0,25,0
0,312,312,11
1,0,1,0
146,0,146,0
0,102,102,30
64,0,64,0
106,0,106,0
191,0,191,0
0,129,129,13
3,0,3,0
2,0,2,0
0,2,2,87
0,28,28,54
34,0,34,0
0,170,170,1
0,732,732,9
96,0,96,0
0,104,104,0
217,0,217,0
0,35,35,50
1,0,1,0
5,0,5,0
69,0,69,0
0,5,5,3
2,0,2,0
0,262,262,71
1,0,1,0
312,0,312,0
0,12,12,0
1,0,1,0
45,0,45,0
51,0,51,0
44,0,44,0
0,60,60,113
0,189,189,13
136,0,136,0
7,0,7,0
0,57,57,13
46,0,46,0
0,199,199,66
164,0,164,0
6,0,6,0
0,298,298,20
4,0,4,0
0,88,88,3
9,0,9,0
5,0,5,0
0,139,139,12
969,0,969,0
0,600,600,45
13,0,13,0
0,1246,1246,20
442,0,442,0
10,0,10,0
2,0,2,0
0,233,233,48
38,0,38,0
255,0,255,0
29,0,29,0
0,441,441,20
42,0,42,0
23,0,23,0
0,75,75,6
14,0,14,0
0,421,421,15
3,0,3,0
9,0,9,0
6,0,6,0
0,1,1,11
10,0,10,0
33,0,33,0
31,0,31,0
1,0,1,0
0,362,362,21
280,0,280,0
0,141,141,87
173,0,173,0
0,62,62,26
1,0,1,0
89,0,89,0
0,163,163,55
4,0,4,0
184,0,184,0
0,36,36,9
142,0,142,0
64,0,64,0
0,26,26,18
6,0,6,0
0,118,118,14
2,0,2,0
119,0,119,0
0,408,408,36
0,65,65,34
34,0,34,0
75,0,75,0
202,0,202,0
0,12,12,25
49,0,49,0
0,18,18,8
0,54,54,36
17,0,17,0
0,21,21,0
3,0,3,0
0,72,72,3
23,0,23,0
0,113,113,45
4,0,4,0
108,0,108,0
0,1,1,15
0,140,140,37
12,0,12,0
4,0,4,0
135,0,135,0
0,50,50,27
32,0,32,0
0,201,201,135
188,0,188,0
0,455,455,66
0,678,678,67
7,0,7,0
2,0,2,0
10,0,10,0
0,294,294,29
343,0,343,0
2,0,2,0
717,0,717,0
0,47,47,24
321,0,321,0
0,132,132,31
25,0,25,0
0,24,24,1
0,154,154,6
13,0,13,0
0,136,136,76
27,0,27,0
0,26,26,1
74,0,74,0
203,0,203,0
48,0,48,0
0,323,323,24
221,0,221,0
0,238,238,23
200,0,200,0
20,0,20,0
0,15,15,22
0,23,23,6
0,19,19,6
14,0,14,0
0,39,39,7
58,0,58,0
0,43,43,55
28,0,28,0
0,19,19,31
2,0,2,0
37,0,37,0
0,102,102,54
13,0,13,0
18,0,18,0
0,35,35,36
66,0,66,0
0,592,592,41
274,0,274,0
0,109,109,18
535,0,535,0
31,0,31,0
2,0,2,0
0,4,4,1
4,0,4,0
0,102,102,107
35,0,35,0
0,15,15,109
7,0,7,0
0,58,58,27
2,0,2,0
204,0,204,0
5,0,5,0
0,358,358,66
141,0,141,0
0,302,302,39
38,0,38,0
7,0,7,0
0,64,64,4
3,0,3,0
0,1,1,10
124,0,124,0
445,0,445,0
716,0,716,0
83,0,83,0
0,66,66,2
143,0,143,0
0,1,1,4
60,0,60,0
0,154,154,110
15,0,15,0
0,2,2,16
402,0,402,0
0,159,159,101
60,0,60,0
46,0,46,0
0,101,101,87
34,0,34,0
232,0,232,0
0,1309,1309,70
0,77,77,3
84,0,84,0
217,0,217,0
1,0,1,0
0,119,119,42
96,0,96,0
10,0,10,0
42,0,42,0
0,31,31,15
2,0,2,0
0,63,63,65
11,0,11,0
0,148,148,54
177,0,177,0
45,0,45,0
391,0,391,0
0,29,29,26
0,110,110,17
0,170,170,5
192,0,192,0
293,0,293,0
22,0,22,0
0,327,327,56
3,0,3,0
0,25,25,11
20,0,20,0
80,0,80,0
0,318,318,89
0,259,259,81
223,0,223,0
0,11,11,25
0,1096,1096,5
7,0,7,0
542,0,542,0
2,0,2,0
137,0,137,0
149,0,149,0
0,31,31,31
18,0,18,0
10,0,10,0
0,5,5,43
2,0,2,0
1,0,1,0
0,40,40,9
32,0,32,0
55,0,55,0
0,480,480,26
15,0,15,0
0,47,47,26
14,0,14,0
0,6,6,14
371,0,371,0
1,0,1,0
4,0,4,0
23,0,23,0
5,0,5,0
0,67,67,2
38,0,38,0
48,0,48,0
0,207,207,60
0,329,329,33
10,0,10,0
0,56,56,18
130,0,130,0
0,326,326,186
342,0,342,0
0,255,255,91
246,0,246,0
0,72,72,7
75,0,75,0
0,109,109,7
209,0,209,0
0,228,228,57
18,0,18,0
11,0,11,0
0,28,28,17
19,0,19,0
0,280,280,1
198,0,198,0
68,0,68,0
6,0,6,0
2,0,2,0
3,0,3,0
0,162,162,27
8,0,8,0
61,0,61,0
200,0,200,0
256,0,256,0
0,29,29,5
2,0,2,0
471,0,471,0
0,1243,1243,3
895,0,895,0
0,348,348,90
94,0,94,0
0,568,568,1
169,0,169,0
0,128,128,17
72,0,72,0
433,0,433,0
136,0,136,0
0,124,124,51
12,0,12,0
0,9,9,10
98,0,98,0
150,0,150,0
0,99,99,11
100,0,100,0
0,159,159,18
1,0,1,0
15,0,15,0
22,0,22,0
1,0,1,0
0,35,35,22
68,0,68,0
678,0,678,0
0,613,613,178
8,0,8,0
0,465,465,95
8,0,8,0
0,90,90,28
83,0,83,0
50,0,50,0
0,17,17,49
139,0,139,0
56,0,56,0
3,0,3,0
0,316,316,17
0,15,15,34
16,0,16,0
0,195,195,268
8,0,8,0
1079,0,1079,0
0,404,404,113
12,0,12,0
0,217,217,177
176,0,176,0
0,24,24,27
38,0,38,0
0,261,261,16
141,0,141,0
0,22,22,6
52,0,52,0
0,150,150,27
244,0,244,0
0,376,376,89
8,0,8,0
9,0,9,0
10,0,10,0
343,0,343,0
0,21,21,14
0,220,220,61
6,0,6,0
0,2104,2104,10
2078,0,2078,0
0,321,321,23
447,0,447,0
0,80,80,28
91,0,91,0
0,144,144,82
603,0,603,0
0,675,675,15
800,0,800,0
0,40,40,3
0,550,550,7
8,0,8,0
0,116,116,71
1,0,1,0
17,0,17,0
66,0,66,0
30,0,30,0
186,0,186,0
0,573,573,18
392,0,392,0
317,0,317,0
0,28,28,49
30,0,30,0
0,36,36,7
22,0,22,0
0,46,46,48
0,27,27,27
26,0,26,0
0,42,42,14
16,0,16,0
0,288,288,71
56,0,56,0
81,0,81,0
82,0,82,0
7,0,7,0
2,0,2,0
0,238,238,49
3,0,3,0
1,0,1,0
0,246,246,18
8,0,8,0
0,54,54,5
20,0,20,0
0,134,134,4
36,0,36,0
0,204,204,0
129,0,129,0
1,0,1,0
0,135,135,20
1,0,1,0
0,112,112,49
0,86,86,3
88,0,88,0
9,0,9,0
0,43,43,23
3,0,3,0
703,0,703,0
0,35,35,2
2,0,2,0
0,146,146,225
1,0,1,0
0,139,139,5
5,0,5,0
9,0,9,0
0,1658,1658,142
0,166,166,23
4,0,4,0
0,8,8,92
5,0,5,0
0,82,82,22
7,0,7,0
2,0,2,0
0,27,27,19
4,0,4,0
106,0,106,0
0,264,264,64
3,0,3,0
0,28,28,9
12,0,12,0
0,118,118,55
53,0,53,0
0,352,352,2
195,0,195,0
0,80,80,7
98,0,98,0
0,12,12,3
1,0,1,0
0,154,154,13
43,0,43,0
0,248,248,37
2,0,2,0
0,9,9,4
1,0,1,0
2,0,2,0
46,0,46,0
0,5,5,23
0,11,11,46
7,0,7,0
0,208,208,48
759,0,759,0
84,0,84,0
109,0,109,0
0,24,24,19
61,0,61,0
0,398,398,5
363,0,363,0
0,51,51,3
0,15,15,10
32,0,32,0
0,79,79,0
486,0,486,0
0,142,142,31
6,0,6,0
0,161,161,105
24,0,24,0
0,276,276,18
598,0,598,0
0,75,75,38
449,0,449,0
0,5,5,64
9,0,9,0
176,0,176,0
0,12,12,4
89,0,89,0
1,0,1,0
196,0,196,0
0,330,330,2
204,0,204,0
5,0,5,0
27,0,27,0
0,255,255,26
27,0,27,0
0,2,2,21
34,0,34,0
9,0,9,0
5,0,5,0
1124,0,1124,0
0,17,17,0
38,0,38,0
0,319,319,22
218,0,218,0
0,113,113,24
75,0,75,0
0,96,96,85
36,0,36,0
0,121,121,5
62,0,62,0
0,108,108,40
233,0,233,0
0,109,109,16
7,0,7,0
0,107,107,1
7,0,7,0
16,0,16,0
11,0,11,0
0,33,33,2
1,0,1,0
4,0,4,0
91,0,91,0
0,435,435,45
43,0,43,0
35,0,35,0
5,0,5,0
0,6,6,6
9,0,9,0
0,4,4,14
23,0,23,0
0,17,17,103
16,0,16,0
416,0,416,0
0,106,106,4
59,0,59,0
59,0,59,0
0,7,7,13
0,10,10,10
44,0,44,0
0,472,472,13
553,0,553,0
0,30,30,3
117,0,117,0
0,354,354,8
101,0,101,0
0,68,68,8
0,290,290,98
0,84,84,16
2,0,2,0
77,0,77,0
71,0,71,0
0,76,76,32
41,0,41,0
29,0,29,0
8,0,8,0
518,0,518,0
10,0,10,0
3,0,3,0
0,404,404,57
92,0,92,0
0,54,54,52
46,0,46,0
3,423,426,22
46,0,46,0
0,5,5,1
17,0,17,0
0,173,173,10
0,32,32,8
45,0,45,0
0,46,46,204
57,0,57,0
103,0,103,0
0,122,122,7
0,146,146,4
0,234,234,40
247,0,247,0
0,4,4,43
159,0,159,0
0,691,691,62
28,0,28,0
0,296,296,16
139,0,139,0
2,0,2,0
0,194,194,78
21,0,21,0
5,0,5,0
0,73,73,21
76,0,76,0
11,0,11,0
28,0,28,0
29,0,29,0
172,0,172,0
0,34,34,6
69,0,69,0
1,0,1,0
0,5,5,15
0,982,982,34
971,0,971,0
0,50,50,111
7,0,7,0
89,0,89,0
0,33,33,42
326,0,326,0
37,0,37,0
0,55,55,2
0,365,365,48
80,0,80,0
0,18,18,7
281,0,281,0
0,187,187,27
0,801,801,17
0,39,39,12
0,7,7,24
2,0,2,0
0,213,213,44
0,27,27,35
95,0,95,0
0,11,11,2
110,0,110,0
405,0,405,0
44,0,44,0
36,0,36,0
138,0,138,0
14,0,14,0
0,2,2,3
21,0,21,0
0,63,63,13
58,0,58,0
0,17,17,23
1,0,1,0
15,0,15,0
286,0,286,0
8,0,8,0
0,29,29,36
25,0,25,0
0,37,37,2
2,0,2,0
0,242,242,21
0,9,9,6
21,0,21,0
15,0,15,0
259,0,259,0
0,4,4,31
0,440,440,22
1,0,1,0
261,0,261,0
0,274,274,13
438,0,438,0
0,53,53,21
32,0,32,0
44,0,44,0
0,425,425,26
0,162,162,6
326,0,326,0
156,0,156,0
0,3,3,2
2,0,2,0
155,0,155,0
116,0,116,0
47,0,47,0
0,125,125,27
79,0,79,0
0,5,5,0
8,0,8,0
0,3,3,4
104,0,104,0
0,199,199,31
0,42,42,28
446,0,446,0
0,629,629,10
18,0,18,0
0,662,662,61
884,0,884,0
107,0,107,0
59,0,59,0
518,0,518,0
5,0,5,0
0,23,23,2
19,0,19,0
14,0,14,0
0,7,7,43
8,0,8,0
0,78,78,61
0,1,1,4
0,51,51,23
73,0,73,0
0,4,4,0
3,0,3,0
0,75,75,6
6,0,6,0
0,34,34,7
98,0,98,0
0,931,931,95
17,0,17,0
0,184,184,5
90,0,90,0
0,49,49,8
62,0,62,0
29,0,29,0
0,46,46,15
24,0,24,0
0,68,68,51
294,0,294,0
0,73,73,42
26,0,26,0
2,0,2,0
0,245,245,7
0,42,42,136
30,0,30,0
94,0,94,0
0,7,7,13
19,0,19,0
2,0,2,0
5,0,5,0
0,64,64,5
68,0,68,0
18,0,18,0
17,0,17,0
81,0,81,0
0,5,5,2
0,39,39,3
53,0,53,0
178,0,178,0
0,8,8,88
48,0,48,0
34,0,34,0
393,0,393,0
1,0,1,0
0,32,32,1
8,0,8,0
0,5,5,2
1,0,1,0
63,0,63,0
14,0,14,0
0,65,65,11
114,0,114,0
45,0,45,0
3,0,3,0
3,0,3,0
3,0,3,0
10,0,10,0
0,292,292,13
0,121,121,18
113,0,113,0
0,7,7,15
0,62,62,35
52,0,52,0
55,0,55,0
0,81,81,15
0,84,84,21
9,0,9,0
0,91,91,0
30,0,30,0
8,0,8,0
0,187,187,19
258,0,258,0
4,0,4,0
0,2,2,4
0,13,13,9
202,0,202,0
17,0,17,0
0,33,33,42
6,0,6,0
0,44,44,16
268,0,268,0
0,76,76,33
72,0,72,0
0,281,281,150
0,47,47,1
4,0,4,0
9,0,9,0
100,0,100,0
0,37,37,0
10,0,10,0
0,767,767,123
28,0,28,0
15,0,15,0
5,0,5,0
0,119,119,13
164,0,164,0
0,29,29,38
23,0,23,0
0,225,225,27
392,0,392,0
1,0,1,0
0,10,10,17
0,339,339,27
10,0,10,0
80,0,80,0
2,0,2,0
0,83,83,20
306,0,306,0
0,32,32,16
33,0,33,0
0,24,24,23
3,0,3,0
0,3,3,8
28,0,28,0
0,4,4,12
2,0,2,0
0,59,59,9
66,0,66,0
0,64,64,53
0,114,114,8
197,0,197,0
0,73,73,29
189,0,189,0
0,26,26,30
95,0,95,0
0,33,33,9
3,0,3,0
0,637,637,71
259,0,259,0
0,58,58,28
51,0,51,0
0,181,181,40
145,0,145,0
0,567,567,10
358,0,358,0
0,97,97,29
169,0,169,0
4,0,4,0
289,0,289,0
0,100,100,16
14,0,14,0
0,8,8,3
52,0,52,0
0,96,96,32
100,0,100,0
0,4,4,0
0,191,191,69
131,0,131,0
0,55,55,30
339,0,339,0
8,0,8,0
0,408,408,114
539,0,539,0
0,76,76,10
58,0,58,0
0,14,14,5
20,0,20,0
28,0,28,0
0,21,21,5
15,0,15,0
18,0,18,0
0,1071,1071,20
0,171,171,31
37,0,37,0
0,111,111,45
1,0,1,0
0,104,104,63
46,0,46,0
0,18,18,1
1,0,1,0
0,25,25,141
20,0,20,0
23,0,23,0
0,1,1,2
0,331,331,24
0,110,110,10
216,0,216,0
0,215,215,9
723,0,723,0
0,229,229,0
8,0,8,0
0,115,115,46
40,0,40,0
0,278,278,15
0,70,70,50
5,0,5,0
18,0,18,0
0,807,807,45
888,0,888,0
0,71,71,2
21,0,21,0
94,0,94,0
43,0,43,0
1,0,1,0
769,0,769,0
0,146,146,30
631,0,631,0
2,0,2,0
0,8,8,20
58,0,58,0
0,110,110,24
113,0,113,0
0,60,60,0
62,0,62,0
0,2,2,14
17,0,17,0
0,1,1,1
18,0,18,0
0,897,897,50
2,0,2,0
169,0,169,0
1,0,1,0
0,253,253,84
256,0,256,0
783,0,783,0
510,0,510,0
19,0,19,0
6,0,6,0
0,282,282,10
150,0,150,0
0,11,11,1
0,202,202,4
180,0,180,0
0,9,9,17
58,0,58,0
0,1433,1433,25
1000,0,1000,0
0,722,722,58
790,0,790,0
0,46,46,15
12,0,12,0
177,0,177,0
0,535,535,22
303,0,303,0
0,1,1,0
3,0,3,0
0,138,138,44
142,0,142,0
0,21,21,2
1,0,1,0
0,217,217,8
543,0,543,0
0,336,336,0
56,0,56,0
0,190,190,30
248,0,248,0
588,0,588,0
0,541,541,30
542,0,542,0
3,0,3,0
0,100,100,17
45,0,45,0
0,206,206,48
77,0,77,0
186,0,186,0
0,25,25,139
81,0,81,0
26,0,26,0
0,116,116,15
173,0,173,0
0,9,9,0
10,0,10,0
7,0,7,0
0,14,14,3
82,0,82,0
0,143,143,24
204,0,204,0
0,80,80,9
60,0,60,0
0,24,24,5
13,0,13,0
0,401,401,7
30,0,30,0
0,1,1,1
7,0,7,0
0,120,120,17
81,0,81,0
0,504,504,136
491,0,491,0
0,2,2,12
35,0,35,0
0,197,197,17
4,0,4,0
0,12,12,11
40,0,40,0
17,0,17,0
0,79,79,9
106,0,106,0
0,40,40,128
83,0,83,0
0,3,3,6
16,0,16,0
140,0,140,0
2,367,369,9
148,0,148,0
48,0,48,0
41,0,41,0
9,0,9,0
0,2,2,9
91,0,91,0
0,657,657,146
270,0,270,0
0,31,31,1
19,0,19,0
0,113,113,123
124,0,124,0
0,217,217,12
300,0,300,0
195,0,195,0
9,0,9,0
36,0,36,0
2,0,2,0
98,0,98,0
0,199,199,63
0,324,324,10
3,0,3,0
2,0,2,0
0,4,4,0
0,434,434,104
116,0,116,0
22,0,22,0
0,9,9,48
182,0,182,0
0,50,50,43
243,0,243,0
0,100,100,42
69,0,69,0
0,233,233,112
1,0,1,0
239,0,239,0
7,0,7,0
0,381,381,51
4,0,4,0
23,0,23,0
0,965,965,16
959,0,959,0
195,0,195,0
0,24,24,12
0,192,192,58
0,661,661,60
6,0,6,0
43,0,43,0
22,0,22,0
0,193,193,64
155,0,155,0
0,15,15,60
4,0,4,0
0,167,167,38
241,0,241,0
213,0,213,0
21,0,21,0
3,0,3,0
641,0,641,0
534,0,534,0
0,94,94,12
21,0,21,0
0,76,76,109
4,0,4,0
0,99,99,33
123,0,123,0
814,0,814,0
23,85,108,110
0,215,215,27
104,0,104,0
0,1654,1654,30
2,0,2,0
45,0,45,0
284,0,284,0
168,0,168,0
0,44,44,18
428,0,428,0
0,86,86,19
31,0,31,0
0,111,111,0
134,0,134,0
8,0,8,0
0,92,92,76
64,0,64,0
26,0,26,0
0,136,136,124
141,0,141,0
11,0,11,0
0,81,81,2
0,234,234,31
195,0,195,0
0,126,126,26
99,0,99,0
0,15,15,0
47,0,47,0
1,0,1,0
5,0,5,0
431,0,431,0
0,172,172,12
121,0,121,0
0,391,391,25
3,0,3,0
180,0,180,0
0,177,177,8
0,239,239,52
5,0,5,0
0,255,255,28
254,0,254,0
0,34,34,38
2,0,2,0
0,67,67,10
104,0,104,0
0,460,460,3
33,0,33,0
0,239,239,79
206,0,206,0
0,131,131,7
6,0,6,0
73,0,73,0
0,72,72,26
31,0,31,0
81,0,81,0
0,48,48,40
8,0,8,0
0,20,20,7
0,89,89,7
12,0,12,0
0,2,2,81
0,508,508,156
269,0,269,0
0,2,2,0
3,0,3,0
0,442,442,65
75,0,75,0
26,0,26,0
0,30,30,0
3,0,3,0
33,0,33,0
0,36,36,9
1,0,1,0
23,0,23,0
65,0,65,0
2,0,2,0
3,0,3,0
0,58,58,30
0,133,133,20
14,0,14,0
0,1279,1279,31
407,0,407,0
0,239,239,13
123,0,123,0
0,62,62,23
60,0,60,0
109,0,109,0
0,1,1,0
2,0,2,0
0,8869,8869,62
8849,0,8849,0
1,0,1,0
0,640,640,9
636,0,636,0
0,140,140,21
87,0,87,0
3,0,3,0
78,0,78,0
0,87,87,7
82,0,82,0
0,6,6,25
27,0,27,0
0,10,10,6
0,65,65,33
6,0,6,0
0,34,34,14
0,205,205,13
6,0,6,0
1,0,1,0
3,0,3,0
51,0,51,0
0,244,244,5
474,0,474,0
20,0,20,0
0,435,435,37
261,0,261,0
42,0,42,0
0,125,125,9
67,0,67,0
41,0,41,0
0,459,459,31
138,0,138,0
0,53,53,83
0,445,445,39
126,0,126,0
0,19,19,45
82,0,82,0
0,28,28,0
3,0,3,0
2,0,2,0
0,67,67,16
77,0,77,0
4,0,4,0
76,0,76,0
0,70,70,27
65,0,65,0
0,14,14,2
16,0,16,0
13,0,13,0
35,0,35,0
0,312,312,31
127,0,127,0
0,8,8,5
87,0,87,0
0,7,7,116
216,0,216,0
0,13,13,103
10,0,10,0
4,0,4,0
0,47,47,15
32,0,32,0
1,0,1,0
0,88,88,7
49,0,49,0
0,2,2,4
40,0,40,0
0,28,28,69
2,0,2,0
0,794,794,21
781,0,781,0
8,0,8,0
0,38,38,52
32,0,32,0
108,0,108,0
33,0,33,0
0,23,23,1
56,0,56,0
0,6,6,51
33,0,33,0
59,0,59,0
0,1,1,0
2,0,2,0
36,0,36,0
0,329,329,103
0,633,633,1
859,0,859,0
41,0,41,0
250,0,250,0
0,45,45,6
84,0,84,0
64,0,64,0
1,0,1,0
0,371,371,29
366,0,366,0
1,0,1,0
0,30,30,0
119,0,119,0
44,0,44,0
0,26,26,14
39,0,39,0
2,0,2,0
42,0,42,0
0,48,48,86
3,0,3,0
0,16,16,4
133,0,133,0
124,0,124,0
6,0,6,0
118,0,118,0
0,158,158,21
0,72,72,31
104,0,104,0
40,0,40,0
0,14,14,5
22,0,22,0
0,12,12,2
5,0,5,0
3,0,3,0
8,0,8,0
0,18,18,39
8,0,8,0
207,0,207,0
93,0,93,0
0,66,66,20
20,0,20,0
24,0,24,0
0,203,203,9
213,0,213,0
0,125,125,4
0,47,47,33
74,0,74,0
1,0,1,0
0,124,124,32
0,383,383,58
76,0,76,0
0,15,15,73
3,0,3,0
0,64,64,70
34,0,34,0
0,1,1,58
0,2,2,3
27,0,27,0
0,21,21,19
0,476,476,18
4,0,4,0
61,0,61,0
41,0,41,0
0,97,97,12
4,0,4,0
0,73,73,0
140,0,140,0
0,510,510,1
46,0,46,0
9,0,9,0
10,0,10,0
0,576,576,54
392,0,392,0
6,0,6,0
0,208,208,7
0,72,72,4
884,0,884,0
1,0,1,0
0,154,154,19
0,72,72,315
31,0,31,0
0,37,37,14
103,0,103,0
0,16,16,27
618,0,618,0
3,0,3,0
0,808,808,21
530,0,530,0
0,26,26,3
264,0,264,0
0,42,42,58
60,0,60,0
0,403,403,30
316,0,316,0
0,549,549,3
126,0,126,0
0,80,80,43
22,0,22,0
207,0,207,0
0,142,142,125
26,0,26,0
0,226,226,4
208,0,208,0
0,86,86,8
0,63,63,26
56,0,56,0
0,205,205,13
0,67,67,6
0,27,27,13
1,0,1,0
13,0,13,0
0,531,531,77
17,0,17,0
32,0,32,0
215,0,215,0
31,0,31,0
198,0,198,0
0,674,674,31
0,23,23,26
36,0,36,0
0,1461,1461,40
1523,0,1523,0
0,4,4,86
1,0,1,0
16,0,16,0
31,0,31,0
0,401,401,200
26,0,26,0
0,50,50,12
3,0,3,0
0,15,15,6
9,0,9,0
0,26,26,4
2,0,2,0
0,96,96,7
0,486,486,18
0,99,99,77
275,0,275,0
0,25,25,48
4,0,4,0
0,26,26,2
0,48,48,14
904,0,904,0
33,0,33,0
0,4,4,36
58,0,58,0
21,0,21,0
8,0,8,0
0,318,318,14
435,0,435,0
0,36,36,0
40,0,40,0
37,0,37,0
0,198,198,38
0,110,110,14
0,80,80,16
67,0,67,0
0,310,310,15
232,0,232,0
0,49,49,7
14,0,14,0
1,913,914,3
168,0,168,0
0,64,64,98
2,0,2,0
842,0,842,0
161,0,161,0
1,0,1,0
4,0,4,0
13,0,13,0
0,3,3,9
67,0,67,0
0,314,314,4
27,0,27,0
24,0,24,0
0,199,199,13
8,0,8,0
76,0,76,0
0,19,19,16
16,0,16,0
132,0,132,0
0,334,334,23
109,0,109,0
102,0,102,0
0,14,14,28
3,0,3,0
60,0,60,0
339,0,339,0
0,263,263,5
363,0,363,0
0,42,42,28
74,0,74,0
8,0,8,0
10,0,10,0
0,8,8,24
53,0,53,0
299,0,299,0
0,35,35,39
0,20,20,8
4,0,4,0
225,0,225,0
0,89,89,24
121,0,121,0
5,0,5,0
335,0,335,0
0,1345,1345,58
2,0,2,0
712,0,712,0
0,99,99,8
50,0,50,0
295,0,295,0
0,228,228,6
312,0,312,0
0,62,62,19
0,264,264,164
106,0,106,0
83,0,83,0
12,0,12,0
22,0,22,0
0,29,29,0
24,0,24,0
2,0,2,0
0,264,264,60
28,0,28,0
113,0,113,0
0,121,121,77
373,0,373,0
267,0,267,0
0,332,332,0
612,0,612,0
0,132,132,37
0,11,11,55
14,0,14,0
19,0,19,0
18,0,18,0
427,0,427,0
42,0,42,0
0,35,35,76
30,0,30,0
77,0,77,0
0,88,88,41
4,0,4,0
0,27,27,19
0,26,26,3
8,0,8,0
765,0,765,0
0,152,152,30
0,150,150,146
191,0,191,0
0,13,13,1
265,0,265,0
0,25,25,29
2,0,2,0
68,0,68,0
0,46,46,49
36,0,36,0
0,450,450,10
0,360,360,4
460,0,460,0
355,0,355,0
0,5,5,0
42,0,42,0
0,340,340,91
348,0,348,0
0,35,35,39
9,0,9,0
2,0,2,0
0,17,17,1
130,0,130,0
0,16,16,36
2,0,2,0
0,69,69,65
6,0,6,0
25,0,25,0
336,0,336,0
16,0,16,0
0,49,49,11
0,74,74,11
71,0,71,0
0,47,47,6
63,0,63,0
0,23,23,24
67,0,67,0
24,0,24,0
0,20,20,24
19,0,19,0
179,0,179,0
0,173,173,38
0,2,2,3
57,0,57,0
0,265,265,55
23,0,23,0
0,55,55,56
132,0,132,0
0,104,104,9
18,0,18,0
0,899,899,43
116,0,116,0
35,0,35,0
187,0,187,0
0,101,101,11
74,0,74,0
14,0,14,0
0,26,26,16
21,0,21,0
1,0,1,0
1,0,1,0
0,39,39,91
26,0,26,0
153,0,153,0
0,24,24,18
589,0,589,0
0,14,14,1
45,0,45,0
16,0,16,0
104,0,104,0
0,18,18,16
0,120,120,54
20,0,20,0
143,0,143,0
370,0,370,0
0,47,47,119
32,0,32,0
0,266,266,52
80,0,80,0
0,171,171,23
0,37,37,8
91,0,91,0
116,0,116,0
154,0,154,0
0,135,135,42
268,0,268,0
0,26,26,34
16,0,16,0
0,42,42,5
368,0,368,0
100,0,100,0
19,0,19,0
0,39,39,10
27,0,27,0
0,10,10,27
7,0,7,0
5,0,5,0
0,237,237,16
2,0,2,0
0,1,1,6
12,0,12,0
0,81,81,91
14,0,14,0
245,0,245,0
270,0,270,0
0,173,173,33
77,0,77,0
0,12,12,2
2,0,2,0
0,45,45,7
4,0,4,0
27,0,27,0
1,0,1,0
0,182,182,24
2,0,2,0
20,0,20,0
232,0,232,0
631,0,631,0
75,0,75,0
90,0,90,0
0,77,77,29
16,0,16,0
0,16,16,13
40,0,40,0
0,29,29,21
0,187,187,18
98,0,98,0
0,239,239,54
277,0,277,0
0,35,35,59
100,0,100,0
39,0,39,0
0,612,612,124
554,0,554,0
0,87,87,408
13,0,13,0
3,0,3,0
272,0,272,0
0,46,46,7
4,0,4,0
23,0,23,0
79,0,79,0
0,21,21,12
21,0,21,0
0,122,122,10
107,0,107,0
170,0,170,0
0,65,65,0
12,0,12,0
0,121,121,1
1,0,1,0
31,0,31,0
0,53,53,1
61,0,61,0
5,0,5,0
32,0,32,0
20,0,20,0
352,0,352,0
4,0,4,0
0,183,183,41
172,0,172,0
9,0,9,0
0,450,450,31
23,0,23,0
11,0,11,0
0,475,475,8
293,0,293,0
0,46,46,4
52,0,52,0
179,0,179,0
255,0,255,0
62,0,62,0
68,0,68,0
0,41,41,13
74,0,74,0
0,30,30,4
110,0,110,0
0,813,813,30
239,0,239,0
111,0,111,0
3,0,3,0
0,1074,1074,23
919,0,919,0
0,14,14,33
912,0,912,0
0,47,47,5
35,0,35,0
87,0,87,0
157,0,157,0
0,15,15,64
683,0,683,0
0,3,3,34
236,0,236,0
0,4,4,65
86,0,86,0
0,267,267,1
7,0,7,0
6,0,6,0
26,0,26,0
320,0,320,0
0,261,261,70
321,0,321,0
0,30,30,112
1,0,1,0
0,148,148,3
11,0,11,0
0,37,37,19
4,0,4,0
0,60,60,424
5,0,5,0
14,0,14,0
0,35,35,4
8,0,8,0
2,0,2,0
93,0,93,0
0,166,166,1
52,0,52,0
3,0,3,0
2,0,2,0
3,0,3,0
0,1,1,2
272,0,272,0
0,32,32,8
0,11,11,41
5,0,5,0
10,0,10,0
85,0,85,0
28,0,28,0
0,7,7,10
0,481,481,16
194,0,194,0
0,4652,4652,81
4749,0,4749,0
0,3,3,17
33,0,33,0
329,0,329,0
0,155,155,23
1,0,1,0
0,10,10,1
205,0,205,0
0,187,187,28
24,0,24,0
1,0,1,0
67,0,67,0
0,168,168,21
208,0,208,0
1,0,1,0
0,49,49,4
0,6,6,7
290,0,290,0
0,72,72,0
149,0,149,0
0,7,7,23
1,0,1,0
80,0,80,0
1,0,1,0
0,78,78,71
77,0,77,0
8,0,8,0
0,33,33,12
29,0,29,0
0,1,1,103
3,0,3,0
26,0,26,0
18,0,18,0
1,209,210,6
56,0,56,0
0,96,96,99
29,0,29,0
0,174,174,86
18,0,18,0
0,10,10,3
42,0,42,0
86,0,86,0
0,2,2,0
13,0,13,0
12,0,12,0
0,2,2,50
1,0,1,0
32,0,32,0
68,0,68,0
6,0,6,0
0,179,179,35
1,0,1,0
0,321,321,9
24,0,24,0
0,125,125,2
941,0,941,0
164,0,164,0
1,0,1,0
10,0,10,0
0,405,405,87
283,0,283,0
0,2,2,9
15,0,15,0
212,0,212,0
0,62,62,25
2,0,2,0
15,0,15,0
0,23,23,19
88,0,88,0
0,63,63,57
8,0,8,0
2,0,2,0
721,0,721,0
0,174,174,21
0,128,128,2
90,0,90,0
2,0,2,0
0,9,9,5
0,95,95,0
102,0,102,0
108,0,108,0
0,1224,1224,57
229,0,229,0
0,35,35,22
27,0,27,0
40,0,40,0
0,461,461,4
8,0,8,0
5,0,5,0
0,45,45,0
3,0,3,0
0,24,24,20
23,0,23,0
0,18,18,7
11,0,11,0
39,0,39,0
0,22,22,5
265,0,265,0
0,78,78,46
15,0,15,0
18,0,18,0
0,22,22,5
1,0,1,0
126,0,126,0
0,170,170,21
19,0,19,0
0,168,168,5
32,0,32,0
79,0,79,0
5,0,5,0
0,69,69,2
24,0,24,0
250,0,250,0
41,0,41,0
0,4,4,10
0,69,69,115
447,0,447,0
2,0,2,0
0,270,270,90
11,0,11,0
6,0,6,0
0,6,6,2
3,0,3,0
44,0,44,0
717,0,717,0
30,0,30,0
0,5,5,2
218,0,218,0
10,0,10,0
104,0,104,0
334,0,334,0
0,30,30,0
0,14,14,40
2,0,2,0
0,469,469,68
81,0,81,0
0,960,960,676
83,0,83,0
0,89,89,5
712,0,712,0
0,562,562,118
179,0,179,0
20,0,20,0
0,70,70,33
10,0,10,0
0,32,32,19
116,0,116,0
0,118,118,11
4,0,4,0
0,95,95,4
101,0,101,0
262,0,262,0
0,7,7,0
16,0,16,0
0,4,4,11
0,1206,1206,72
98,0,98,0
0,8,8,2
2,0,2,0
0,91,91,39
0,77,77,5
0,45,45,26
8,0,8,0
2,0,2,0
20,0,20,0
2,0,2,0
0,55,55,5
3,0,3,0
41,0,41,0
3,0,3,0
0,101,101,23
0,200,200,106
4,0,4,0
106,0,106,0
0,1,1,6
40,0,40,0
7,0,7,0
0,167,167,16
1,0,1,0
0,15,15,22
44,0,44,0
65,0,65,0
29,0,29,0
11,0,11,0
0,50,50,34
48,0,48,0
0,157,157,39
3,0,3,0
0,90,90,13
15,0,15,0
400,0,400,0
0,73,73,4
63,0,63,0
18,0,18,0
0,72,72,24
56,0,56,0
226,0,226,0
10,0,10,0
0,108,108,10
2,0,2,0
19,0,19,0
0,194,194,86
199,0,199,0
183,0,183,0
0,30,30,54
152,0,152,0
1,0,1,0
145,0,145,0
198,0,198,0
0,82,82,19
119,0,119,0
17,0,17,0
0,18,18,10
6,0,6,0
0,233,233,77
191,0,191,0
53,0,53,0
2,0,2,0
0,181,181,73
181,0,181,0
152,0,152,0
31,0,31,0
0,13,13,2
217,0,217,0
0,126,126,41
7,0,7,0
7,0,7,0
37,0,37,0
0,117,117,59
74,0,74,0
0,47,47,32
43,0,43,0
0,127,127,6
60,0,60,0
7,0,7,0
0,451,451,65
0,321,321,12
26,0,26,0
0,13,13,33
0,33,33,4
9,0,9,0
23,0,23,0
33,0,33,0
0,129,129,53
81,0,81,0
13,0,13,0
17,0,17,0
0,13,13,15
42,0,42,0
0,163,163,77
0,690,690,81
239,0,239,0
0,48,48,49
22,0,22,0
0,138,138,48
2,0,2,0
38,0,38,0
74,0,74,0
0,7,7,35
40,0,40,0
6,0,6,0
25,0,25,0
2,0,2,0
0,73,73,10
9,0,9,0
0,209,209,22
63,0,63,0
4,0,4,0
150,0,150,0
0,48,48,44
279,0,279,0
8,0,8,0
0,24,24,3
252,0,252,0
42,0,42,0
0,995,995,129
117,0,117,0
0,35,35,20
30,0,30,0
0,251,251,72
627,0,627,0
0,14,14,3
7,0,7,0
0,158,158,32
199,0,199,0
3,0,3,0
2,0,2,0
3,0,3,0
0,459,459,71
0,66,66,29
339,0,339,0
1542,0,1542,0
57,0,57,0
0,29,29,146
0,16,16,0
1332,0,1332,0
0,1662,1662,3
1459,0,1459,0
57,0,57,0
0,17,17,21
2,0,2,0
0,17,17,27
12,0,12,0
0,432,432,19
102,0,102,0
0,182,182,222
182,0,182,0
489,0,489,0
0,87,87,7
0,85,85,16
0,4,4,2
0,35,35,4
37,0,37,0
0,115,115,12
166,0,166,0
0,6,6,10
63,0,63,0
0,161,161,28
0,102,102,3
718,0,718,0
0,166,166,60
28,0,28,0
0,4,4,3
34,0,34,0
27,0,27,0
3,0,3,0
0,117,117,4
17,0,17,0
28,0,28,0
19,0,19,0
0,477,477,161
47,0,47,0
0,29,29,7
20,0,20,0
0,66,66,34
0,453,453,27
173,0,173,0
0,387,387,7
405,0,405,0
33,0,33,0
325,0,325,0
32,0,32,0
1,0,1,0
1,0,1,0
0,216,216,22
75,0,75,0
2,0,2,0
0,81,81,89
64,0,64,0
0,23,23,1
51,0,51,0
113,0,113,0
0,60,60,45
0,64,64,1
43,0,43,0
252,0,252,0
4,0,4,0
0,1,1,3
14,0,14,0
0,551,551,11
1095,0,1095,0
0,20,20,12
20,0,20,0
206,0,206,0
0,298,298,119
21,0,21,0
0,255,255,197
104,0,104,0
0,432,432,41
0,2,2,4
76,0,76,0
95,0,95,0
0,15,15,25
21,0,21,0
0,17,17,21
0,11,11,3
3,0,3,0
0,124,124,3
128,0,128,0
83,0,83,0
8,0,8,0
0,657,657,105
0,12,12,114
2,0,2,0
0,117,117,54
68,0,68,0
131,0,131,0
259,0,259,0
95,0,95,0
0,96,96,18
533,0,533,0
2,0,2,0
252,0,252,0
0,4,4,5
3,0,3,0
101,0,101,0
0,48,48,73
91,0,91,0
87,0,87,0
0,111,111,4
80,0,80,0
0,298,298,30
306,0,306,0
33,0,33,0
329,0,329,0
198,0,198,0
113,0,113,0
0,226,226,24
3,0,3,0
0,1015,1015,280
0,6,6,19
170,0,170,0
0,24,24,17
101,0,101,0
0,193,193,55
13,0,13,0
0,34,34,8
38,0,38,0
2,0,2,0
0,24,24,17
0,81,81,34
20,0,20,0
0,22,22,17
121,0,121,0
127,0,127,0
0,76,76,36
114,0,114,0
0,39,39,0
0,17,17,7
3,0,3,0
0,14,14,3
0,1229,1229,5
494,0,494,0
0,1709,1709,83
1672,0,1672,0
4,0,4,0
0,116,116,28
31,0,31,0
0,295,295,54
90,0,90,0
88,0,88,0
0,102,102,174
3,0,3,0
0,9,9,1
15,0,15,0
47,0,47,0
0,62,62,3
542,0,542,0
45,0,45,0
0,220,220,25
214,0,214,0
0,13,13,10
2,0,2,0
0,936,936,4
915,0,915,0
0,3499,3499,53
2462,0,2462,0
0,221,221,1
11,0,11,0
26,0,26,0
0,30,30,8
14,0,14,0
0,95,95,41
15,0,15,0
0,513,513,27
0,4,4,45
6,0,6,0
0,230,230,30
112,0,112,0
45,0,45,0
9,0,9,0
0,173,173,3
0,26,26,35
195,0,195,0
2,0,2,0
0,168,168,30
175,0,175,0
0,77,77,9
2,0,2,0
29,0,29,0
0,12,12,3
11,0,11,0
0,20,20,76
14,0,14,0
1,0,1,0
0,32,32,60
4,0,4,0
0,74,74,22
20,0,20,0
1,0,1,0
0,54,54,28
52,0,52,0
0,581,581,53
54,0,54,0
0,237,237,78
177,0,177,0
0,35,35,4
165,0,165,0
0,3,3,11
15,0,15,0
1118,0,1118,0
0,17,17,38
9,0,9,0
14,0,14,0
2,0,2,0
0,508,508,13
0,72,72,32
15,0,15,0
6,0,6,0
465,0,465,0
0,100,100,27
4,0,4,0
0,101,101,19
45,0,45,0
36,0,36,0
0,312,312,24
9,0,9,0
408,0,408,0
0,5,5,56
1,0,1,0
0,147,147,10
28,0,28,0
1,0,1,0
0,37,37,45
6,0,6,0
0,137,137,22
92,0,92,0
0,48,48,13
133,0,133,0
0,7,7,40
13,0,13,0
0,6,6,53
1,0,1,0
119,0,119,0
218,0,218,0
0,25,25,0
874,0,874,0
93,0,93,0
0,103,103,21
122,0,122,0
0,181,181,17
169,0,169,0
12,0,12,0
0,7,7,10
25,0,25,0
0,127,127,5
97,0,97,0
0,452,452,38
225,0,225,0
0,258,258,80
260,0,260,0
0,17,17,65
6,0,6,0
0,159,159,28
100,0,100,0
0,258,258,94
89,0,89,0
2,0,2,0
703,0,703,0
0,26,26,8
9,0,9,0
0,9,9,6
8,0,8,0
0,591,591,60
42,0,42,0
537,0,537,0
0,136,136,6
142,0,142,0
2,0,2,0
85,0,85,0
0,15,15,7
0,23,23,16
0,23,23,8
20,0,20,0
0,249,249,49
344,0,344,0
0,20,20,115
0,243,243,0
200,0,200,0
0,179,179,57
31,0,31,0
11,0,11,0
0,9,9,12
10,0,10,0
0,15,15,21
4,0,4,0
0,97,97,19
73,0,73,0
300,0,300,0
0,67,67,57
0,136,136,6
0,25,25,18
87,0,87,0
167,0,167,0
0,761,761,67
248,0,248,0
0,11,11,2
8,0,8,0
0,24,24,1
1,0,1,0
0,48,48,64
2,0,2,0
3,0,3,0
190,0,190,0
4,0,4,0
0,303,303,15
806,0,806,0
112,0,112,0
21,0,21,0
39,0,39,0
7,0,7,0
15,0,15,0
4,0,4,0
3,0,3,0
12,0,12,0
0,33,33,4
63,0,63,0
0,64,64,60
18,0,18,0
171,0,171,0
147,0,147,0
10,0,10,0
0,23,23,1
1,0,1,0
1,0,1,0
0,190,190,58
48,0,48,0
192,0,192,0
0,29,29,0
0,76,76,98
67,0,67,0
0,58,58,31
58,0,58,0
0,64,64,2
32,0,32,0
5,0,5,0
26,0,26,0
61,0,61,0
137,0,137,0
4,0,4,0
0,146,146,68
5,0,5,0
73,0,73,0
6,0,6,0
0,98,98,24
0,5,5,2
3,0,3,0
0,197,197,52
140,0,140,0
9,0,9,0
0,1035,1035,34
4,0,4,0
12,0,12,0
0,18,18,2
93,0,93,0
0,9,9,37
0,118,118,31
1,0,1,0
1,0,1,0
151,0,151,0
0,26,26,55
0,3,3,15
6,0,6,0
5,0,5,0
110,0,110,0
0,325,325,166
10,0,10,0
2,0,2,0
0,32,32,9
7,0,7,0
0,151,151,14
142,0,142,0
3,0,3,0
0,3,3,22
0,61,61,4
23,0,23,0
0,348,348,49
455,0,455,0
2,0,2,0
0,402,402,54
397,0,397,0
0,17,17,2
63,0,63,0
520,0,520,0
0,16,16,3
25,0,25,0
0,82,82,34
0,152,152,35
4,0,4,0
33,0,33,0
0,280,280,5
143,0,143,0
0,290,290,76
5,0,5,0
0,44,44,40
24,0,24,0
0,295,295,12
114,0,114,0
0,26,26,4
4,0,4,0
11,0,11,0
0,200,200,11
197,0,197,0
0,23,23,8
22,0,22,0
0,17,17,5
17,0,17,0
349,0,349,0
418,0,418,0
17,0,17,0
5,0,5,0
0,49,49,51
431,0,431,0
0,24,24,8
0,96,96,23
7,0,7,0
0,7,7,0
3,0,3,0
0,153,153,18
70,0,70,0
0,21,21,14
145,0,145,0
287,0,287,0
0,1,1,0
37,0,37,0
146,0,146,0
0,35,35,29
28,0,28,0
33,0,33,0
0,77,77,17
2,0,2,0
25,0,25,0
8,0,8,0
0,6,6,1
23,0,23,0
0,604,604,15
13,0,13,0
881,0,881,0
128,0,128,0
81,0,81,0
0,36,36,41
248,0,248,0
0,65,65,52
25,0,25,0
0,200,200,140
255,0,255,0
26,0,26,0
0,289,289,46
312,0,312,0
147,0,147,0
60,0,60,0
43,0,43,0
0,7,7,20
57,0,57,0
4,0,4,0
117,0,117,0
0,41,41,10
0,139,139,25
4,0,4,0
4,0,4,0
0,14,14,0
0,41,41,11
10,0,10,0
228,0,228,0
0,34,34,80
3,0,3,0
0,175,175,62
161,0,161,0
12,0,12,0
0,370,370,7
4,0,4,0
0,140,140,13
0,131,131,62
82,0,82,0
1,0,1,0
0,6,6,2
11,0,11,0
156,0,156,0
0,314,314,0
99,0,99,0
2,0,2,0
64,0,64,0
11,0,11,0
105,0,105,0
1,0,1,0
0,20,20,4
3,0,3,0
0,1428,1428,52
44,0,44,0
99,0,99,0
0,33,33,8
181,0,181,0
0,62,62,37
34,0,34,0
0,32,32,4
4,0,4,0
0,36,36,3
0,10,10,1
1172,0,1172,0
15,0,15,0
0,53,53,44
24,0,24,0
1,0,1,0
0,56,56,20
36,0,36,0
0,4,4,4
1,0,1,0
83,0,83,0
0,16,16,66
1,0,1,0
0,5,5,4
9,0,9,0
0,11,11,162
1,0,1,0
0,77,77,8
88,0,88,0
7,0,7,0
0,43,43,96
85,0,85,0
7,0,7,0
210,0,210,0
13,0,13,0
9,0,9,0
0,12,12,53
7,0,7,0
0,43,43,22
0,360,360,28
360,0,360,0
3,0,3,0
0,1159,1159,75
104,0,104,0
0,52,52,34
1,0,1,0
0,188,188,20
142,0,142,0
0,108,108,57
24,0,24,0
59,0,59,0
1,0,1,0
0,101,101,21
9,0,9,0
0,223,223,0
93,0,93,0
0,377,377,22
358,0,358,0
0,96,96,13
70,0,70,0
0,26,26,11
2,0,2,0
0,39,39,25
295,0,295,0
0,40,40,4
10,0,10,0
51,0,51,0
0,10,10,27
0,67,67,36
0,30,30,0
85,0,85,0
1,0,1,0
0,67,67,9
23,0,23,0
27,0,27,0
38,0,38,0
1,0,1,0
0,1,1,3
4,0,4,0
24,0,24,0
5,0,5,0
0,44,44,9
208,0,208,0
29,0,29,0
0,132,132,27
184,0,184,0
3,0,3,0
0,26,26,5
42,0,42,0
3,0,3,0
0,1,1,296
158,0,158,0
0,45,45,93
2,0,2,0
71,0,71,0
26,0,26,0
0,271,271,15
7,0,7,0
0,113,113,32
96,0,96,0
136,0,136,0
5,0,5,0
0,21,21,5
23,0,23,0
1,0,1,0
0,5,5,32
1,0,1,0
8,0,8,0
0,9,9,0
0,1269,1269,67
38,0,38,0
13,0,13,0
2,0,2,0
41,0,41,0
2,0,2,0
0,1869,1869,7
65,0,65,0
0,565,565,3
1,0,1,0
1,0,1,0
1113,0,1113,0
0,75,75,19
204,0,204,0
12,0,12,0
0,123,123,13
55,0,55,0
0,119,119,5
10,0,10,0
0,134,134,50
133,0,133,0
0,427,427,12
0,117,117,41
47,0,47,0
0,231,231,44
19,0,19,0
2,0,2,0
0,538,538,49
331,0,331,0
0,22,22,0
12,0,12,0
25,0,25,0
0,32,32,53
21,0,21,0
7,0,7,0
798,0,798,0
0,91,91,0
1,0,1,0
0,31,31,17
4,0,4,0
0,95,95,17
101,0,101,0
25,0,25,0
217,0,217,0
0,10,10,2
4,0,4,0
150,0,150,0
0,430,430,71
461,0,461,0
0,33,33,39
29,0,29,0
3,0,3,0
245,0,245,0
0,295,295,52
199,0,199,0
28,0,28,0
0,21,21,6
78,0,78,0
0,23,23,16
487,0,487,0
0,46,46,32
1,0,1,0
0,2,2,2
1,0,1,0
16,0,16,0
0,38,38,69
15,0,15,0
0,139,139,5
216,0,216,0
0,174,174,7
10,0,10,0
0,5,5,0
1,0,1,0
17,0,17,0
13,0,13,0
0,14,14,14
0,104,104,51
0,374,374,4
14,0,14,0
253,0,253,0
0,43,43,62
28,0,28,0
0,423,423,114
0,10,10,16
4,0,4,0
0,81,81,11
13,0,13,0
0,307,307,17
243,0,243,0
0,46,46,3
0,53,53,25
222,0,222,0
22,0,22,0
0,84,84,77
2,0,2,0
7,0,7,0
0,20,20,6
68,0,68,0
0,5,5,17
0,20,20,17
1,0,1,0
204,0,204,0
41,0,41,0
2,0,2,0
0,70,70,24
0,603,603,25
113,0,113,0
21,0,21,0
43,0,43,0
4,0,4,0
0,214,214,42
13,0,13,0
173,0,173,0
22,0,22,0
1,0,1,0
0,36,36,0
19,0,19,0
0,200,200,70
44,0,44,0
21,0,21,0
0,541,541,20
94,0,94,0
49,0,49,0
0,46,46,21
0,1,1,0
8,0,8,0
879,0,879,0
484,0,484,0
103,0,103,0
4,0,4,0
0,10,10,36
312,0,312,0
0,214,214,90
96,0,96,0
0,1,1,1
6,0,6,0
2,0,2,0
32,0,32,0
0,69,69,13
69,0,69,0
0,92,92,20
27,0,27,0
41,0,41,0
28,0,28,0
0,44,44,106
15,0,15,0
112,0,112,0
0,12,12,20
25,0,25,0
5,0,5,0
0,20,20,1
11,0,11,0
0,80,80,3
11,0,11,0
0,4,4,1
42,0,42,0
0,9,9,0
4,0,4,0
9,0,9,0
0,484,484,19
118,0,118,0
4,0,4,0
0,364,364,8
968,0,968,0
8,0,8,0
14,0,14,0
0,73,73,11
47,0,47,0
0,155,155,10
88,0,88,0
0,139,139,205
0,3,3,187
1,0,1,0
0,1,1,3
230,0,230,0
0,221,221,17
203,0,203,0
23,0,23,0
0,525,525,86
448,0,448,0
40,0,40,0
262,0,262,0
5,0,5,0
0,99,99,8
70,0,70,0
3,0,3,0
0,92,92,11
36,0,36,0
0,29,29,42
361,0,361,0
0,103,103,12
1203,0,1203,0
75,0,75,0
0,112,112,25
97,0,97,0
0,4,4,48
23,0,23,0
0,73,73,155
21,0,21,0
0,9,9,4
70,0,70,0
64,0,64,0
0,949,949,198
232,0,232,0
1,0,1,0
0,204,204,85
126,0,126,0
0,1,1,0
9,0,9,0
183,0,183,0
1,0,1,0
1,0,1,0
0,248,248,37
70,0,70,0
0,52,52,91
14,0,14,0
385,0,385,0
327,0,327,0
0,132,132,8
0,3,3,30
122,0,122,0
0,104,104,2
94,0,94,0
0,3,3,36
24,0,24,0
37,0,37,0
0,266,266,26
80,0,80,0
2,0,2,0
1,0,1,0
55,0,55,0
0,133,133,10
297,0,297,0
0,53,53,2
395,0,395,0
20,0,20,0
11,0,11,0
0,199,199,20
40,0,40,0
0,140,140,19
336,0,336,0
11,0,11,0
253,0,253,0
0,29,29,14
29,0,29,0
282,0,282,0
52,0,52,0
21,0,21,0
33,0,33,0
46,0,46,0
117,0,117,0
27,0,27,0
8,0,8,0
0,41,41,10
15,0,15,0
185,0,185,0
0,76,76,35
54,0,54,0
0,341,341,76
0,353,353,6
197,0,197,0
109,0,109,0
145,0,145,0
7,0,7,0
13,0,13,0
19,0,19,0
17,0,17,0
0,39,39,60
2,0,2,0
0,115,115,15
105,0,105,0
0,157,157,32
140,0,140,0
0,2,2,50
0,4,4,0
26,0,26,0
19,0,19,0
0,1,1,6
35,0,35,0
0,388,388,36
1,0,1,0
0,2,2,7
4,0,4,0
0,315,315,108
244,0,244,0
0,2,2,41
19,0,19,0
9,0,9,0
98,0,98,0
0,1,1,1
0,161,161,13
4,0,4,0
4,0,4,0
0,104,104,84
82,0,82,0
0,302,302,55
317,0,317,0
176,0,176,0
712,0,712,0
15,0,15,0
0,241,241,46
9,0,9,0
0,271,271,76
9,0,9,0
0,56,56,52
19,0,19,0
0,91,91,5
89,0,89,0
5,0,5,0
0,850,850,89
59,0,59,0
138,0,138,0
0,32,32,12
0,187,187,30
74,0,74,0
1,0,1,0
32,0,32,0
4,0,4,0
0,106,106,0
0,35,35,98
7,0,7,0
0,206,206,82
474,0,474,0
0,31,31,7
8,0,8,0
0,5,5,1
0,6,6,22
8,0,8,0
18,0,18,0
9,0,9,0
10,0,10,0
0,645,645,38
734,0,734,0
266,0,266,0
8,0,8,0
0,58,58,5
35,0,35,0
7,0,7,0
0,164,164,6
166,0,166,0
0,863,863,87
3,0,3,0
0,3,3,11
1,0,1,0
0,429,429,55
18,0,18,0
4,0,4,0
79,0,79,0
111,0,111,0
0,4,4,47
17,0,17,0
7,0,7,0
0,120,120,1
0,17,17,18
7,0,7,0
150,0,150,0
0,521,521,6
253,0,253,0
4,0,4,0
20,0,20,0
253,0,253,0
0,39,39,14
63,0,63,0
0,13,13,9
10,0,10,0
2,0,2,0
0,47,47,55
87,0,87,0
0,42,42,6
110,0,110,0
101,0,101,0
0,17,17,25
0,1,1,9
75,0,75,0
3,0,3,0
0,25,25,62
0,27,27,38
542,0,542,0
61,0,61,0
15,0,15,0
5,0,5,0
0,4,4,290
243,0,243,0
9,0,9,0
0,2,2,1
0,1360,1360,117
0,7,7,51
7,0,7,0
0,92,92,64
9,0,9,0
0,204,204,49
159,0,159,0
0,22,22,162
1,0,1,0
0,266,266,12
5,0,5,0
1,0,1,0
0,164,164,61
85,0,85,0
5,0,5,0
0,97,97,28
246,0,246,0
0,37,37,10
109,0,109,0
3,0,3,0
0,43,43,4
160,0,160,0
10,0,10,0
22,0,22,0
0,28,28,0
3,0,3,0
115,0,115,0
0,99,99,3
25,0,25,0
0,377,377,25
194,0,194,0
0,8,8,9
18,0,18,0
0,174,174,4
85,0,85,0
0,102,102,122
3528,0,3528,0
0,160,160,3
0,9,9,0
10,0,10,0
8,0,8,0
0,5,5,53
252,0,252,0
0,229,229,5
174,0,174,0
10,0,10,0
5,0,5,0
0,767,767,124
353,0,353,0
0,8,8,28
111,0,111,0
0,1060,1060,211
893,0,893,0
0,198,198,37
9,0,9,0
16,0,16,0
0,32,32,38
7,0,7,0
0,181,181,30
176,0,176,0
101,0,101,0
0,77,77,12
82,0,82,0
6,0,6,0
0,62,62,26
14,0,14,0
0,69,69,143
1,0,1,0
0,95,95,28
109,0,109,0
3,0,3,0
4,0,4,0
215,0,215,0
0,79,79,1
338,0,338,0
0,43,43,32
1,0,1,0
0,171,171,23
272,0,272,0
0,90,90,0
18,0,18,0
0,51,51,1
0,264,264,45
123,0,123,0
0,1,1,2
0,4,4,4
481,0,481,0
32,0,32,0
0,5,5,19
1,0,1,0
1,0,1,0
0,13,13,3
12,0,12,0
0,48,48,35
10,0,10,0
9,0,9,0
56,0,56,0
0,25,25,32
29,0,29,0
0,63,63,27
55,0,55,0
0,629,629,36
0,41,41,4
14,0,14,0
0,287,287,27
212,0,212,0
0,178,178,54
7,0,7,0
4,0,4,0
2,0,2,0
153,0,153,0
89,0,89,0
22,0,22,0
0,464,464,131
0,82,82,67
8,0,8,0
100,0,100,0
0,945,945,19
987,0,987,0
266,0,266,0
1,0,1,0
9,0,9,0
27,0,27,0
1,0,1,0
0,180,180,1
42,0,42,0
1,0,1,0
211,0,211,0
1,0,1,0
0,26,26,7
32,0,32,0
1,0,1,0
0,351,351,35
342,0,342,0
151,0,151,0
0,162,162,10
0,1066,1066,20
568,0,568,0
0,46,46,12
38,0,38,0
0,69,69,59
4,0,4,0
0,144,144,35
88,0,88,0
0,13,13,45
1,0,1,0
7,0,7,0
31,0,31,0
42,0,42,0
1,0,1,0
64,0,64,0
102,0,102,0
13,0,13,0
0,689,689,109
710,0,710,0
8,0,8,0
0,41,41,31
26,0,26,0
14,0,14,0
5,0,5,0
8,0,8,0
0,331,331,63
158,0,158,0
68,0,68,0
0,20,20,6
1,0,1,0
0,33,33,85
5,0,5,0
0,35,35,11
7,0,7,0
0,251,251,143
0,128,128,0
232,0,232,0
16,0,16,0
2,0,2,0
4,0,4,0
0,15,15,23
21,0,21,0
0,10,10,19
40,0,40,0
0,91,91,49
2,0,2,0
0,48,48,45
79,0,79,0
0,1559,1559,8
89,0,89,0
0,28,28,18
40,0,40,0
53,0,53,0
149,0,149,0
0,31,31,41
0,24,24,26
2,0,2,0
0,135,135,58
5,0,5,0
0,738,738,42
733,0,733,0
0,12,12,32
98,0,98,0
0,217,217,17
21,0,21,0
0,35,35,52
45,0,45,0
112,0,112,0
39,0,39,0
0,1,1,156
0,47,47,5
1,0,1,0
0,171,171,7
30,0,30,0
0,59,59,26
41,0,41,0
0,230,230,301
17,0,17,0
0,64,64,2
2,0,2,0
814,0,814,0
0,533,533,29
643,0,643,0
5,0,5,0
5,0,5,0
0,1,1,41
13,0,13,0
5,0,5,0
1,0,1,0
0,356,356,17
41,0,41,0
205,0,205,0
2,0,2,0
0,165,165,5
740,0,740,0
0,166,166,42
0,119,119,16
129,0,129,0
303,0,303,0
7,0,7,0
10,0,10,0
32,0,32,0
0,248,248,107
1,0,1,0
9,0,9,0
0,250,250,103
0,5,5,34
234,0,234,0
1,0,1,0
16,0,16,0
0,575,575,27
66,0,66,0
0,135,135,74
60,0,60,0
24,0,24,0
0,152,152,13
15,0,15,0
3,0,3,0
12,0,12,0
0,127,127,11
146,0,146,0
0,31,31,2
38,0,38,0
7,0,7,0
53,0,53,0
2,0,2,0
3,0,3,0
0,177,177,29
0,47,47,20
10,0,10,0
192,0,192,0
0,130,130,15
126,0,126,0
0,56,56,11
48,0,48,0
79,0,79,0
48,0,48,0
33,0,33,0
269,0,269,0
0,318,318,6
11,0,11,0
38,0,38,0
174,0,174,0
0,13,13,13
236,0,236,0
0,241,241,13
36,0,36,0
2,0,2,0
0,37,37,106
125,0,125,0
0,332,332,85
0,480,480,123
107,0,107,0
0,25,25,6
0,3,3,4
63,0,63,0
0,20,20,11
261,0,261,0
0,283,283,23
869,0,869,0
0,63,63,65
28,0,28,0
64,0,64,0
5,0,5,0
4,0,4,0
0,98,98,113
131,0,131,0
0,132,132,31
3,0,3,0
0,127,127,10
212,0,212,0
4,0,4,0
178,0,178,0
0,261,261,66
303,0,303,0
0,185,185,22
0,282,282,28
60,0,60,0
316,0,316,0
46,0,46,0
0,133,133,0
125,0,125,0
0,181,181,17
160,0,160,0
1,0,1,0
99,0,99,0
105,0,105,0
0,100,100,51
0,108,108,120
291,0,291,0
7,0,7,0
0,41,41,8
12,0,12,0
0,34,34,107
15,0,15,0
0,363,363,75
120,0,120,0
2,0,2,0
1,0,1,0
2,0,2,0
0,33,33,1
86,0,86,0
1,0,1,0
122,0,122,0
40,0,40,0
0,7,7,32
1,0,1,0
16,0,16,0
59,0,59,0
238,0,238,0
0,88,88,33
160,0,160,0
0,537,537,41
60,0,60,0
3,0,3,0
0,4,4,1
2,0,2,0
0,142,142,78
18,0,18,0
0,53,53,18
2,0,2,0
11,0,11,0
0,1,1,6
22,0,22,0
0,64,64,12
126,0,126,0
4,0,4,0
81,0,81,0
325,0,325,0
31,0,31,0
260,0,260,0
0,60,60,67
237,0,237,0
3,0,3,0
0,28,28,6
669,0,669,0
3,0,3,0
0,168,168,4
219,0,219,0
0,46,46,3
1,0,1,0
0,385,385,13
168,0,168,0
0,47,47,0
39,0,39,0
5,0,5,0
42,0,42,0
0,664,664,57
433,0,433,0
0,25,25,5
6,0,6,0
0,199,199,16
0,57,57,28
34,0,34,0
26,0,26,0
0,33,33,3
3,0,3,0
0,1,1,1
30,0,30,0
76,0,76,0
0,2888,2888,0
2863,0,2863,0
19,0,19,0
0,93,93,15
44,0,44,0
0,68,68,3
0,53,53,18
90,0,90,0
15,0,15,0
79,0,79,0
0,84,84,0
0,98,98,27
2,0,2,0
73,0,73,0
53,0,53,0
0,71,71,3
320,0,320,0
15,0,15,0
83,0,83,0
0,45,45,16
10,0,10,0
0,3,3,58
81,0,81,0
64,0,64,0
108,0,108,0
0,102,102,22
535,0,535,0
0,149,149,112
1,0,1,0
0,245,245,18
172,0,172,0
33,0,33,0
0,149,149,65
127,0,127,0
567,0,567,0
0,25,25,5
0,53,53,0
34,0,34,0
67,0,67,0
0,243,243,52
180,0,180,0
0,1979,1979,9
1204,0,1204,0
0,244,244,24
1,0,1,0
271,0,271,0
13,0,13,0
0,214,214,19
18,0,18,0
0,315,315,28
0,138,138,25
0,1,1,7
5,0,5,0
226,0,226,0
0,60,60,8
36,0,36,0
0,17,17,19
56,0,56,0
0,35,35,18
32,0,32,0
0,168,168,66
159,0,159,0
263,0,263,0
33,0,33,0
119,0,119,0
334,0,334,0
0,42,42,40
168,0,168,0
51,0,51,0
0,102,102,46
86,0,86,0
8,0,8,0
0,153,153,46
96,0,96,0
570,0,570,0
0,133,133,4
101,0,101,0
0,56,56,24
97,0,97,0
27,0,27,0
103,0,103,0
0,195,195,36
186,0,186,0
2,0,2,0
0,895,895,37
859,0,859,0
7,0,7,0
128,0,128,0
0,13,13,3
35,0,35,0
6,0,6,0
0,31,31,68
0,383,383,24
108,0,108,0
0,62,62,44
8,0,8,0
25,0,25,0
109,0,109,0
24,0,24,0
4,0,4,0
0,59,59,19
14,0,14,0
14,0,14,0
122,0,122,0
32,0,32,0
0,177,177,40
2,0,2,0
295,0,295,0
14,0,14,0
0,285,285,112
276,0,276,0
19,0,19,0
2,0,2,0
0,275,275,85
570,0,570,0
0,69,69,24
59,0,59,0
15,0,15,0
25,0,25,0
0,124,124,19
0,42,42,0
33,0,33,0
2,0,2,0
0,42,42,4
1,0,1,0
0,494,494,59
19,0,19,0
0,278,278,3
0,11,11,2
2,0,2,0
16,0,16,0
0,194,194,3
188,0,188,0
28,0,28,0
0,10,10,6
117,0,117,0
1,0,1,0
0,196,196,11
155,0,155,0
151,0,151,0
328,0,328,0
8,0,8,0
1123,0,1123,0
0,593,593,142
4,0,4,0
2,0,2,0
0,16,16,2
0,261,261,73
14,0,14,0
0,25,25,12
0,57,57,2
2,0,2,0
0,84,84,39
175,0,175,0
0,44,44,0
54,0,54,0
67,0,67,0
8,0,8,0
220,0,220,0
0,316,316,8
103,0,103,0
0,67,67,18
122,0,122,0
0,232,232,12
158,0,158,0
142,0,142,0
442,0,442,0
0,139,139,24
87,0,87,0
2,0,2,0
246,0,246,0
9,0,9,0
0,125,125,16
115,0,115,0
0,98,98,0
0,579,579,27
283,0,283,0
0,12,12,105
27,0,27,0
0,127,127,197
24,0,24,0
93,0,93,0
7,0,7,0
0,574,574,48
555,0,555,0
11,0,11,0
8,0,8,0
0,20,20,12
10,0,10,0
5,0,5,0
87,0,87,0
0,88,88,6
0,31,31,23
10,0,10,0
8,0,8,0
14,0,14,0
1,0,1,0
0,323,323,9
0,10,10,0
0,774,774,27
1481,0,1481,0
0,91,91,24
19,0,19,0
0,140,140,48
140,0,140,0
49,0,49,0
1,0,1,0
0,370,370,70
1,0,1,0
211,0,211,0
42,0,42,0
78,0,78,0
0,37,37,167
26,0,26,0
3,0,3,0
0,133,133,37
26,0,26,0
0,171,171,48
218,0,218,0
3,0,3,0
0,81,81,34
185,0,185,0
0,6,6,7
0,101,101,66
5,0,5,0
68,0,68,0
87,0,87,0
0,22,22,0
5,0,5,0
12,0,12,0
0,129,129,28
19,0,19,0
3,0,3,0
1,0,1,0
0,269,269,4
226,0,226,0
0,22,22,21
30,0,30,0
0,93,93,10
68,0,68,0
3,0,3,0
11,0,11,0
29,0,29,0
5,0,5,0
0,41,41,73
10,0,10,0
0,59,59,9
79,0,79,0
0,110,110,50
103,0,103,0
0,348,348,17
416,0,416,0
0,141,141,24
125,0,125,0
1,0,1,0
2,0,2,0
0,404,404,53
66,0,66,0
20,0,20,0
0,16,16,9
1,0,1,0
0,21,21,3
6,0,6,0
137,0,137,0
46,0,46,0
77,0,77,0
121,0,121,0
0,69,69,22
94,0,94,0
0,72,72,12
337,0,337,0
0,72,72,3
51,0,51,0
139,0,139,0
22,0,22,0
17,0,17,0
0,72,72,19
59,0,59,0
6,0,6,0
7,0,7,0
2,0,2,0
0,11,11,16
3,0,3,0
0,179,179,51
0,96,96,18
6,0,6,0
2,0,2,0
4,0,4,0
0,121,121,24
191,0,191,0
0,555,555,101
534,0,534,0
0,245,245,113
185,0,185,0
11,0,11,0
2,0,2,0
0,157,157,4
153,0,153,0
0,76,76,14
45,0,45,0
5,0,5,0
0,13,13,6
2,0,2,0
14,0,14,0
0,31,31,1
82,0,82,0
0,4,4,2
15,0,15,0
0,103,103,223
87,0,87,0
71,0,71,0
0,35,35,27
1,0,1,0
13,0,13,0
376,0,376,0
0,414,414,202
440,0,440,0
108,0,108,0
0,4,4,37
0,24,24,19
2,0,2,0
0,86,86,67
93,0,93,0
5,0,5,0
194,0,194,0
4,0,4,0
24,0,24,0
4,0,4,0
453,0,453,0
0,53,53,5
0,454,454,44
0,29,29,13
18,0,18,0
27,0,27,0
0,619,619,20
75,0,75,0
607,0,607,0
0,83,83,22
14,0,14,0
0,60,60,1
4,0,4,0
0,461,461,41
227,0,227,0
2,0,2,0
169,0,169,0
47,0,47,0
16,0,16,0
42,0,42,0
0,328,328,8
99,0,99,0
0,13,13,16
1,0,1,0
38,0,38,0
10,0,10,0
0,111,111,27
142,0,142,0
242,0,242,0
0,908,908,10
0,34,34,5
0,126,126,108
40,0,40,0
36,0,36,0
55,0,55,0
0,470,470,46
180,0,180,0
22,0,22,0
2,0,2,0
7,0,7,0
0,31,31,66
201,0,201,0
0,113,113,27
3,0,3,0
0,117,117,23
0,130,130,9
166,0,166,0
0,21,21,4
1,0,1,0
11,0,11,0
0,194,194,3
102,0,102,0
0,69,69,40
3,0,3,0
0,645,645,110
2,0,2,0
2,0,2,0
0,243,243,4
593,0,593,0
0,10,10,6
0,76,76,28
0,8,8,111
2,0,2,0
28,0,28,0
37,0,37,0
0,157,157,9
15,0,15,0
0,27,27,1
12,0,12,0
0,69,69,86
42,0,42,0
24,0,24,0
5,0,5,0
0,202,202,1
0,17,17,2
0,127,127,4
80,0,80,0
0,162,162,83
5,0,5,0
0,1,1,5
73,0,73,0
9,0,9,0
0,121,121,95
0,330,330,95
47,0,47,0
2,0,2,0
0,193,193,46
221,0,221,0
0,180,180,201
13,0,13,0
0,452,452,76
256,0,256,0
0,92,92,70
52,0,52,0
0,56,56,23
63,0,63,0
0,5,5,24
3,0,3,0
25,0,25,0
0,4,4,0
5,0,5,0
36,0,36,0
0,1,1,17
3,0,3,0
279,0,279,0
0,2,2,4
14,0,14,0
3,0,3,0
24,0,24,0
0,665,665,4
601,0,601,0
0,812,812,140
128,0,128,0
34,0,34,0
0,465,465,65
521,0,521,0
0,328,328,24
275,0,275,0
18,0,18,0
4,0,4,0
8,0,8,0
0,14,14,42
161,0,161,0
0,302,302,42
14,0,14,0
2,0,2,0
71,0,71,0
180,0,180,0
109,0,109,0
0,13,13,18
0,162,162,46
68,0,68,0
0,42,42,5
53,0,53,0
0,150,150,33
0,8,8,12
0,46,46,48
40,0,40,0
25,0,25,0
0,205,205,34
230,0,230,0
0,65,65,6
14,0,14,0
0,538,538,8
393,0,393,0
0,149,149,19
55,0,55,0
33,0,33,0
0,125,125,1
117,0,117,0
271,0,271,0
0,248,248,41
3,0,3,0
0,1,1,39
4,0,4,0
10,0,10,0
0,389,389,38
359,0,359,0
7,0,7,0
267,0,267,0
8,0,8,0
10,0,10,0
4,0,4,0
3,0,3,0
0,120,120,73
144,0,144,0
2,0,2,0
65,0,65,0
0,221,221,55
0,8,8,82
3,0,3,0
58,0,58,0
0,50,50,112
355,0,355,0
0,55,55,103
32,0,32,0
163,0,163,0
52,0,52,0
0,5,5,1
2,0,2,0
0,34,34,1
19,0,19,0
277,0,277,0
5,0,5,0
0,244,244,74
1,0,1,0
13,0,13,0
377,0,377,0
46,0,46,0
10,0,10,0
20,0,20,0
0,100,100,35
50,0,50,0
4,0,4,0
0,51,51,65
4,0,4,0
0,2,2,3
9,0,9,0
3,0,3,0
4,0,4,0
0,199,199,66
82,0,82,0
0,197,197,15
1,0,1,0
0,50,50,85
143,0,143,0
0,27,27,61
3,0,3,0
0,72,72,25
129,0,129,0
209,0,209,0
18,0,18,0
2,0,2,0
0,225,225,28
327,0,327,0
1,0,1,0
0,75,75,26
0,61,61,14
58,0,58,0
0,359,359,6
0,85,85,16
0,122,122,52
46,0,46,0
27,0,27,0
17,0,17,0
0,25,25,17
257,0,257,0
0,583,583,54
0,17,17,0
10,0,10,0
230,0,230,0
0,1,1,3
15,0,15,0
0,392,392,13
93,0,93,0
1,0,1,0
0,81,81,36
19,0,19,0
2,0,2,0
18,0,18,0
0,350,350,45
343,0,343,0
0,6,6,4
7,0,7,0
54,0,54,0
0,560,560,46
0,16,16,29
16,0,16,0
0,93,93,18
68,0,68,0
6,0,6,0
104,0,104,0
0,49,49,271
0,40,40,72
24,0,24,0
0,191,191,120
4,0,4,0
109,0,109,0
0,7,7,10
2,0,2,0
1,0,1,0
0,170,170,4
211,0,211,0
0,21,21,1
4,0,4,0
45,0,45,0
2,0,2,0
0,19,19,5
0,2,2,12
15,0,15,0
0,106,106,24
58,0,58,0
109,0,109,0
184,0,184,0
0,52,52,23
43,0,43,0
96,0,96,0
54,0,54,0
0,330,330,118
2,0,2,0
0,213,213,0
24,0,24,0
106,0,106,0
0,39,39,35
54,0,54,0
10,0,10,0
0,131,131,4
104,0,104,0
0,179,179,13
181,0,181,0
5,0,5,0
2,0,2,0
0,449,449,76
36,0,36,0
239,0,239,0
8,0,8,0
0,65,65,22
8,0,8,0
1,0,1,0
2,0,2,0
4,0,4,0
0,2,2,7
118,0,118,0
0,193,193,14
0,98,98,22
0,210,210,9
98,0,98,0
1,0,1,0
1,0,1,0
17,0,17,0
50,0,50,0
0,155,155,170
0,9,9,4
0,225,225,187
235,0,235,0
4,0,4,0
0,13,13,40
7,0,7,0
0,34,34,11
4,0,4,0
0,3,3,29
32,0,32,0
0,39,39,105
20,0,20,0
0,19,19,0
206,0,206,0
0,81,81,20
61,0,61,0
3,0,3,0
17,0,17,0
0,552,552,77
0,3,3,68
387,0,387,0
0,29,29,9
27,0,27,0
3,0,3,0
0,79,79,41
66,0,66,0
0,11,11,4
6,0,6,0
0,356,356,44
61,0,61,0
0,67,67,5
9,0,9,0
66,0,66,0
79,0,79,0
2,0,2,0
12,0,12,0
1,0,1,0
358,0,358,0
0,20,20,52
0,1,1,9
13,0,13,0
26,0,26,0
0,24,24,9
0,157,157,7
0,54,54,15
95,0,95,0
472,0,472,0
63,0,63,0
25,0,25,0
1009,0,1009,0
0,1179,1179,22
1,0,1,0
29,0,29,0
198,0,198,0
0,77,77,21
6,0,6,0
0,8,8,4
0,39,39,0
22,0,22,0
61,0,61,0
0,139,139,77
364,0,364,0
5,0,5,0
0,105,105,5
290,0,290,0
2,0,2,0
0,74,74,33
52,0,52,0
55,0,55,0
0,1,1,58
170,0,170,0
0,148,148,30
0,193,193,66
49,0,49,0
0,11,11,42
0,72,72,11
292,0,292,0
55,0,55,0
7,0,7,0
33,0,33,0
45,0,45,0
162,0,162,0
4,0,4,0
0,164,164,53
0,12,12,185
8,0,8,0
1,0,1,0
48,0,48,0
0,16,16,12
5,0,5,0
2,0,2,0
0,13,13,12
107,0,107,0
0,3,3,21
2,0,2,0
0,1995,1995,64
1739,0,1739,0
0,6,6,1
0,895,895,1
4,0,4,0
67,0,67,0
1,0,1,0
0,20,20,3
21,0,21,0
2,0,2,0
21,0,21,0
0,55,55,14
129,0,129,0
0,205,205,47
13,0,13,0
0,588,588,115
5,0,5,0
0,10,10,13
17,0,17,0
0,26,26,0
6,0,6,0
4,0,4,0
0,5,5,8
97,0,97,0
23,0,23,0
0,8,8,1
5,0,5,0
2,0,2,0
17,0,17,0
12,0,12,0
0,52,52,25
103,0,103,0
0,191,191,17
185,0,185,0
8,0,8,0
5,0,5,0
0,24,24,8
30,0,30,0
0,302,302,8
57,0,57,0
4,0,4,0
1,175,176,5
8,0,8,0
0,1428,1428,13
1447,0,1447,0
0,9,9,1
88,0,88,0
0,41,41,10
44,0,44,0
10,0,10,0
0,13,13,7
2,0,2,0
265,0,265,0
19,0,19,0
0,172,172,48
0,5,5,10
0,108,108,18
24,0,24,0
5,0,5,0
0,66,66,8
91,0,91,0
15,0,15,0
30,0,30,0
0,31,31,19
234,0,234,0
1,152,153,176
293,0,293,0
132,0,132,0
0,141,141,53
0,18,18,7
0,4,4,64
45,0,45,0
180,0,180,0
1,0,1,0
0,26,26,11
19,0,19,0
0,308,308,9
306,0,306,0
0,115,115,33
86,0,86,0
5,0,5,0
0,25,25,1
432,0,432,0
0,46,46,5
72,0,72,0
0,494,494,9
0,89,89,10
21,0,21,0
2,0,2,0
0,120,120,44
4,0,4,0
0,262,262,25
46,0,46,0
0,337,337,110
126,0,126,0
50,0,50,0
13,0,13,0
0,6,6,24
1,0,1,0
0,236,236,9
122,0,122,0
0,55,55,11
61,0,61,0
0,7,7,7
4,0,4,0
88,0,88,0
102,0,102,0
12,0,12,0
249,0,249,0
0,8,8,11
0,417,417,44
4,0,4,0
5,0,5,0
0,25,25,15
135,0,135,0
0,65,65,17
0,34,34,4
19,0,19,0
353,0,353,0
0,58,58,49
60,0,60,0
5,0,5,0
24,0,24,0
0,45,45,58
0,123,123,18
166,0,166,0
0,3,3,33
0,484,484,21
464,0,464,0
0,79,79,25
29,0,29,0
0,2,2,6
3,0,3,0
61,0,61,0
0,185,185,5
0,16,16,21
310,0,310,0
97,0,97,0
1,0,1,0
233,0,233,0
469,0,469,0
91,0,91,0
32,0,32,0
0,77,77,33
1,0,1,0
0,116,116,14
1,0,1,0
0,41,41,8
0,270,270,19
8,0,8,0
29,0,29,0
0,117,117,16
18,0,18,0
0,61,61,5
0,108,108,10
13,0,13,0
1,0,1,0
5,0,5,0
340,0,340,0
0,15,15,4
0,4,4,20
0,18,18,62
2,0,2,0
0,506,506,20
17,0,17,0
0,169,169,80
192,0,192,0
1,0,1,0
0,87,87,8
17,0,17,0
2,0,2,0
0,200,200,45
0,73,73,0
87,0,87,0
0,17,17,5
2,0,2,0
67,0,67,0
250,0,250,0
0,200,200,8
52,0,52,0
17,0,17,0
0,81,81,0
0,1,1,14
208,0,208,0
0,216,216,16
37,0,37,0
0,20,20,19
0,36,36,19
1,0,1,0
1,0,1,0
44,0,44,0
122,0,122,0
1,0,1,0
0,165,165,117
18,0,18,0
0,1,1,4
35,0,35,0
55,0,55,0
0,68,68,4
14,0,14,0
0,4,4,8
4,0,4,0
261,0,261,0
28,0,28,0
937,0,937,0
0,22,22,110
8,0,8,0
0,111,111,189
19,0,19,0
0,173,173,71
176,0,176,0
201,0,201,0
13,0,13,0
1,0,1,0
0,156,156,32
8,0,8,0
0,99,99,15
69,0,69,0
0,93,93,34
2,0,2,0
0,121,121,11
232,0,232,0
69,0,69,0
25,0,25,0
0,64,64,7
219,0,219,0
0,415,415,25
426,0,426,0
0,492,492,15
484,0,484,0
0,126,126,33
119,0,119,0
0,152,152,28
4,0,4,0
99,0,99,0
0,2,2,4
0,17,17,99
0,90,90,129
16,0,16,0
22,0,22,0
0,330,330,80
10,0,10,0
48,0,48,0
5,0,5,0
10,0,10,0
4,0,4,0
509,0,509,0
0,290,290,24
361,0,361,0
9,0,9,0
8,0,8,0
0,6,6,2
0,24,24,29
255,0,255,0
282,0,282,0
0,184,184,62
49,0,49,0
0,140,140,12
257,0,257,0
8,0,8,0
205,0,205,0
37,0,37,0
0,2,2,22
153,0,153,0
0,33,33,18
146,0,146,0
40,0,40,0
23,0,23,0
165,0,165,0
3,0,3,0
0,191,191,41
27,0,27,0
492,0,492,0
28,0,28,0
8,0,8,0
0,34,34,26
4,0,4,0
0,50,50,45
97,0,97,0
0,159,159,31
178,0,178,0
123,0,123,0
0,20,20,11
201,0,201,0
486,0,486,0
72,0,72,0
4,0,4,0
0,174,174,0
3,0,3,0
35,0,35,0
14,0,14,0
49,0,49,0
0,3,3,3
7,0,7,0
0,555,555,45
35,0,35,0
0,33,33,40
3,0,3,0
385,0,385,0
330,0,330,0
9,0,9,0
18,0,18,0
0,134,134,31
26,0,26,0
2,0,2,0
0,5,5,13
0,14,14,121
70,0,70,0
4,0,4,0
96,0,96,0
0,918,918,33
1708,0,1708,0
0,24,24,8
0,138,138,19
0,70,70,0
58,0,58,0
44,0,44,0
0,1047,1047,55
192,0,192,0
0,235,235,14
6,0,6,0
539,0,539,0
0,34,34,8
50,0,50,0
16,0,16,0
0,229,229,11
505,0,505,0
0,47,47,9
5,0,5,0
0,114,114,62
11,0,11,0
0,274,274,63
19,0,19,0
0,83,83,17
35,0,35,0
19,0,19,0
278,0,278,0
8,0,8,0
1,0,1,0
4,0,4,0
30,0,30,0
9,0,9,0
2,0,2,0
0,38,38,38
1157,0,1157,0
0,38,38,3
90,0,90,0
0,149,149,20
63,0,63,0
31,0,31,0
0,41,41,20
17,0,17,0
0,461,461,6
0,580,580,34
366,0,366,0
0,39,39,14
22,0,22,0
1,0,1,0
91,0,91,0
22,0,22,0
67,0,67,0
47,0,47,0
0,27,27,28
21,0,21,0
25,0,25,0
0,201,201,42
113,0,113,0
71,0,71,0
15,0,15,0
0,193,193,11
16,0,16,0
83,0,83,0
0,243,243,5
84,0,84,0
0,58,58,38
47,0,47,0
0,76,76,11
4,0,4,0
135,0,135,0
92,0,92,0
479,0,479,0
69,0,69,0
0,515,515,74
308,0,308,0
1,0,1,0
22,0,22,0
288,0,288,0
0,263,263,24
6,0,6,0
0,372,372,122
4,0,4,0
0,138,138,46
92,0,92,0
0,13,13,11
7,0,7,0
21,0,21,0
1,0,1,0
8,0,8,0
0,10,10,2
121,0,121,0
61,0,61,0
2,0,2,0
0,76,76,15
1,0,1,0
230,0,230,0
1,0,1,0
37,0,37,0
0,18,18,6
0,235,235,48
88,0,88,0
0,6,6,16
0,47,47,26
54,0,54,0
93,0,93,0
625,0,625,0
0,12,12,3
0,302,302,29
3,0,3,0
1,0,1,0
162,0,162,0
0,130,130,35
75,0,75,0
6,0,6,0
46,0,46,0
66,0,66,0
0,358,358,9
16,0,16,0
7,0,7,0
0,7,7,25
0,15,15,15
8,0,8,0
13,0,13,0
129,0,129,0
0,16,16,54
60,0,60,0
0,56,56,20
272,0,272,0
3,0,3,0
2,0,2,0
9,0,9,0
0,70,70,3
13,0,13,0
0,20,20,14
0,29,29,4
5,0,5,0
50,0,50,0
7,0,7,0
0,3,3,12
0,134,134,15
0,99,99,8
32,0,32,0
167,0,167,0
36,0,36,0
45,0,45,0
0,103,103,3
11,0,11,0
0,62,62,4
158,0,158,0
6,0,6,0
921,0,921,0
0,77,77,61
77,0,77,0
4,0,4,0
258,0,258,0
0,2,2,36
11,0,11,0
0,130,130,16
109,0,109,0
45,0,45,0
0,2,2,62
13,0,13,0
7,0,7,0
47,0,47,0
0,58,58,21
2,0,2,0
0,37,37,11
59,0,59,0
13,0,13,0
0,14,14,28
242,0,242,0
8,0,8,0
3,0,3,0
0,49,49,56
81,0,81,0
18,0,18,0
0,121,121,53
0,458,458,8
135,0,135,0
0,104,104,44
12,0,12,0
0,9,9,7
9,0,9,0
2,0,2,0
253,0,253,0
0,4,4,11
0,93,93,20
248,0,248,0
1,0,1,0
0,171,171,48
0,12,12,26
1,0,1,0
0,191,191,9
196,0,196,0
0,7,7,10
6,0,6,0
0,6,6,24
218,0,218,0
10,0,10,0
0,8,8,7
0,130,130,19
112,0,112,0
0,80,80,25
5,0,5,0
2,73,75,15
15,0,15,0
0,4,4,0
57,0,57,0
0,5,5,20
0,7,7,6
91,0,91,0
0,339,339,15
374,0,374,0
0,53,53,60
157,0,157,0
0,74,74,0
73,0,73,0
0,50,50,6
41,0,41,0
0,331,331,9
167,0,167,0
178,0,178,0
0,25,25,6
15,0,15,0
0,4,4,2
12,0,12,0
5,0,5,0
0,358,358,23
305,0,305,0
0,64,64,22
0,213,213,9
0,14,14,4
105,0,105,0
0,30,30,6
0,330,330,13
650,0,650,0
0,35,35,6
5,0,5,0
106,0,106,0
0,97,97,0
37,0,37,0
0,2,2,6
34,0,34,0
77,0,77,0
0,216,216,121
400,0,400,0
1,0,1,0
0,4,4,3
248,0,248,0
0,78,78,27
18,0,18,0
0,158,158,24
7,0,7,0
29,0,29,0
0,4,4,19
28,0,28,0
0,62,62,36
334,0,334,0
36,0,36,0
0,10,10,1
0,115,115,16
158,0,158,0
0,174,174,46
4,0,4,0
0,62,62,113
1,0,1,0
0,333,333,6
196,0,196,0
0,139,139,44
1,0,1,0
0,92,92,35
78,0,78,0
896,0,896,0
51,0,51,0
102,0,102,0
383,0,383,0
12,0,12,0
16,0,16,0
234,0,234,0
37,0,37,0
211,0,211,0
0,115,115,126
105,0,105,0
14,0,14,0
17,0,17,0
0,2,2,0
27,0,27,0
5,0,5,0
4,0,4,0
0,308,308,52
145,0,145,0
0,113,113,6
108,0,108,0
52,0,52,0
19,0,19,0
80,0,80,0
369,0,369,0
1,0,1,0
0,34,34,29
0,43,43,27
0,59,59,19
4,0,4,0
29,0,29,0
34,0,34,0
1,0,1,0
141,0,141,0
0,249,249,54
171,0,171,0
0,26,26,10
1,0,1,0
196,0,196,0
41,0,41,0
0,11,11,7
7,0,7,0
0,33,33,0
29,0,29,0
0,11,11,26
4,0,4,0
0,30,30,1
8,0,8,0
187,0,187,0
1,0,1,0
271,0,271,0
0,112,112,6
120,0,120,0
4,0,4,0
195,0,195,0
26,0,26,0
12,0,12,0
0,357,357,28
112,0,112,0
21,0,21,0
85,0,85,0
0,83,83,253
99,0,99,0
360,0,360,0
174,0,174,0
0,187,187,0
89,0,89,0
5,0,5,0
0,19,19,12
93,0,93,0
3,0,3,0
0,61,61,7
0,9,9,3
38,0,38,0
42,0,42,0
21,0,21,0
60,0,60,0
9,0,9,0
0,214,214,57
636,0,636,0
15,0,15,0
0,18,18,14
22,0,22,0
24,0,24,0
9,0,9,0
0,28,28,9
115,0,115,0
0,220,220,73
0,2,2,34
11,0,11,0
86,0,86,0
0,3,3,1
52,0,52,0
0,203,203,238
0,46,46,2
62,0,62,0
1,0,1,0
0,46,46,20
21,0,21,0
28,0,28,0
2,0,2,0
18,0,18,0
0,694,694,30
18,0,18,0
0,23,23,3
17,0,17,0
0,10,10,49
8,0,8,0
218,0,218,0
43,0,43,0
0,194,194,22
0,65,65,34
37,0,37,0
14,0,14,0
1,0,1,0
0,138,138,191
90,0,90,0
0,64,64,9
52,0,52,0
0,113,113,10
95,0,95,0
0,16,16,27
154,0,154,0
83,0,83,0
0,51,51,4
72,0,72,0
12,0,12,0
0,4,4,3
164,0,164,0
156,0,156,0
0,31,31,37
8,0,8,0
155,0,155,0
0,301,301,49
0,286,286,29
0,88,88,21
285,0,285,0
0,5,5,29
0,196,196,105
446,0,446,0
8,0,8,0
2,0,2,0
39,0,39,0
0,5,5,6
0,10,10,10
0,76,76,25
3,0,3,0
0,56,56,28
106,0,106,0
290,0,290,0
0,309,309,16
13,0,13,0
7,0,7,0
0,29,29,9
15,0,15,0
39,0,39,0
0,86,86,27
46,0,46,0
0,159,159,50
5,0,5,0
0,248,248,42
3,0,3,0
52,0,52,0
0,24,24,18
43,0,43,0
87,0,87,0
1,0,1,0
0,12,12,76
90,0,90,0
22,0,22,0
4,0,4,0
0,1,1,36
1,0,1,0
0,186,186,57
7,0,7,0
6,0,6,0
0,258,258,201
0,32,32,7
0,74,74,22
52,0,52,0
10,0,10,0
10,0,10,0
0,159,159,9
33,0,33,0
0,5,5,15
238,0,238,0
0,362,362,0
361,0,361,0
26,0,26,0
0,5,5,21
0,60,60,50
19,0,19,0
0,60,60,1
1,0,1,0
447,0,447,0
117,0,117,0
20,0,20,0
91,0,91,0
0,148,148,18
209,0,209,0
15,0,15,0
0,19,19,4
1,0,1,0
0,88,88,7
86,0,86,0
0,262,262,14
0,692,692,5
149,0,149,0
58,0,58,0
53,0,53,0
36,0,36,0
0,33,33,10
77,0,77,0
33,0,33,0
77,0,77,0
0,46,46,17
1,0,1,0
0,99,99,28
88,0,88,0
0,10,10,107
287,0,287,0
2,0,2,0
124,0,124,0
307,0,307,0
84,0,84,0
145,0,145,0
0,98,98,27
64,0,64,0
0,483,483,46
1,0,1,0
3,0,3,0
78,0,78,0
200,0,200,0
0,169,169,102
19,0,19,0
141,0,141,0
0,94,94,40
48,0,48,0
0,2,2,9
5,0,5,0
4,0,4,0
14,0,14,0
0,1,1,6
77,0,77,0
0,217,217,3
21,0,21,0
4,0,4,0
0,303,303,47
11,0,11,0
0,9,9,7
474,0,474,0
14,0,14,0
47,0,47,0
24,0,24,0
11,0,11,0
151,0,151,0
0,76,76,23
8,0,8,0
0,60,60,81
12,0,12,0
1,0,1,0
4,0,4,0
0,10,10,7
32,0,32,0
0,38,38,26
4,0,4,0
0,108,108,5
6,0,6,0
384,0,384,0
0,87,87,57
0,28,28,3
0,180,180,14
1,0,1,0
10,0,10,0
3,0,3,0
89,0,89,0
0,70,70,57
0,74,74,36
3,0,3,0
0,12,12,73
422,0,422,0
1,0,1,0
0,52,52,17
7,0,7,0
3,0,3,0
0,9,9,25
203,0,203,0
0,10,10,12
88,0,88,0
42,0,42,0
0,118,118,48
3,0,3,0
0,201,201,12
22,0,22,0
0,621,621,100
1289,0,1289,0
18,0,18,0
26,0,26,0
1,0,1,0
0,5,5,2
30,0,30,0
2,0,2,0
24,0,24,0
17,0,17,0
234,0,234,0
4,0,4,0
1,0,1,0
31,0,31,0
579,0,579,0
0,127,127,4
0,2,2,2
21,0,21,0
95,0,95,0
0,107,107,4
7,0,7,0
0,11,11,13
5,0,5,0
5,0,5,0
0,24,24,57
2,0,2,0
1,0,1,0
17,0,17,0
0,4,4,5
198,0,198,0
0,351,351,44
282,0,282,0
114,0,114,0
0,8,8,3
30,0,30,0
0,154,154,137
131,0,131,0
0,168,168,34
120,0,120,0
0,168,168,0
0,54,54,1
0,4,4,2
1,0,1,0
43,0,43,0
0,20,20,40
157,0,157,0
0,103,103,0
57,0,57,0
0,439,439,124
424,0,424,0
4,0,4,0
76,0,76,0
0,18,18,41
2,0,2,0
4,0,4,0
695,0,695,0
0,96,96,21
1,0,1,0
9,0,9,0
1,0,1,0
58,0,58,0
6,0,6,0
0,12,12,13
0,33,33,21
96,0,96,0
0,535,535,3
0,9,9,38
1,0,1,0
0,49,49,28
0,215,215,10
33,0,33,0
0,1,1,1
33,0,33,0
0,34,34,43
1,0,1,0
38,0,38,0
0,168,168,3
282,0,282,0
156,0,156,0
0,90,90,31
3,0,3,0
0,87,87,51
20,0,20,0
3,0,3,0
0,14,14,11
47,0,47,0
51,0,51,0
44,0,44,0
0,24,24,90
31,0,31,0
96,0,96,0
45,0,45,0
4,0,4,0
2,0,2,0
10,0,10,0
1,0,1,0
624,0,624,0
2,0,2,0
2,0,2,0
8,0,8,0
3,0,3,0
116,0,116,0
0,19,19,19
150,0,150,0
1,0,1,0
2,0,2,0
149,0,149,0
3,0,3,0
0,113,113,43
113,0,113,0
0,149,149,15
36,0,36,0
781,0,781,0
0,10,10,80
0,129,129,35
8,0,8,0
1,0,1,0
3,0,3,0
0,19,19,66
0,73,73,31
2,0,2,0
60,0,60,0
242,0,242,0
0,3,3,4
0,5,5,5
0,56,56,8
46,0,46,0
109,0,109,0
18,0,18,0
0,17,17,129
83,0,83,0
4,0,4,0
4,0,4,0
11,0,11,0
0,131,131,99
0,61,61,15
285,0,285,0
0,686,686,27
324,0,324,0
0,303,303,38
4,0,4,0
18,0,18,0
62,0,62,0
0,162,162,41
1,0,1,0
0,104,104,0
82,0,82,0
73,0,73,0
0,29,29,12
7,0,7,0
342,0,342,0
0,25,25,6
13,0,13,0
99,0,99,0
0,4,4,0
42,0,42,0
3,0,3,0
63,0,63,0
21,0,21,0
329,0,329,0
0,41,41,51
193,0,193,0
35,0,35,0
11,0,11,0
0,3,3,13
0,6,6,1
74,0,74,0
0,327,327,73
14,0,14,0
0,5,5,2
0,133,133,4
202,0,202,0
19,0,19,0
0,31,31,30
20,0,20,0
0,11,11,2
126,0,126,0
0,2,2,9
188,0,188,0
27,0,27,0
0,502,502,5
419,0,419,0
0,411,411,7
409,0,409,0
0,96,96,12
394,0,394,0
0,1,1,2
13,0,13,0
1,0,1,0
0,384,384,9
67,0,67,0
0,2,2,7
58,0,58,0
12,0,12,0
60,0,60,0
0,304,304,118
425,0,425,0
845,0,845,0
0,44,44,38
124,0,124,0
0,3,3,8
494,0,494,0
89,0,89,0
0,33,33,23
0,257,257,1
5,0,5,0
0,119,119,44
0,68,68,15
85,0,85,0
42,0,42,0
0,277,277,3
5,0,5,0
4,0,4,0
0,90,90,107
6,0,6,0
0,2,2,17
3,0,3,0
5,0,5,0
0,652,652,65
255,0,255,0
58,0,58,0
0,181,181,63
132,0,132,0
12,0,12,0
0,103,103,65
24,0,24,0
0,1,1,0
157,0,157,0
146,0,146,0
0,20,20,8
0,33,33,26
4,0,4,0
0,425,425,13
121,0,121,0
157,0,157,0
1,0,1,0
0,113,113,0
169,0,169,0
113,0,113,0
2,0,2,0
150,0,150,0
0,11,11,15
0,72,72,1
22,0,22,0
0,9,9,6
3,0,3,0
2,0,2,0
11,0,11,0
5,0,5,0
0,8,8,0
6,0,6,0
4,0,4,0
0,7,7,92
51,0,51,0
155,0,155,0
0,270,270,377
37,0,37,0
0,149,149,99
150,0,150,0
123,0,123,0
0,97,97,4
0,68,68,33
10,0,10,0
14,0,14,0
107,0,107,0
0,1,1,104
0,166,166,3
0,157,157,62
75,0,75,0
32,0,32,0
0,86,86,92
11,0,11,0
10,0,10,0
2,0,2,0
0,254,254,36
0,12,12,9
31,0,31,0
0,367,367,56
13,0,13,0
93,0,93,0
0,643,643,28
633,0,633,0
0,34,34,1
26,0,26,0
0,5185,5185,491
0,663,663,13
581,0,581,0
182,0,182,0
3,0,3,0
0,106,106,46
124,0,124,0
2,0,2,0
0,74,74,94
95,0,95,0
2,0,2,0
1,0,1,0
158,0,158,0
0,151,151,46
15,0,15,0
0,23,23,0
19,0,19,0
0,31,31,4
42,0,42,0
0,339,339,38
7,0,7,0
0,202,202,81
569,0,569,0
0,7,7,82
8,0,8,0
8,0,8,0
0,1,1,1
11,0,11,0
0,176,176,36
0,171,171,53
3,0,3,0
0,13,13,6
8,0,8,0
0,24,24,27
73,0,73,0
113,0,113,0
18,0,18,0
47,0,47,0
0,261,261,39
201,0,201,0
4,0,4,0
472,0,472,0
14,0,14,0
0,51,51,2
0,9,9,2
181,0,181,0
35,0,35,0
10,0,10,0
68,0,68,0
0,12,12,17
4,0,4,0
3,0,3,0
0,66,66,25
1,0,1,0
0,128,128,39
0,115,115,20
15,0,15,0
10,0,10,0
0,659,659,25
107,0,107,0
0,308,308,9
27,0,27,0
0,9,9,3
252,0,252,0
0,9,9,30
21,0,21,0
0,16,16,10
3,0,3,0
362,0,362,0
0,4,4,12
1,0,1,0
286,0,286,0
0,393,393,69
1,0,1,0
0,1480,1480,25
21,0,21,0
0,393,393,5
259,0,259,0
16,0,16,0
1,0,1,0
0,27,27,31
0,982,982,11
23,0,23,0
0,18,18,6
2,0,2,0
0,6,6,2
24,0,24,0
1,0,1,0
0,18,18,25
14,0,14,0
0,582,582,2
532,0,532,0
0,110,110,44
319,0,319,0
58,0,58,0
0,29,29,17
0,3,3,40
6,0,6,0
0,938,938,46
905,0,905,0
0,161,161,30
3,0,3,0
36,0,36,0
0,28,28,12
36,0,36,0
63,0,63,0
0,10,10,12
88,0,88,0
0,12,12,0
74,0,74,0
3,0,3,0
1826,0,1826,0
15,0,15,0
288,0,288,0
0,1,1,23
21,0,21,0
0,47,47,27
87,0,87,0
29,0,29,0
93,0,93,0
0,131,131,9
0,33,33,28
261,0,261,0
0,5,5,34
111,0,111,0
96,0,96,0
3,0,3,0
128,0,128,0
47,0,47,0
150,0,150,0
0,33,33,13
8,0,8,0
65,0,65,0
0,3,3,3
0,17,17,23
0,38,38,11
19,0,19,0
0,25,25,3
0,60,60,58
12,0,12,0
0,21,21,11
4,0,4,0
36,0,36,0
2,0,2,0
0,525,525,50
450,0,450,0
0,366,366,0
43,0,43,0
0,21,21,24
0,21,21,39
1,0,1,0
1,0,1,0
0,74,74,11
2,0,2,0
0,19,19,7
16,0,16,0
72,0,72,0
0,199,199,68
2,0,2,0
0,32,32,2
13,0,13,0
0,144,144,47
376,0,376,0
0,100,100,3
81,0,81,0
9,0,9,0
0,44,44,363
315,0,315,0
4,0,4,0
0,108,108,20
147,0,147,0
0,6,6,11
1,0,1,0
0,1,1,0
28,0,28,0
0,46,46,16
138,0,138,0
0,13,13,10
11,0,11,0
17,0,17,0
0,3,3,4
351,0,351,0
0,2,2,4
2,0,2,0
99,0,99,0
17,0,17,0
4,0,4,0
19,0,19,0
0,3,3,10
22,0,22,0
0,193,193,21
136,0,136,0
0,4,4,3
2,0,2,0
6,0,6,0
0,19,19,5
12,0,12,0
0,48,48,161
10,0,10,0
0,162,162,7
131,0,131,0
0,424,424,43
1,0,1,0
33,0,33,0
0,139,139,34
0,50,50,2
4,0,4,0
0,248,248,28
0,42,42,13
32,0,32,0
0,20,20,120
2,0,2,0
48,0,48,0
0,38,38,19
30,0,30,0
0,109,109,101
54,0,54,0
42,0,42,0
4,0,4,0
156,0,156,0
5,0,5,0
0,153,153,17
8,0,8,0
0,43,43,45
43,0,43,0
68,0,68,0
20,0,20,0
185,0,185,0
2,0,2,0
0,75,75,35
0,1,1,21
374,0,374,0
23,0,23,0
30,0,30,0
9,0,9,0
0,645,645,4
20,0,20,0
0,86,86,15
85,0,85,0
0,23,23,13
72,0,72,0
7,0,7,0
2,0,2,0
0,44,44,80
26,0,26,0
117,0,117,0
0,98,98,41
0,36,36,94
34,0,34,0
62,0,62,0
0,43,43,9
8,0,8,0
0,112,112,5
78,0,78,0
7,0,7,0
14,0,14,0
0,163,163,9
123,0,123,0
0,573,573,9
0,135,135,38
3,0,3,0
104,0,104,0
20,0,20,0
0,181,181,14
219,0,219,0
4,0,4,0
0,12,12,18
9,0,9,0
0,31,31,84
28,0,28,0
4,0,4,0
15,0,15,0
0,1,1,0
63,0,63,0
0,132,132,48
21,0,21,0
16,0,16,0
0,3,3,3
0,6,6,29
1,0,1,0
0,26,26,3
8,0,8,0
0,45,45,10
2,0,2,0
371,0,371,0
0,327,327,0
0,76,76,7
135,0,135,0
0,58,58,26
0,6,6,37
5,0,5,0
0,277,277,44
54,0,54,0
81,0,81,0
0,3,3,11
2,0,2,0
127,0,127,0
0,1019,1019,23
0,5,5,3
3,0,3,0
273,0,273,0
0,31,31,0
94,0,94,0
15,0,15,0
48,0,48,0
0,668,668,41
10,0,10,0
158,0,158,0
0,28,28,3
41,0,41,0
10,0,10,0
0,1,1,2
0,69,69,71
4,0,4,0
0,30,30,1
0,5,5,33
135,0,135,0
6,0,6,0
0,7,7,38
0,2,2,22
130,0,130,0
29,0,29,0
0,48,48,16
1,0,1,0
7,0,7,0
21,0,21,0
12,0,12,0
23,0,23,0
78,0,78,0
5,0,5,0
202,0,202,0
0,458,458,22
0,384,384,31
499,0,499,0
20,0,20,0
28,0,28,0
0,6,6,61
12,0,12,0
0,63,63,31
1,0,1,0
47,0,47,0
1,0,1,0
0,371,371,149
0,6,6,6
314,0,314,0
0,608,608,47
0,198,198,53
5,0,5,0
0,3,3,27
20,0,20,0
0,22,22,5
7,0,7,0
1,0,1,0
0,50,50,12
2,0,2,0
2,0,2,0
5,0,5,0
48,0,48,0
332,0,332,0
4,0,4,0
2,0,2,0
0,1187,1187,62
229,0,229,0
0,156,156,3
128,0,128,0
77,0,77,0
0,631,631,20
46,0,46,0
0,161,161,46
4,0,4,0
3,0,3,0
0,18,18,7
1,0,1,0
0,58,58,0
679,0,679,0
0,114,114,5
136,0,136,0
0,354,354,24
601,0,601,0
446,0,446,0
0,4,4,1
34,0,34,0
0,105,105,43
5,0,5,0
1,0,1,0
34,0,34,0
49,0,49,0
0,94,94,14
41,0,41,0
0,24,24,4
12,0,12,0
139,0,139,0
0,243,243,18
117,0,117,0
0,32,32,9
40,0,40,0
0,38,38,0
68,0,68,0
41,0,41,0
0,22,22,39
14,0,14,0
0,97,97,7
12,0,12,0
31,0,31,0
68,0,68,0
90,0,90,0
5,0,5,0
33,0,33,0
25,0,25,0
1,0,1,0
0,188,188,2
13,0,13,0
57,0,57,0
0,283,283,152
0,60,60,16
287,0,287,0
0,6,6,8
1,0,1,0
0,147,147,25
34,0,34,0
77,0,77,0
0,83,83,132
244,0,244,0
1,0,1,0
0,129,129,56
86,0,86,0
87,0,87,0
34,0,34,0
16,0,16,0
0,10,10,20
4,0,4,0
16,0,16,0
157,0,157,0
2,0,2,0
0,7,7,8
93,0,93,0
0,425,425,10
363,0,363,0
13,0,13,0
39,0,39,0
0,79,79,31
52,0,52,0
0,129,129,1
0,1,1,0
8,0,8,0
27,0,27,0
316,0,316,0
0,19,19,0
0,36,36,7
4,0,4,0
1,0,1,0
1,0,1,0
3,0,3,0
12,0,12,0
11,0,11,0
103,0,103,0
70,0,70,0
23,0,23,0
0,179,179,57
29,0,29,0
0,14,14,31
418,0,418,0
0,116,116,86
39,0,39,0
0,32,32,43
9,0,9,0
864,0,864,0
0,9,9,15
76,0,76,0
1,0,1,0
0,81,81,33
186,0,186,0
115,0,115,0
0,99,99,19
1,0,1,0
93,0,93,0
0,141,141,33
22,0,22,0
38,0,38,0
270,0,270,0
0,84,84,7
45,0,45,0
0,149,149,97
23,0,23,0
17,0,17,0
7,0,7,0
2,0,2,0
4,0,4,0
0,27,27,10
2,0,2,0
0,246,246,77
24,0,24,0
0,101,101,8
202,0,202,0
16,0,16,0
0,873,873,14
43,0,43,0
0,6,6,32
1,0,1,0
0,5,5,6
0,4,4,86
12,0,12,0
0,8,8,6
394,0,394,0
1,0,1,0
2,0,2,0
0,16,16,28
0,86,86,32
85,0,85,0
0,95,95,25
5,0,5,0
5,0,5,0
3,0,3,0
0,12,12,51
0,28,28,36
0,25,25,8
0,21,21,0
0,361,361,56
353,0,353,0
0,19,19,18
1,0,1,0
0,35,35,14
217,0,217,0
2,0,2,0
19,0,19,0
0,1,1,1
1,0,1,0
1,0,1,0
25,0,25,0
0,313,313,16
235,0,235,0
28,0,28,0
1428,0,1428,0
0,66,66,4
0,39,39,2
49,0,49,0
0,44,44,41
19,0,19,0
0,212,212,37
197,0,197,0
6,0,6,0
0,9,9,62
77,0,77,0
142,0,142,0
0,230,230,37
0,115,115,106
218,0,218,0
938,0,938,0
0,205,205,23
307,0,307,0
5,0,5,0
5,0,5,0
0,51,51,9
131,0,131,0
7,0,7,0
0,2,2,62
26,0,26,0
0,168,168,6
235,0,235,0
0,7,7,1
1,0,1,0
0,1,1,58
4,0,4,0
0,1085,1085,18
0,2,2,20
0,25,25,12
48,0,48,0
7,0,7,0
0,37,37,5
146,0,146,0
0,2,2,1
4,0,4,0
0,39,39,3
0,86,86,7
196,0,196,0
0,80,80,8
0,1,1,20
48,0,48,0
0,16,16,7
16,0,16,0
0,149,149,16
110,0,110,0
0,3,3,23
10,0,10,0
31,0,31,0
142,0,142,0
0,50,50,32
202,0,202,0
0,12,12,8
11,0,11,0
0,322,322,29
329,0,329,0
4,0,4,0
0,5,5,1
47,0,47,0
0,107,107,7
19,0,19,0
0,115,115,24
368,0,368,0
17,0,17,0
0,467,467,9
186,0,186,0
33,0,33,0
0,2,2,1
150,0,150,0
19,0,19,0
0,96,96,19
13,0,13,0
0,1,1,27
0,361,361,84
255,0,255,0
0,25,25,9
0,102,102,22
2,0,2,0
8,0,8,0
0,873,873,35
5,0,5,0
81,0,81,0
262,0,262,0
1,0,1,0
0,84,84,10
40,0,40,0
0,17,17,34
5,0,5,0
0,6,6,2
52,0,52,0
3,0,3,0
2,0,2,0
13,0,13,0
46,0,46,0
90,0,90,0
0,242,242,79
227,0,227,0
0,113,113,5
254,0,254,0
0,479,479,10
388,0,388,0
80,0,80,0
0,465,465,24
0,53,53,10
35,0,35,0
0,153,153,33
0,33,33,18
25,0,25,0
60,0,60,0
59,0,59,0
1,0,1,0
0,201,201,17
1,0,1,0
0,69,69,18
25,0,25,0
12,0,12,0
0,42,42,8
37,0,37,0
0,126,126,38
103,0,103,0
191,0,191,0
0,351,351,78
709,0,709,0
4114,0,4114,0
1098,0,1098,0
0,205,205,17
302,0,302,0
0,201,201,8
182,0,182,0
0,70,70,0
41,0,41,0
0,56,56,14
2,0,2,0
2,0,2,0
0,306,306,34
22,0,22,0
29,0,29,0
0,1287,1287,64
22,0,22,0
0,75,75,11
0,443,443,50
434,0,434,0
3,0,3,0
0,281,281,31
129,0,129,0
9,0,9,0
62,0,62,0
0,45,45,15
46,0,46,0
0,16,16,12
7,0,7,0
345,0,345,0
42,0,42,0
0,27,27,12
10,0,10,0
0,114,114,6
15,0,15,0
0,89,89,30
135,0,135,0
0,79,79,23
7,0,7,0
3,0,3,0
0,193,193,20
2,0,2,0
16,0,16,0
0,11,11,4
1,0,1,0
0,120,120,138
23,0,23,0
8,0,8,0
0,23,23,27
10,0,10,0
0,52,52,58
89,0,89,0
46,0,46,0
0,134,134,20
21,0,21,0
39,0,39,0
14,0,14,0
0,412,412,96
4,0,4,0
0,271,271,39
263,0,263,0
46,0,46,0
1,0,1,0
353,0,353,0
0,17,17,8
362,0,362,0
0,16,16,8
1,0,1,0
521,0,521,0
1,0,1,0
0,71,71,7
3,0,3,0
0,69,69,0
9,0,9,0
3,0,3,0
0,2,2,1
0,525,525,72
281,0,281,0
0,32,32,0
0,44,44,7
9,0,9,0
0,2123,2123,738
1855,0,1855,0
23,0,23,0
246,0,246,0
2,0,2,0
0,23,23,39
22,0,22,0
0,157,157,14
0,141,141,11
7,0,7,0
58,0,58,0
0,20,20,1
0,456,456,91
5,0,5,0
51,0,51,0
0,21,21,130
10,0,10,0
19,0,19,0
1,0,1,0
94,0,94,0
120,0,120,0
0,324,324,39
3,0,3,0
0,19,19,20
16,0,16,0
71,0,71,0
14,0,14,0
21,0,21,0
7,0,7,0
0,281,281,45
169,0,169,0
14,0,14,0
0,40,40,40
46,0,46,0
0,7,7,4
0,14,14,6
11,0,11,0
0,40,40,11
0,55,55,15
75,0,75,0
85,0,85,0
10,0,10,0
0,148,148,70
0,34,34,13
34,0,34,0
0,139,139,270
13,0,13,0
5,0,5,0
0,100,100,35
180,0,180,0
0,13,13,11
14,0,14,0
0,571,571,45
546,0,546,0
0,61,61,21
0,12,12,0
6,0,6,0
4,0,4,0
72,0,72,0
1,0,1,0
330,0,330,0
0,595,595,34
5,0,5,0
0,138,138,45
203,0,203,0
0,265,265,14
107,0,107,0
0,69,69,34
8,0,8,0
21,0,21,0
0,29,29,8
21,0,21,0
0,86,86,57
13,0,13,0
208,0,208,0
162,0,162,0
0,137,137,48
15,0,15,0
6,0,6,0
0,23,23,24
1,0,1,0
230,0,230,0
0,1259,1259,333
245,0,245,0
17,0,17,0
4,0,4,0
0,307,307,33
390,0,390,0
127,0,127,0
244,0,244,0
29,0,29,0
0,180,180,16
2,0,2,0
3,0,3,0
0,80,80,13
31,0,31,0
0,21,21,1
9,0,9,0
0,398,398,16
3,0,3,0
1,0,1,0
3,0,3,0
160,0,160,0
1,0,1,0
0,69,69,0
0,17,17,48
0,730,730,47
56,0,56,0
556,0,556,0
0,181,181,20
43,0,43,0
34,0,34,0
1010,0,1010,0
0,260,260,75
0,193,193,0
148,0,148,0
44,0,44,0
3,0,3,0
4,0,4,0
0,21,21,2
373,0,373,0
1,0,1,0
0,26,26,29
10,0,10,0
0,560,560,1
53,0,53,0
13,0,13,0
0,58,58,173
8,0,8,0
0,1027,1027,117
687,0,687,0
43,0,43,0
0,223,223,102
0,65,65,1
51,0,51,0
23,0,23,0
51,0,51,0
0,34,34,46
24,0,24,0
1,0,1,0
0,1707,1707,70
192,0,192,0
0,1,1,14
32,0,32,0
1,0,1,0
0,4,4,17
0,55,55,46
127,0,127,0
11,0,11,0
2,0,2,0
13,0,13,0
1,0,1,0
0,16,16,16
12,0,12,0
52,0,52,0
66,0,66,0
22,0,22,0
0,22,22,49
21,0,21,0
0,29,29,7
4,0,4,0
0,6,6,14
6,0,6,0
23,0,23,0
16,0,16,0
0,367,367,24
918,0,918,0
0,97,97,10
0,451,451,105
0,37,37,55
47,0,47,0
0,53,53,53
7,0,7,0
0,9,9,6
0,233,233,49
614,0,614,0
114,0,114,0
2,0,2,0
15,0,15,0
0,226,226,153
12,0,12,0
4,0,4,0
6,0,6,0
270,0,270,0
1,0,1,0
0,57,57,57
2,0,2,0
0,124,124,9
4,0,4,0
0,213,213,0
219,0,219,0
0,237,237,7
293,0,293,0
1,0,1,0
109,0,109,0
4,0,4,0
0,462,462,79
426,0,426,0
0,5,5,2
40,0,40,0
0,4,4,1
20,0,20,0
0,80,80,16
0,43,43,42
40,0,40,0
0,31,31,31
2,0,2,0
0,107,107,55
103,0,103,0
0,5,5,18
2,0,2,0
0,6,6,9
84,0,84,0
0,101,101,16
27,0,27,0
0,4,4,4
0,2,2,38
25,0,25,0
47,0,47,0
155,0,155,0
2,0,2,0
0,229,229,4
98,0,98,0
236,0,236,0
0,41,41,6
993,0,993,0
16,0,16,0
0,908,908,13
26,0,26,0
17,0,17,0
14,0,14,0
5,1186,1191,20
20,0,20,0
11,0,11,0
272,0,272,0
3,0,3,0
0,185,185,1
181,0,181,0
0,24,24,13
28,0,28,0
20,0,20,0
0,19,19,5
13,0,13,0
32,0,32,0
1,0,1,0
587,0,587,0
0,37,37,2
29,0,29,0
10,0,10,0
0,2,2,13
0,359,359,13
63,0,63,0
7,0,7,0
0,5,5,16
0,81,81,27
130,0,130,0
0,38,38,13
3,0,3,0
11,0,11,0
2,0,2,0
34,0,34,0
14,0,14,0
0,105,105,40
1,0,1,0
0,26,26,1
128,0,128,0
0,129,129,5
32,0,32,0
97,0,97,0
0,264,264,20
456,0,456,0
21,0,21,0
2,0,2,0
11,0,11,0
0,251,251,127
175,0,175,0
4,0,4,0
3,0,3,0
0,141,141,12
53,0,53,0
22,0,22,0
0,62,62,12
0,237,237,19
11,0,11,0
20,0,20,0
0,378,378,33
250,0,250,0
0,1,1,0
0,26,26,3
0,237,237,95
0,52,52,15
2,0,2,0
1,0,1,0
0,7,7,16
8,0,8,0
9,0,9,0
0,171,171,7
2,0,2,0
0,337,337,43
287,0,287,0
4,0,4,0
0,59,59,17
4,0,4,0
2,0,2,0
0,4,4,4
379,0,379,0
0,35,35,10
126,0,126,0
0,184,184,2
166,0,166,0
5,0,5,0
77,0,77,0
2,0,2,0
151,0,151,0
16,0,16,0
2,0,2,0
32,0,32,0
0,9,9,25
1809,0,1809,0
35,0,35,0
0,223,223,23
0,2906,2906,87
1207,0,1207,0
349,0,349,0
0,432,432,5
0,249,249,8
460,0,460,0
0,2,2,4
0,707,707,13
0,53,53,83
11,0,11,0
3,0,3,0
0,2,2,4
4,0,4,0
0,12,12,89
48,0,48,0
0,11,11,8
86,0,86,0
0,496,496,26
423,0,423,0
4,0,4,0
0,6,6,1
0,438,438,4
113,0,113,0
7,0,7,0
0,97,97,1
0,91,91,50
8,0,8,0
8,0,8,0
2,0,2,0
5,0,5,0
3,0,3,0
0,2,2,11
0,100,100,1
44,0,44,0
0,57,57,2
1,0,1,0
0,29,29,47
12,0,12,0
0,135,135,2
6,0,6,0
0,10,10,18
6,0,6,0
4,0,4,0
71,0,71,0
1,0,1,0
3,0,3,0
4,0,4,0
3,0,3,0
0,44,44,22
0,1,1,91
0,100,100,21
1,105,106,34
0,972,972,6
32,0,32,0
0,292,292,35
0,34,34,18
114,0,114,0
0,53,53,21
112,0,112,0
20,0,20,0
0,25,25,76
0,23,23,6
13,0,13,0
0,76,76,4
69,0,69,0
0,158,158,36
15,0,15,0
35,0,35,0
0,96,96,16
663,0,663,0
0,73,73,50
49,0,49,0
0,44,44,7
8,0,8,0
0,192,192,86
1,0,1,0
18,0,18,0
273,0,273,0
0,69,69,16
5,0,5,0
3,0,3,0
15,0,15,0
51,0,51,0
0,37,37,16
0,72,72,48
199,0,199,0
0,72,72,3
40,0,40,0
0,92,92,5
35,0,35,0
78,0,78,0
1,0,1,0
55,0,55,0
0,286,286,58
179,0,179,0
0,3,3,6
552,0,552,0
366,0,366,0
0,79,79,6
58,0,58,0
2,0,2,0
29,0,29,0
376,0,376,0
0,321,321,96
595,0,595,0
0,156,156,12
221,0,221,0
0,60,60,8
1,0,1,0
251,0,251,0
0,66,66,6
67,0,67,0
31,0,31,0
1,0,1,0
0,11,11,50
13,0,13,0
4,0,4,0
0,120,120,1
125,0,125,0
7,0,7,0
0,10,10,43
261,0,261,0
0,505,505,126
1,0,1,0
0,123,123,56
47,0,47,0
0,130,130,54
110,0,110,0
2,0,2,0
0,1,1,4
0,31,31,16
0,254,254,30
327,0,327,0
0,22,22,6
2,0,2,0
0,146,146,40
31,0,31,0
0,75,75,87
43,0,43,0
0,52,52,2
3,0,3,0
0,195,195,42
0,19,19,19
57,0,57,0
89,0,89,0
0,204,204,27
257,0,257,0
464,0,464,0
9,0,9,0
1,0,1,0
0,11,11,19
6,0,6,0
0,36,36,29
0,63,63,56
4,0,4,0
7,0,7,0
6,0,6,0
0,1,1,30
6,0,6,0
4,0,4,0
245,0,245,0
0,52,52,4
52,0,52,0
0,256,256,3
169,0,169,0
0,11,11,1
332,0,332,0
0,32,32,5
29,0,29,0
0,25,25,6
2,0,2,0
0,26,26,14
27,0,27,0
111,0,111,0
14,0,14,0
0,152,152,37
29,0,29,0
0,71,71,15
677,0,677,0
1,0,1,0
0,50,50,7
1,0,1,0
0,80,80,64
8,0,8,0
2,0,2,0
13,0,13,0
0,1,1,25
438,0,438,0
0,20,20,1
93,0,93,0
0,66,66,54
4,0,4,0
48,0,48,0
0,89,89,1
23,0,23,0
0,156,156,4
154,0,154,0
4,0,4,0
1,0,1,0
0,116,116,10
12,0,12,0
2,0,2,0
139,0,139,0
0,47,47,57
2,0,2,0
0,82,82,10
2,0,2,0
0,4,4,8
0,27,27,6
22,0,22,0
0,21,21,10
31,0,31,0
0,262,262,22
17,0,17,0
118,0,118,0
217,0,217,0
0,5,5,26
59,0,59,0
0,25,25,100
0,698,698,19
777,0,777,0
0,128,128,111
31,0,31,0
0,1,1,7
0,63,63,4
2,0,2,0
0,122,122,21
139,0,139,0
5,0,5,0
201,0,201,0
0,139,139,68
0,1,1,148
2,0,2,0
15,0,15,0
0,224,224,91
24,0,24,0
26,0,26,0
33,0,33,0
0,107,107,19
3,0,3,0
13,0,13,0
16,0,16,0
0,102,102,35
79,0,79,0
93,0,93,0
0,827,827,41
0,10,10,1
2,0,2,0
92,0,92,0
5,0,5,0
1,0,1,0
0,11,11,8
17,0,17,0
130,0,130,0
2,0,2,0
0,5,5,5
0,153,153,31
3,0,3,0
0,61,61,25
67,0,67,0
0,113,113,13
24,0,24,0
13,0,13,0
26,0,26,0
0,215,215,4
132,0,132,0
70,0,70,0
0,282,282,111
978,0,978,0
0,9,9,12
19,0,19,0
0,67,67,89
20,0,20,0
0,6,6,7
11,0,11,0
0,69,69,21
336,0,336,0
2,0,2,0
1,0,1,0
0,1,1,10
53,0,53,0
0,38,38,7
2,0,2,0
0,196,196,5
103,0,103,0
0,66,66,40
64,0,64,0
1,0,1,0
65,0,65,0
0,445,445,145
0,31,31,10
28,0,28,0
10,0,10,0
0,144,144,38
97,0,97,0
0,45,45,117
84,0,84,0
0,175,175,14
0,82,82,10
0,427,427,73
118,0,118,0
278,0,278,0
0,55,55,17
91,0,91,0
2,0,2,0
0,97,97,58
111,0,111,0
0,15,15,19
92,0,92,0
114,0,114,0
0,16,16,2
4,0,4,0
0,475,475,37
9,0,9,0
6,0,6,0
0,55,55,12
398,0,398,0
0,29,29,9
19,0,19,0
0,22,22,1
14,0,14,0
21,0,21,0
0,21,21,42
7,0,7,0
0,43,43,91
35,0,35,0
22,0,22,0
1,0,1,0
43,0,43,0
0,43,43,17
61,0,61,0
2,0,2,0
0,155,155,35
98,0,98,0
3,0,3,0
0,53,53,22
15,0,15,0
12,0,12,0
0,251,251,24
18,0,18,0
0,62,62,9
0,217,217,48
25,0,25,0
0,172,172,14
95,0,95,0
60,0,60,0
0,77,77,70
53,0,53,0
11,0,11,0
0,2,2,8
1,0,1,0
0,1,1,21
4,0,4,0
37,0,37,0
0,1449,1449,83
86,0,86,0
0,30,30,2
5,0,5,0
39,0,39,0
740,0,740,0
380,0,380,0
96,0,96,0
5,0,5,0
0,179,179,13
36,0,36,0
0,44,44,18
3,0,3,0
272,0,272,0
0,240,240,88
242,0,242,0
0,66,66,18
8,0,8,0
1,0,1,0
0,44,44,122
1,0,1,0
157,0,157,0
35,0,35,0
0,78,78,45
0,53,53,54
109,0,109,0
0,104,104,21
24,0,24,0
0,13,13,88
2,0,2,0
0,85,85,19
2,0,2,0
2,0,2,0
0,382,382,64
40,0,40,0
31,0,31,0
0,2,2,0
67,0,67,0
0,17,17,13
402,0,402,0
0,352,352,77
33,0,33,0
0,37,37,17
124,0,124,0
72,0,72,0
1,0,1,0
16,0,16,0
0,70,70,39
23,0,23,0
2,0,2,0
2607,0,2607,0
23,0,23,0
0,95,95,53
37,0,37,0
172,0,172,0
158,0,158,0
0,28,28,2
3,0,3,0
0,239,239,20
1,0,1,0
120,0,120,0
0,233,233,35
35,0,35,0
0,970,970,9
5,0,5,0
0,8,8,2
56,0,56,0
0,298,298,29
77,0,77,0
30,0,30,0
1,0,1,0
0,30,30,7
1,0,1,0
0,50,50,40
2,0,2,0
0,521,521,47
60,0,60,0
2,0,2,0
0,39,39,3
17,0,17,0
0,10,10,12
2,0,2,0
26,0,26,0
23,0,23,0
0,166,166,61
147,0,147,0
67,0,67,0
41,0,41,0
17,0,17,0
55,0,55,0
0,3,3,100
65,0,65,0
0,152,152,49
219,0,219,0
1,0,1,0
0,197,197,21
61,0,61,0
0,1,1,11
27,0,27,0
0,23,23,46
21,0,21,0
106,0,106,0
19,0,19,0
4,0,4,0
0,9,9,20
28,0,28,0
0,50,50,1
43,0,43,0
2,0,2,0
5,0,5,0
0,32,32,15
10,0,10,0
37,0,37,0
30,0,30,0
0,14,14,11
249,0,249,0
0,695,695,56
289,0,289,0
58,0,58,0
607,0,607,0
49,0,49,0
0,35,35,26
0,87,87,2
0,28,28,18
51,0,51,0
16,0,16,0
11,0,11,0
0,197,197,97
2,0,2,0
0,4,4,24
135,0,135,0
0,16,16,3
18,0,18,0
451,0,451,0
88,0,88,0
0,106,106,48
102,0,102,0
175,0,175,0
0,2,2,0
69,0,69,0
0,683,683,75
211,0,211,0
0,82,82,14
79,0,79,0
125,0,125,0
0,93,93,6
0,50,50,3
41,0,41,0
0,53,53,12
44,0,44,0
76,0,76,0
0,131,131,14
401,0,401,0
1,0,1,0
1,0,1,0
0,61,61,2
135,0,135,0
0,12,12,15
0,38,38,17
2,0,2,0
181,0,181,0
0,209,209,13
198,0,198,0
452,0,452,0
16,0,16,0
1,0,1,0
0,498,498,13
49,0,49,0
0,68,68,13
17,0,17,0
0,280,280,32
0,14,14,7
1,0,1,0
0,100,100,12
139,0,139,0
0,44,44,5
2,0,2,0
20,0,20,0
0,80,80,38
26,0,26,0
0,12,12,0
0,3,3,80
66,0,66,0
0,89,89,20
0,3,3,17
1,0,1,0
0,151,151,27
80,0,80,0
20,0,20,0
0,12,12,0
61,0,61,0
2,0,2,0
0,32,32,40
0,232,232,40
354,0,354,0
0,6,6,0
1,0,1,0
5,0,5,0
0,2,2,2
1,0,1,0
0,7,7,7
76,0,76,0
0,48,48,11
20,0,20,0
137,0,137,0
0,141,141,1
4,0,4,0
251,0,251,0
0,204,204,46
705,0,705,0
120,0,120,0
0,6,6,63
1,0,1,0
10,0,10,0
0,2,2,0
0,1,1,28
7,0,7,0
0,162,162,13
12,0,12,0
0,171,171,40
4,0,4,0
0,399,399,342
595,0,595,0
69,0,69,0
0,433,433,20
291,0,291,0
0,303,303,67
35,0,35,0
1,0,1,0
0,80,80,17
32,0,32,0
0,14,14,22
12,0,12,0
5,0,5,0
1,0,1,0
3,0,3,0
0,176,176,19
0,229,229,51
34,0,34,0
17,0,17,0
192,0,192,0
0,276,276,10
458,0,458,0
22,0,22,0
105,0,105,0
0,7,7,41
2,0,2,0
131,0,131,0
0,5,5,46
14,0,14,0
19,0,19,0
43,0,43,0
0,53,53,65
1,0,1,0
2,0,2,12
0,17,17,15
185,0,185,0
2,0,2,0
0,48,48,4
0,3,3,14
0,204,204,63
97,0,97,0
0,89,89,15
13,0,13,0
60,0,60,0
344,0,344,0
7,0,7,0
54,0,54,0
112,0,112,0
2,0,2,0
8,0,8,0
3,0,3,0
0,144,144,7
136,0,136,0
0,65,65,4
388,0,388,0
57,0,57,0
174,0,174,0
0,353,353,23
14,0,14,0
39,0,39,0
0,30,30,28
7,0,7,0
4,0,4,0
0,3,3,1
16,0,16,0
93,0,93,0
50,0,50,0
27,0,27,0
2,0,2,0
0,20,20,84
99,0,99,0
0,2,2,18
0,72,72,97
78,0,78,0
0,79,79,98
88,0,88,0
0,91,91,10
4,0,4,0
8,0,8,0
16,0,16,0
0,38,38,63
67,0,67,0
0,31,31,5
74,0,74,0
49,0,49,0
0,210,210,26
39,0,39,0
2,0,2,0
0,38,38,0
6,0,6,0
7,0,7,0
0,90,90,5
83,0,83,0
25,0,25,0
79,0,79,0
0,136,136,6
12,0,12,0
49,0,49,0
0,118,118,14
37,0,37,0
0,58,58,0
23,0,23,0
58,0,58,0
0,89,89,12
0,112,112,89
149,0,149,0
0,151,151,28
60,0,60,0
1,0,1,0
0,5,5,0
13,0,13,0
3,0,3,0
0,26,26,37
57,0,57,0
0,3,3,1
0,27,27,12
2,0,2,0
0,4,4,20
0,25,25,0
1,0,1,0
62,0,62,0
100,0,100,0
4,0,4,0
0,32,32,9
1,0,1,0
0,156,156,38
0,90,90,10
55,0,55,0
5,0,5,0
0,479,479,56
464,0,464,0
1,0,1,0
0,135,135,24
143,0,143,0
6,0,6,0
1,0,1,0
0,40,40,11
216,0,216,0
0,512,512,45
5,0,5,0
0,123,123,19
453,0,453,0
7,0,7,0
0,15,15,43
323,0,323,0
0,272,272,33
31,0,31,0
12,0,12,0
3,0,3,0
0,28,28,102
57,0,57,0
3,0,3,0
31,0,31,0
4,0,4,0
0,120,120,40
0,57,57,61
0,8,8,54
1,0,1,0
170,0,170,0
7,0,7,0
0,349,349,3
40,0,40,0
3,0,3,0
0,4,4,12
26,0,26,0
57,0,57,0
2,0,2,0
65,0,65,0
24,0,24,0
0,195,195,11
6,0,6,0
0,369,369,113
59,0,59,0
0,167,167,67
1,0,1,0
0,57,57,0
0,347,347,37
72,0,72,0
0,32,32,36
2,0,2,0
62,0,62,0
5,0,5,0
1,0,1,0
25,0,25,0
13,0,13,0
1,0,1,0
356,0,356,0
0,24,24,2
5,0,5,0
0,61,61,23
151,0,151,0
7,0,7,0
0,15,15,24
0,40,40,19
0,52,52,10
1,33,34,26
4,0,4,0
20,0,20,0
2,0,2,0
0,66,66,4
1,0,1,0
102,0,102,0
1,0,1,0
0,1,1,9
56,0,56,0
0,279,279,22
45,0,45,0
19,0,19,0
0,429,429,73
0,1,1,21
26,0,26,0
0,140,140,126
50,0,50,0
1,0,1,0
10,0,10,0
81,0,81,0
66,0,66,0
13,0,13,0
4,0,4,0
2,0,2,0
74,0,74,0
4,0,4,0
0,172,172,40
232,0,232,0
0,3,3,4
12,0,12,0
26,0,26,0
454,0,454,0
0,149,149,37
14,0,14,0
0,10,10,11
15,0,15,0
31,0,31,0
0,1,1,0
14,0,14,0
0,88,88,41
2,0,2,0
19,0,19,0
0,60,60,33
50,0,50,0
11,0,11,0
0,45,45,0
5,0,5,0
0,139,139,19
0,43,43,33
0,597,597,53
2,0,2,0
26,0,26,0
1,0,1,0
16,0,16,0
14,0,14,0
0,25,25,21
0,20,20,10
1,0,1,0
0,47,47,2
0,56,56,3
0,14,14,5
0,150,150,29
515,0,515,0
45,0,45,0
13,0,13,0
26,0,26,0
0,11,11,17
6,0,6,0
0,165,165,57
1,0,1,0
0,18,18,86
9,0,9,0
0,77,77,1
76,0,76,0
3,0,3,0
0,18,18,33
124,0,124,0
176,0,176,0
0,12,12,4
0,78,78,8
0,2,2,1
5,0,5,0
0,208,208,4
2,0,2,0
3,0,3,0
46,0,46,0
10,0,10,0
0,19,19,50
8,0,8,0
0,1,1,23
140,0,140,0
1,0,1,0
0,408,408,10
0,40,40,15
2,0,2,0
19,0,19,0
0,526,526,6
25,0,25,0
2,0,2,0
0,568,568,123
0,29,29,7
157,0,157,0
9,0,9,0
2,0,2,0
0,153,153,73
0,98,98,4
0,80,80,57
15,0,15,0
70,0,70,0
6,0,6,0
8,0,8,0
0,102,102,20
187,0,187,0
0,2027,2027,59
3,0,3,0
2,0,2,0
0,4,4,10
1,0,1,0
2,0,2,0
0,77,77,107
47,0,47,0
10,0,10,0
86,0,86,0
20,0,20,0
72,0,72,0
6,0,6,0
1,0,1,0
26,0,26,0
4,0,4,0
0,282,282,19
41,0,41,0
0,10,10,67
1,0,1,0
41,0,41,0
72,0,72,0
0,1,1,10
0,106,106,27
0,17,17,32
18,0,18,0
0,35,35,22
0,167,167,7
203,0,203,0
1,0,1,0
99,0,99,0
62,0,62,0
33,0,33,0
20,0,20,0
0,7,7,4
1111,0,1111,0
0,73,73,28
3,0,3,0
0,312,312,62
221,0,221,0
86,0,86,0
0,195,195,15
166,0,166,0
0,2,2,6
22,0,22,0
0,148,148,12
0,25,25,5
72,0,72,0
0,34,34,2
77,0,77,0
6,0,6,0
1,0,1,0
48,0,48,0
0,67,67,14
4,0,4,0
0,358,358,8
44,0,44,0
0,218,218,54
7,0,7,0
2,0,2,0
34,0,34,0
0,598,598,59
28,0,28,0
47,0,47,0
0,122,122,27
214,0,214,0
14,0,14,0
0,160,160,26
0,29,29,4
7,0,7,0
108,0,108,0
1,0,1,0
16,0,16,0
52,0,52,0
35,0,35,0
21,0,21,0
2,0,2,0
0,1,1,1
67,0,67,0
48,0,48,0
0,355,355,3
795,0,795,0
0,41,41,30
295,0,295,0
0,18,18,1
6,0,6,0
0,407,407,7
70,0,70,0
0,1,1,8
0,112,112,24
1,0,1,0
0,447,447,148
11,0,11,0
5,0,5,0
0,94,94,15
40,0,40,0
2,0,2,0
7,0,7,0
5,0,5,0
0,61,61,14
71,0,71,0
3,0,3,0
0,7,7,2
0,90,90,27
57,0,57,0
19,0,19,0
3,0,3,0
7,0,7,0
43,0,43,0
4,0,4,0
3,0,3,0
0,233,233,51
0,652,652,37
1,0,1,0
23,0,23,0
0,3,3,0
108,0,108,0
258,0,258,0
4,0,4,0
0,5,5,27
85,0,85,0
13,0,13,0
9,0,9,0
0,128,128,104
0,53,53,16
81,0,81,0
0,366,366,43
2,0,2,0
0,87,87,8
97,0,97,0
0,4,4,3
4,0,4,0
1,0,1,0
0,65,65,12
3,0,3,0
0,27,27,65
9,0,9,0
0,5,5,9
33,0,33,0
0,384,384,34
361,0,361,0
0,8,8,0
7,0,7,0
1,0,1,0
0,29,29,3
0,135,135,14
68,0,68,0
0,614,614,79
1,0,1,0
0,117,117,95
0,29,29,19
93,0,93,0
47,0,47,0
229,0,229,0
32,0,32,0
0,29,29,1
21,0,21,0
41,0,41,0
0,97,97,28
25,0,25,0
7,0,7,0
0,26,26,5
24,0,24,0
6,0,6,0
7,0,7,0
0,66,66,0
201,0,201,0
36,0,36,0
0,34,34,12
12,0,12,0
0,31,31,38
11,0,11,0
0,3,3,12
1,0,1,0
0,43,43,48
0,148,148,7
124,0,124,0
0,2292,2292,93
1192,0,1192,0
30,0,30,0
23,0,23,0
0,18,18,31
27,0,27,0
0,179,179,3
0,1166,1166,32
250,0,250,0
1,0,1,0
3,0,3,0
0,20,20,10
45,0,45,0
0,39,39,103
13,0,13,0
0,155,155,20
303,0,303,0
0,3,3,13
66,0,66,0
2,0,2,0
0,12,12,32
3,0,3,0
0,57,57,45
2,0,2,0
0,247,247,90
80,0,80,0
0,790,790,40
35,0,35,0
0,32,32,26
50,0,50,0
33,0,33,0
57,0,57,0
141,0,141,0
0,429,429,12
145,0,145,0
34,0,34,0
16,0,16,0
316,0,316,0
0,312,312,46
0,34,34,6
16,0,16,0
0,137,137,10
0,19,19,15
8,0,8,0
33,0,33,0
0,36,36,5
9,0,9,0
71,0,71,0
0,240,240,6
0,401,401,117
0,45,45,42
270,0,270,0
29,0,29,0
0,96,96,5
81,0,81,0
0,759,759,24
488,0,488,0
13,0,13,0
0,14,14,10
38,0,38,0
2,0,2,0
9,0,9,0
0,312,312,0
2,0,2,0
0,354,354,55
99,0,99,0
0,10,10,10
0,1,1,9
19,0,19,0
7,0,7,0
0,77,77,14
2,0,2,0
1,0,1,0
0,106,106,10
0,3,3,3
18,0,18,0
0,62,62,4
2,0,2,0
0,244,244,121
150,0,150,0
101,0,101,0
1,0,1,0
28,0,28,0
32,0,32,0
0,6,6,2
0,46,46,18
48,0,48,0
1,0,1,0
3,0,3,0
8,0,8,0
0,59,59,8
0,38,38,5
54,0,54,0
0,18,18,0
8,0,8,0
0,153,153,17
12,0,12,0
0,14,14,39
10,0,10,0
0,20,20,9
5,0,5,0
120,0,120,0
3,0,3,0
37,0,37,0
0,77,77,4
46,0,46,0
21,0,21,0
0,4,4,2
0,40,40,1
0,238,238,11
8,0,8,0
70,0,70,0
0,51,51,0
21,0,21,0
0,33,33,2
114,0,114,0
0,192,192,16
1,0,1,0
0,236,236,94
277,0,277,0
2,0,2,0
1,0,1,0
33,0,33,0
0,389,389,108
381,0,381,0
206,0,206,0
0,248,248,19
887,0,887,0
1,0,1,0
15,0,15,0
6,0,6,0
0,20,20,7
11,0,11,0
0,204,204,29
15,0,15,0
13,0,13,0
0,33,33,30
157,0,157,0
206,0,206,0
234,0,234,0
1,0,1,0
0,20,20,5
5,0,5,0
28,0,28,0
5,0,5,0
78,0,78,0
0,7,7,9
1,0,1,0
3,0,3,0
0,8,8,18
151,0,151,0
97,0,97,0
25,0,25,0
0,17,17,25
0,8,8,37
0,48,48,1
5,0,5,0
0,9,9,17
818,0,818,0
447,0,447,0
17,0,17,0
0,81,81,131
136,0,136,0
0,68,68,26
12,0,12,0
0,106,106,31
0,14,14,11
0,580,580,30
0,112,112,24
61,0,61,0
4,0,4,0
0,237,237,11
9,0,9,0
76,0,76,0
7,0,7,0
1,0,1,0
0,119,119,20
28,0,28,0
0,29,29,25
10,0,10,0
0,21,21,14
4,0,4,0
50,0,50,0
20,0,20,0
0,25,25,1
69,0,69,0
0,1116,1116,21
304,0,304,0
182,0,182,0
40,0,40,0
68,0,68,0
0,191,191,29
1,0,1,0
97,0,97,0
1,0,1,0
2,0,2,0
7,0,7,0
48,0,48,0
0,333,333,14
24,0,24,0
60,0,60,0
50,0,50,0
79,0,79,0
6,0,6,0
0,69,69,13
70,0,70,0
617,0,617,0
428,0,428,0
0,104,104,40
191,0,191,0
56,0,56,0
108,0,108,0
52,0,52,0
0,75,75,10
2,0,2,0
167,0,167,0
11,0,11,0
0,12,12,4
106,0,106,0
0,45,45,0
15,0,15,0
2,0,2,0
0,305,305,8
84,0,84,0
0,7,7,92
30,0,30,0
0,86,86,0
20,0,20,0
0,17,17,4
1,0,1,0
5,0,5,0
0,25,25,13
0,152,152,71
0,118,118,37
76,0,76,0
19,0,19,0
0,533,533,163
26,0,26,0
132,0,132,0
2,0,2,0
0,41,41,15
34,0,34,0
0,9,9,35
4,0,4,0
0,41,41,4
7,0,7,0
13,0,13,0
0,103,103,32
48,0,48,0
0,135,135,4
0,28,28,25
14,0,14,0
0,136,136,16
4,0,4,0
0,53,53,11
9,0,9,0
0,121,121,107
143,0,143,0
2,0,2,0
12,0,12,0
3,0,3,0
86,0,86,0
0,42,42,137
41,0,41,0
1,0,1,0
0,195,195,133
6,0,6,0
477,0,477,0
0,7,7,1
81,0,81,0
0,105,105,159
65,0,65,0
32,0,32,0
0,2,2,5
2,0,2,0
8,0,8,0
34,0,34,0
16,0,16,0
1,0,1,0
78,0,78,0
0,12,12,32
0,109,109,4
1,0,1,0
0,105,105,2
451,0,451,0
0,2,2,0
0,2,2,11
86,0,86,0
0,190,190,3
177,0,177,0
0,16,16,60
64,0,64,0
0,62,62,51
79,0,79,0
0,39,39,5
27,0,27,0
0,30,30,6
0,1,1,1
8,0,8,0
6,0,6,0
0,21,21,150
2,0,2,0
0,28,28,43
15,0,15,0
8,0,8,0
0,35,35,12
46,0,46,0
0,102,102,294
15,0,15,0
0,628,628,15
2,0,2,0
68,0,68,0
0,347,347,1
14,0,14,0
0,281,281,76
260,0,260,0
32,0,32,0
6,0,6,0
0,566,566,12
422,0,422,0
0,154,154,41
0,4,4,17
1,0,1,0
0,21,21,20
1,0,1,0
29,0,29,0
261,0,261,0
0,39,39,9
39,0,39,0
107,0,107,0
0,349,349,208
63,0,63,0
0,1125,1125,32
1124,0,1124,0
0,56,56,54
4,0,4,0
96,0,96,0
19,0,19,0
0,1587,1587,56
1512,0,1512,0
9,0,9,0
142,0,142,0
0,130,130,165
446,0,446,0
0,88,88,48
0,43,43,43
3,0,3,0
0,203,203,88
245,0,245,0
0,11,11,2
26,0,26,0
1,0,1,0
0,21,21,9
82,0,82,0
0,5,5,2
4,0,4,0
4,0,4,0
0,6,6,8
0,54,54,15
5,0,5,0
32,0,32,0
65,0,65,0
37,0,37,0
0,164,164,9
2,0,2,0
2,0,2,0
21,0,21,0
35,0,35,0
268,0,268,0
0,13,13,12
3,0,3,0
0,63,63,32
0,26,26,4
14,0,14,0
0,528,528,73
6,0,6,0
0,134,134,2
243,0,243,0
264,0,264,0
0,9,9,7
2,0,2,0
15,0,15,0
287,0,287,0
0,3,3,5
167,0,167,0
0,25,25,22
1,0,1,0
1,0,1,0
0,49,49,17
12,0,12,0
13,0,13,0
2,0,2,0
0,10,10,12
229,0,229,0
4,0,4,0
0,260,260,65
3,0,3,0
34,0,34,0
13,0,13,0
0,179,179,310
2,0,2,0
0,2,2,228
1,0,1,0
6,0,6,0
0,30,30,58
199,0,199,0
0,2,2,19
24,0,24,0
0,12,12,13
5,0,5,0
97,0,97,0
23,0,23,0
15,0,15,0
2,0,2,0
0,57,57,35
27,0,27,0
0,167,167,66
100,0,100,0
0,16,16,13
17,0,17,0
1,0,1,0
0,20,20,19
0,114,114,18
1,0,1,0
0,17,17,2
33,0,33,0
54,0,54,0
0,16,16,21
31,0,31,0
125,0,125,0
61,0,61,0
154,0,154,0
0,203,203,17
318,0,318,0
130,0,130,0
34,0,34,0
0,103,103,0
0,33,33,4
91,0,91,0
33,0,33,0
112,0,112,0
0,23,23,7
91,0,91,0
0,19,19,0
13,0,13,0
0,211,211,30
0,26,26,1
0,1,1,21
0,475,475,5
29,0,29,0
1,0,1,0
3,0,3,0
0,23,23,60
9,0,9,0
0,65,65,25
19,0,19,0
0,12,12,0
6,0,6,0
19,0,19,0
0,383,383,15
100,0,100,0
0,14,14,70
1,0,1,0
0,299,299,20
286,0,286,0
0,190,190,30
41,0,41,0
0,117,117,17
83,0,83,0
0,55,55,10
6,0,6,0
0,45,45,44
0,12,12,138
0,1122,1122,30
12,0,12,0
0,28,28,27
2,0,2,0
0,223,223,18
679,0,679,0
25,0,25,0
0,554,554,16
68,0,68,0
252,0,252,0
0,44,44,0
0,9,9,1
0,23,23,1
74,0,74,0
4,0,4,0
0,177,177,63
204,0,204,0
0,534,534,28
5,0,5,0
188,0,188,0
1,0,1,0
4,0,4,0
0,25,25,20
50,0,50,0
115,0,115,0
1,0,1,0
0,70,70,26
25,0,25,0
29,0,29,0
1,0,1,0
0,33,33,40
3,0,3,0
1,0,1,0
0,18,18,15
9,0,9,0
0,66,66,48
155,0,155,0
335,0,335,0
40,0,40,0
321,0,321,0
0,21,21,8
33,0,33,0
0,647,647,9
6,0,6,0
0,24,24,13
57,0,57,0
0,120,120,51
7,0,7,0
2,0,2,0
0,42,42,20
29,0,29,0
1,0,1,0
195,0,195,0
1,0,1,0
0,144,144,41
0,20,20,12
144,0,144,0
2,0,2,0
9,0,9,0
6,0,6,0
63,0,63,0
1024,0,1024,0
0,189,189,17
211,0,211,0
1,0,1,0
0,509,509,78
0,76,76,20
0,547,547,16
584,0,584,0
0,159,159,27
153,0,153,0
0,1,1,2
25,0,25,0
63,0,63,0
0,339,339,53
109,0,109,0
1,0,1,0
12,0,12,0
124,0,124,0
0,2,2,12
0,122,122,11
83,0,83,0
3,0,3,0
213,0,213,0
2,0,2,0
0,124,124,26
1,0,1,0
0,117,117,2
6,0,6,0
201,0,201,0
19,0,19,0
0,6,6,16
10,0,10,0
11,0,11,0
0,15,15,8
115,0,115,0
0,71,71,21
148,0,148,0
0,619,619,20
9,0,9,0
28,0,28,0
167,0,167,0
0,165,165,22
127,0,127,0
0,134,134,19
109,0,109,0
36,0,36,0
0,297,297,43
354,0,354,0
0,86,86,62
11,0,11,0
4,0,4,0
3,0,3,0
2,0,2,0
4,0,4,0
27,0,27,0
1,0,1,0
0,24,24,94
107,0,107,0
42,0,42,0
0,131,131,257
4,0,4,0
2,0,2,0
0,91,91,16
73,0,73,0
0,11,11,51
256,0,256,0
31,0,31,0
0,722,722,5
42,0,42,0
44,0,44,0
0,10,10,29
153,0,153,0
0,164,164,110
167,0,167,0
0,139,139,22
0,66,66,3
33,0,33,0
0,80,80,44
0,264,264,8
1,0,1,0
4,0,4,0
86,0,86,0
0,157,157,12
114,0,114,0
136,0,136,0
0,87,87,31
0,100,100,47
10,0,10,0
141,0,141,0
0,53,53,14
63,0,63,0
0,119,119,28
150,0,150,0
578,0,578,0
5,0,5,0
0,13,13,0
3,0,3,0
18,0,18,0
0,51,51,13
0,528,528,31
275,0,275,0
476,0,476,0
0,347,347,74
6,0,6,0
1,0,1,0
134,0,134,0
1,0,1,0
3,0,3,0
13,0,13,0
0,78,78,29
0,175,175,17
192,0,192,0
2,0,2,0
0,210,210,143
175,0,175,0
31,0,31,0
0,102,102,27
29,0,29,0
0,32,32,0
15,0,15,0
0,292,292,97
49,0,49,0
46,0,46,0
0,65,65,4
10,0,10,0
0,367,367,21
185,0,185,0
17,0,17,0
9,0,9,0
0,5,5,9
0,1,1,24
20,0,20,0
0,7,7,103
6,0,6,0
3,0,3,0
120,0,120,0
0,387,387,121
511,0,511,0
3,0,3,0
0,9,9,3
8,0,8,0
0,10,10,9
3,0,3,0
3,0,3,0
25,0,25,0
35,0,35,0
0,16,16,4
42,0,42,0
6,0,6,0
18,0,18,0
0,292,292,112
0,18,18,6
6,0,6,0
7,0,7,0
1,0,1,0
0,27,27,8
1,0,1,0
155,0,155,0
359,0,359,0
16,0,16,0
96,0,96,0
0,78,78,27
73,0,73,0
0,73,73,6
45,0,45,0
1,0,1,0
1,0,1,0
0,24,24,34
1,0,1,0
0,84,84,218
0,117,117,7
1,0,1,0
0,89,89,12
2,0,2,0
1,0,1,0
280,0,280,0
1,0,1,0
21,0,21,0
6,0,6,0
0,17,17,14
12,0,12,0
0,240,240,20
6,0,6,0
0,20,20,0
75,0,75,0
0,68,68,68
22,0,22,0
0,226,226,174
95,0,95,0
0,48,48,33
1,0,1,0
84,0,84,0
35,0,35,0
18,0,18,0
1,0,1,0
572,0,572,0
7,0,7,0
10,0,10,0
40,0,40,0
6,0,6,0
2,0,2,0
0,95,95,0
0,15,15,2
1,0,1,0
29,0,29,0
4,0,4,0
0,337,337,201
20,0,20,0
0,26,26,28
2,0,2,0
0,72,72,29
247,0,247,0
236,0,236,0
0,5,5,0
11,0,11,0
0,18,18,7
6,0,6,0
53,0,53,0
0,256,256,31
68,0,68,0
5,0,5,0
0,3,3,41
4,0,4,0
0,161,161,13
266,0,266,0
0,17,17,39
7,0,7,0
0,56,56,12
16,0,16,0
0,80,80,16
804,0,804,0
24,0,24,0
6,0,6,0
0,18,18,71
282,0,282,0
0,53,53,37
0,5,5,16
3,0,3,0
0,59,59,32
81,0,81,0
0,7,7,65
63,0,63,0
2,0,2,0
44,0,44,0
0,1,1,0
39,0,39,0
0,17,17,2
9,0,9,0
15,0,15,0
0,47,47,27
28,0,28,0
0,53,53,39
37,0,37,0
0,181,181,73
0,10,10,0
28,0,28,0
262,0,262,0
0,133,133,24
27,0,27,0
43,0,43,0
12,0,12,0
177,0,177,0
0,131,131,28
23,0,23,0
163,0,163,0
8,0,8,0
5,0,5,0
0,478,478,189
1,0,1,0
1,0,1,0
11,0,11,0
0,188,188,146
29,0,29,0
1,0,1,0
0,34,34,4
40,0,40,0
3,0,3,0
0,126,126,17
0,41,41,26
83,0,83,0
0,261,261,36
0,36,36,39
0,127,127,16
75,0,75,0
62,0,62,0
0,57,57,15
10,0,10,0
0,30,30,2
7,0,7,0
0,35,35,1
4,0,4,0
8,0,8,0
13,0,13,0
0,598,598,18
1,0,1,0
0,16,16,10
3,0,3,0
0,34,34,12
3,0,3,0
23,0,23,0
26,0,26,0
0,596,596,44
504,0,504,0
2,0,2,0
0,200,200,17
268,0,268,0
15,0,15,0
0,280,280,38
9,0,9,0
4,0,4,0
0,57,57,0
13,0,13,0
10,0,10,0
0,77,77,3
82,0,82,0
0,3,3,7
0,116,116,57
0,81,81,22
51,0,51,0
1,0,1,0
0,9,9,0
0,18,18,19
5,0,5,0
1,0,1,0
0,171,171,52
31,0,31,0
0,146,146,3
66,0,66,0
36,0,36,0
5,0,5,0
0,1,1,0
894,0,894,0
0,52,52,13
48,0,48,0
5,0,5,0
18,0,18,0
10,0,10,0
1,0,1,0
141,0,141,0
3,0,3,0
258,0,258,0
0,335,335,13
0,164,164,35
0,93,93,49
86,0,86,0
100,0,100,0
0,9,9,12
50,0,50,0
94,0,94,0
0,286,286,18
433,0,433,0
0,196,196,226
203,0,203,0
0,64,64,3
39,0,39,0
0,19,19,54
229,0,229,0
0,5,5,15
48,0,48,0
2,0,2,0
4,0,4,0
83,0,83,0
0,87,87,3
3,0,3,0
51,0,51,0
13,0,13,0
0,5,5,1
5,0,5,0
0,63,63,18
41,0,41,0
4,0,4,0
2,0,2,0
0,242,242,100
117,0,117,0
1,0,1,0
0,7,7,3
16,0,16,0
7,0,7,0
9,0,9,0
0,28,28,3
63,0,63,0
0,4,4,4
63,0,63,0
9,0,9,0
35,0,35,0
4,0,4,0
0,9,9,5
489,0,489,0
5,0,5,0
0,37,37,10
24,0,24,0
0,98,98,24
95,0,95,0
0,111,111,25
0,75,75,25
8,0,8,0
13,0,13,0
0,29,29,43
36,0,36,0
113,0,113,0
0,242,242,85
14,0,14,0
2,0,2,0
34,0,34,0
6,0,6,0
0,5,5,5
1,0,1,0
0,1,1,3
0,43,43,3
3,0,3,0
104,0,104,0
525,0,525,0
0,34,34,36
12,0,12,0
0,27,27,26
89,0,89,0
8,0,8,0
43,0,43,0
1,0,1,0
7,0,7,0
0,89,89,31
41,0,41,0
15,0,15,0
0,226,226,26
26,0,26,0
8,0,8,0
0,4,4,5
580,0,580,0
28,0,28,0
223,0,223,0
24,0,24,0
53,0,53,0
0,859,859,53
0,8,8,9
0,1,1,4
0,70,70,147
72,0,72,0
35,0,35,0
72,0,72,0
72,0,72,0
208,0,208,0
32,0,32,0
2,0,2,0
14,0,14,0
3,0,3,0
3,0,3,0
42,0,42,0
0,197,197,4
72,0,72,0
1,0,1,0
156,0,156,0
311,0,311,0
0,109,109,27
91,0,91,0
0,179,179,40
323,0,323,0
23,0,23,0
105,0,105,0
21,0,21,0
6,0,6,0
113,0,113,0
0,30,30,10
0,223,223,23
91,0,91,0
3,0,3,0
7,0,7,0
0,32,32,15
27,0,27,0
0,415,415,4
577,0,577,0
2,0,2,0
18,0,18,0
0,105,105,1
4,0,4,0
39,0,39,0
4,0,4,0
1,0,1,0
0,42,42,1
56,0,56,0
5,0,5,0
12,0,12,0
15,0,15,0
15,0,15,0
1,0,1,0
0,45,45,4
5,0,5,0
8,0,8,0
42,0,42,0
0,143,143,10
6,0,6,0
0,22,22,56
81,0,81,0
16,0,16,0
0,231,231,13
0,34,34,6
2,0,2,0
1,0,1,0
0,20,20,30
14,0,14,0
81,0,81,0
1,0,1,0
0,276,276,23
20,0,20,0
0,147,147,34
53,0,53,0
0,371,371,18
507,0,507,0
16,0,16,0
1,0,1,0
0,184,184,16
0,29,29,7
17,0,17,0
2,0,2,0
11,0,11,0
0,44,44,6
34,0,34,0
0,21,21,20
15,0,15,0
0,1,1,2
0,24,24,3
14,0,14,0
5,0,5,0
0,285,285,5
2,0,2,0
0,37,37,16
421,0,421,0
0,39,39,26
2,0,2,0
0,8,8,12
0,987,987,53
0,433,433,82
77,0,77,0
269,0,269,0
0,51,51,70
73,0,73,0
0,110,110,17
1,0,1,0
171,0,171,0
19,0,19,0
0,570,570,15
731,0,731,0
0,161,161,23
9,0,9,0
0,58,58,1
69,0,69,0
2,0,2,0
160,0,160,0
0,45,45,16
11,0,11,0
0,13,13,15
30,0,30,0
0,22,22,19
2,0,2,0
19,0,19,0
0,14,14,28
0,46,46,26
41,0,41,0
0,54,54,85
33,0,33,0
0,5,5,0
4,0,4,0
17,0,17,0
234,0,234,0
4,0,4,0
0,323,323,141
361,0,361,0
0,71,71,19
3,0,3,0
0,71,71,26
135,0,135,0
0,110,110,17
69,0,69,0
4,0,4,0
85,0,85,0
0,23,23,1
17,0,17,0
0,21,21,276
0,27,27,28
3,0,3,0
65,0,65,0
0,4,4,99
0,38,38,8
2,0,2,0
26,0,26,0
7,0,7,0
308,0,308,0
41,0,41,0
0,377,377,6
1,0,1,0
31,0,31,0
0,141,141,25
27,0,27,0
1,0,1,0
0,10,10,0
163,0,163,0
20,0,20,0
25,0,25,0
0,458,458,7
44,0,44,0
6,0,6,0
10,0,10,0
2,0,2,0
385,0,385,0
0,526,526,75
166,0,166,0
0,31,31,26
58,0,58,0
0,87,87,30
46,0,46,0
0,90,90,25
16,0,16,0
15,0,15,0
118,0,118,0
66,0,66,0
0,31,31,40
56,0,56,0
1,0,1,0
646,0,646,0
15,0,15,0
31,0,31,0
2,0,2,0
0,32,32,24
11,0,11,0
9,0,9,0
210,0,210,0
0,585,585,56
4,0,4,0
0,12,12,1
6,0,6,0
0,106,106,23
4,0,4,0
0,702,702,239
5,0,5,0
0,39,39,68
31,0,31,0
10,0,10,0
207,0,207,0
0,395,395,3
20,0,20,0
2,0,2,0
51,0,51,0
3,0,3,0
4,0,4,0
0,30,30,5
4,0,4,0
5,0,5,0
0,39,39,47
3,0,3,0
18,0,18,0
26,0,26,0
0,75,75,15
58,0,58,0
0,64,64,71
55,0,55,0
0,156,156,27
59,0,59,0
0,153,153,21
18,0,18,0
0,28,28,16
50,0,50,0
0,26,26,14
26,0,26,0
0,36,36,34
81,0,81,0
0,96,96,31
10,0,10,0
0,29,29,1
0,189,189,14
7,0,7,0
0,23,23,3
0,143,143,19
41,0,41,0
1,0,1,0
72,0,72,0
56,0,56,0
3,0,3,0
0,52,52,54
0,4,4,5
0,4,4,10
6,0,6,0
345,0,345,0
0,11,11,10
35,0,35,0
28,0,28,0
59,0,59,0
0,27,27,2
19,0,19,0
11,0,11,0
0,5,5,15
375,0,375,0
0,21,21,14
1,0,1,0
0,243,243,17
241,0,241,0
4,0,4,0
11,0,11,0
0,24,24,45
6,0,6,0
0,22,22,102
42,0,42,0
0,92,92,42
101,0,101,0
4,0,4,0
0,15,15,5
9,0,9,0
3,0,3,0
0,123,123,74
45,0,45,0
105,0,105,0
24,0,24,0
0,6,6,7
2,0,2,0
3,0,3,0
4,0,4,0
0,42,42,11
61,0,61,0
0,58,58,46
4,0,4,0
21,0,21,0
0,419,419,168
33,0,33,0
24,0,24,0
6,0,6,0
18,0,18,0
0,1,1,1
377,0,377,0
3,0,3,0
0,2,2,9
1,0,1,0
623,0,623,0
36,0,36,0
3,0,3,0
32,0,32,0
8,0,8,0
0,224,224,18
128,0,128,0
3,0,3,0
0,8,8,12
29,0,29,0
170,0,170,0
4,0,4,0
192,0,192,0
0,59,59,29
159,0,159,0
0,25,25,17
193,0,193,0
0,395,395,112
36,0,36,0
0,190,190,159
0,68,68,25
146,0,146,0
3,0,3,0
0,68,68,32
74,0,74,0
0,78,78,15
85,0,85,0
90,0,90,0
0,139,139,10
6,0,6,0
3,0,3,0
902,0,902,0
0,117,117,37
172,0,172,0
28,0,28,0
0,24,24,69
96,0,96,0
75,0,75,0
33,0,33,0
0,1,1,17
13,0,13,0
0,41,41,18
87,0,87,0
0,61,61,100
19,0,19,0
0,75,75,0
27,0,27,0
250,0,250,0
0,85,85,44
0,53,53,2
117,0,117,0
108,0,108,0
0,485,485,23
276,0,276,0
0,6,6,3
1,0,1,0
4,0,4,0
305,0,305,0
2,0,2,0
3,0,3,0
8,0,8,0
0,45,45,5
157,0,157,0
1,0,1,0
4,0,4,0
0,46,46,43
0,3,3,11
0,108,108,3
28,0,28,0
2,0,2,0
125,0,125,0
6,0,6,0
11,0,11,0
27,0,27,0
0,53,53,2
71,0,71,0
15,0,15,0
28,0,28,0
10,0,10,0
0,61,61,3
16,0,16,0
0,222,222,0
1,0,1,0
8,0,8,0
0,79,79,26
5,0,5,0
5,0,5,0
0,25,25,8
0,81,81,1
17,0,17,0
157,0,157,0
19,0,19,0
0,59,59,5
9,0,9,0
2,0,2,0
37,0,37,0
0,227,227,25
18,0,18,0
0,2,2,7
10,0,10,0
3,0,3,0
14,0,14,0
0,116,116,26
0,66,66,16
69,0,69,0
3,0,3,0
1,0,1,0
1,0,1,0
0,6,6,4
0,176,176,23
4,0,4,0
2,0,2,0
0,35,35,0
0,337,337,4
267,0,267,0
10,0,10,0
3,0,3,0
1,0,1,0
2,0,2,0
0,19,19,15
6,0,6,0
0,4,4,13
9,0,9,0
0,1457,1457,211
0,26,26,14
3,0,3,0
14,0,14,0
48,0,48,0
0,62,62,26
0,48,48,20
40,0,40,0
0,33,33,21
28,0,28,0
0,74,74,9
2,0,2,0
0,1073,1073,94
1123,0,1123,0
0,148,148,35
377,0,377,0
0,3,3,5
9,0,9,0
0,42,42,60
68,0,68,0
0,77,77,15
0,391,391,25
7,0,7,0
0,45,45,48
5,0,5,0
0,5,5,2
6,0,6,0
124,0,124,0
106,0,106,0
23,0,23,0
14,0,14,0
47,0,47,0
0,10,10,34
70,0,70,0
21,0,21,0
0,120,120,5
0,56,56,15
8,0,8,0
235,0,235,0
0,24,24,8
7,0,7,0
96,0,96,0
4,0,4,0
0,231,231,8
0,49,49,0
15,0,15,0
0,4,4,14
12,0,12,0
0,87,87,147
46,0,46,0
143,0,143,0
2,0,2,0
13,0,13,0
0,39,39,16
248,0,248,0
0,180,180,63
1,0,1,0
0,24,24,3
6,0,6,0
14,0,14,0
0,6,6,47
2,0,2,0
1,0,1,0
201,0,201,0
2,0,2,0
0,10,10,0
30,0,30,0
37,0,37,0
11,0,11,0
105,0,105,0
1,0,1,0
0,38,38,0
30,0,30,0
35,0,35,0
0,5,5,26
28,0,28,0
0,16,16,64
6,0,6,0
3,0,3,0
0,3459,3459,55
0,81,81,5
21,0,21,0
5,0,5,0
0,11,11,2
115,0,115,0
31,0,31,0
0,1,1,0
105,0,105,0
7,0,7,0
41,0,41,0
1,0,1,0
3,0,3,0
0,24,24,113
8,0,8,0
46,0,46,0
0,2,2,1
0,177,177,1
215,0,215,0
21,0,21,0
79,0,79,0
0,74,74,5
2,0,2,0
422,0,422,0
0,14,14,8
32,0,32,0
0,5,5,60
1,0,1,0
30,0,30,0
0,85,85,65
742,0,742,0
129,0,129,0
1,0,1,0
0,3,3,13
137,0,137,0
0,7,7,5
0,164,164,18
33,0,33,0
8,0,8,0
31,0,31,0
5,0,5,0
0,99,99,5
0,15,15,2
2,0,2,0
108,0,108,0
0,118,118,2
110,0,110,0
1,0,1,0
36,0,36,0
0,10,10,4
93,0,93,0
5,0,5,0
0,53,53,42
6,0,6,0
0,9,9,22
131,0,131,0
10,0,10,0
5,0,5,0
0,2,2,5
344,0,344,0
157,0,157,0
73,0,73,0
0,27,27,3
111,0,111,0
0,118,118,1
83,0,83,0
0,245,245,51
147,0,147,0
0,2,2,34
152,0,152,0
0,26,26,16
87,0,87,0
1,0,1,0
0,17,17,22
12,0,12,0
4,0,4,0
0,178,178,46
146,0,146,0
0,237,237,48
0,315,315,114
9,0,9,0
2,0,2,0
0,6,6,1
11,0,11,0
3,0,3,0
0,4,4,30
50,0,50,0
0,29,29,16
1,0,1,0
0,26,26,32
10,0,10,0
3,0,3,0
1,0,1,0
0,9,9,56
10,0,10,0
4,0,4,0
12,0,12,0
0,33,33,96
83,0,83,0
0,11,11,2
7,0,7,0
0,17,17,8
0,26,26,29
0,4,4,0
0,40,40,12
3,0,3,0
3,11,14,3
5,0,5,0
0,10,10,40
30,0,30,0
0,91,91,22
34,0,34,0
15,0,15,0
14,0,14,0
1,0,1,0
2,0,2,0
60,0,60,0
0,56,56,15
57,0,57,0
0,93,93,1
6,0,6,0
0,41,41,19
0,12,12,19
0,32,32,7
6,0,6,0
23,0,23,0
17,0,17,0
4,0,4,0
0,21,21,12
0,8,8,2
60,0,60,0
0,72,72,22
44,0,44,0
13,0,13,0
3,0,3,0
0,114,114,31
49,0,49,0
28,0,28,0
5,0,5,0
196,0,196,0
0,15,15,19
1,0,1,0
16,0,16,0
9,0,9,0
0,219,219,15
243,0,243,0
0,26,26,11
98,0,98,0
25,0,25,0
0,2,2,20
21,0,21,0
185,0,185,0
0,190,190,37
225,0,225,0
0,14,14,9
11,0,11,0
0,82,82,96
5,0,5,0
16,0,16,0
148,0,148,0
0,51,51,351
9,0,9,0
0,27,27,3
38,0,38,0
109,0,109,0
0,95,95,1
0,259,259,3
77,0,77,0
0,16,16,42
141,0,141,0
0,90,90,5
21,0,21,0
0,2,2,2
1,0,1,0
0,7,7,3
469,0,469,0
44,0,44,0
0,35,35,14
54,0,54,0
187,0,187,0
24,0,24,0
23,0,23,0
21,0,21,0
17,0,17,0
0,418,418,2
23,0,23,0
0,490,490,46
533,0,533,0
21,0,21,0
0,119,119,33
65,0,65,0
25,0,25,0
0,345,345,10
24,0,24,0
8,0,8,0
40,0,40,0
0,2,2,7
61,0,61,0
15,0,15,0
25,0,25,0
0,1,1,82
96,0,96,0
0,61,61,0
421,0,421,0
0,44,44,33
31,0,31,0
0,25,25,2
0,9,9,5
5,0,5,0
100,0,100,0
1,0,1,0
0,365,365,5
73,0,73,0
2,0,2,0
0,185,185,2
3,0,3,0
5,0,5,0
0,44,44,22
0,53,53,6
1,0,1,0
0,69,69,46
33,0,33,0
0,232,232,33
10,0,10,0
0,1,1,6
14,0,14,0
0,187,187,21
4,0,4,0
0,1,1,2
4,0,4,0
0,46,46,17
129,0,129,0
0,202,202,24
30,0,30,0
0,393,393,25
620,0,620,0
33,0,33,0
1,0,1,0
11,0,11,0
0,48,48,45
3,0,3,0
0,117,117,21
31,0,31,0
0,26,26,46
31,0,31,0
228,0,228,0
0,146,146,4
67,0,67,0
2,0,2,0
209,0,209,0
0,8,8,7
0,313,313,32
0,8,8,18
138,0,138,0
0,31,31,12
559,0,559,0
208,0,208,0
1,0,1,0
1,0,1,0
4,0,4,0
0,31,31,1
2,0,2,0
19,0,19,0
30,0,30,0
0,68,68,7
1,0,1,0
1,0,1,0
5,0,5,0
2,0,2,0
146,0,146,0
0,139,139,22
48,0,48,0
56,0,56,0
74,0,74,0
10,0,10,0
7,0,7,0
0,175,175,31
1,0,1,0
1,0,1,0
0,460,460,0
117,0,117,0
23,0,23,0
4,0,4,0
2,0,2,0
157,0,157,0
0,1,1,1
5,0,5,0
0,23,23,47
1,0,1,0
9,0,9,0
16,0,16,0
17,0,17,0
3,0,3,0
12,0,12,0
0,168,168,1
163,0,163,0
36,0,36,0
6,0,6,0
0,91,91,7
0,56,56,32
11,0,11,0
0,2,2,0
0,40,40,52
4,0,4,0
0,123,123,3
118,0,118,0
0,17,17,91
161,0,161,0
4,0,4,0
0,6,6,16
8,0,8,0
0,416,416,23
0,241,241,4
0,98,98,20
0,181,181,30
111,0,111,0
23,0,23,0
0,39,39,40
5,0,5,0
0,57,57,3
51,0,51,0
189,0,189,0
0,21,21,31
15,0,15,0
0,114,114,164
55,0,55,0
0,3,3,5
0,130,130,9
0,5,5,26
77,0,77,0
0,208,208,68
1,0,1,0
0,139,139,16
130,0,130,0
0,208,208,4
44,0,44,0
0,29,29,3
88,0,88,0
3,0,3,0
56,0,56,0
36,0,36,0
16,0,16,0
22,0,22,0
0,191,191,141
11,0,11,0
0,285,285,4
0,5,5,75
1,0,1,0
88,0,88,0
3,0,3,0
0,8,8,46
183,0,183,0
17,0,17,0
0,8,8,3
0,8,8,9
4,0,4,0
11,0,11,0
15,0,15,0
27,0,27,0
2,0,2,0
0,1,1,1
0,6,6,53
55,0,55,0
66,0,66,0
0,116,116,82
7,0,7,0
43,0,43,0
0,43,43,76
8,0,8,0
0,126,126,31
209,0,209,0
0,15,15,36
1,0,1,0
5,0,5,0
5,0,5,0
20,0,20,0
0,9,9,21
0,157,157,68
9,0,9,0
18,0,18,0
3,0,3,0
0,4,4,21
106,0,106,0
112,0,112,0
14,0,14,0
4,0,4,0
224,0,224,0
4,0,4,0
48,0,48,0
0,230,230,31
22,0,22,0
0,64,64,22
0,249,249,2
4,0,4,0
255,0,255,0
0,394,394,3
163,0,163,0
0,39,39,13
1,0,1,0
8,0,8,0
0,2,2,4
93,0,93,0
8,0,8,0
9,0,9,0
0,297,297,89
160,0,160,0
1,0,1,0
378,0,378,0
0,34,34,3
229,0,229,0
0,12,12,2
0,4,4,22
14,0,14,0
84,0,84,0
0,3,3,67
1,0,1,0
0,90,90,15
9,0,9,0
3,0,3,0
0,8,8,1
86,0,86,0
5,0,5,0
85,0,85,0
0,104,104,11
19,0,19,0
0,162,162,0
49,0,49,0
2,0,2,0
1,78,79,28
33,0,33,0
2,0,2,0
0,1,1,39
3,0,3,0
14,0,14,0
3,0,3,0
0,18,18,0
0,69,69,9
7,0,7,0
0,382,382,26
50,0,50,0
3,0,3,0
0,332,332,51
72,0,72,0
0,19,19,40
0,100,100,7
34,0,34,0
38,0,38,0
0,55,55,0
7,0,7,0
1,0,1,0
3,0,3,0
23,0,23,0
41,0,41,0
75,0,75,0
2,0,2,0
0,46,46,24
22,0,22,0
86,0,86,0
0,3,3,1
34,0,34,0
0,3,3,8
2,0,2,0
0,161,161,10
115,0,115,0
0,251,251,37
4,0,4,0
0,20,20,41
46,0,46,0
27,0,27,0
1,0,1,0
0,50,50,67
0,13,13,9
757,0,757,0
0,178,178,77
28,0,28,0
0,26,26,37
2,0,2,0
32,0,32,0
0,146,146,13
2,0,2,0
0,264,264,4
10,0,10,0
45,0,45,0
5,0,5,0
0,91,91,80
48,0,48,0
9,0,9,0
10,0,10,0
13,0,13,0
35,0,35,0
0,31,31,14
29,0,29,0
0,82,82,248
14,0,14,0
0,167,167,13
166,0,166,0
186,0,186,0
6,0,6,0
23,0,23,0
8,0,8,0
0,30,30,50
0,97,97,1
28,0,28,0
5,0,5,0
4,0,4,0
1,0,1,0
0,10,10,13
8,0,8,0
4,0,4,0
11,0,11,0
210,0,210,0
0,19,19,6
0,2,2,5
1,0,1,0
0,9,9,3
0,20,20,41
1,0,1,0
0,55,55,47
4,0,4,0
9,0,9,0
5,0,5,0
0,270,270,11
58,0,58,0
0,358,358,40
3,0,3,0
0,57,57,10
169,0,169,0
11,0,11,0
0,11,11,4
2,0,2,0
0,6,6,29
19,0,19,0
110,0,110,0
0,24,24,2
1,0,1,0
103,0,103,0
0,46,46,14
236,0,236,0
0,33,33,121
34,0,34,0
0,47,47,32
0,9,9,24
0,24,24,41
2,0,2,0
6,0,6,0
0,9,9,1
13,0,13,0
22,0,22,0
31,0,31,0
0,565,565,54
564,0,564,0
0,209,209,39
19,0,19,0
1,0,1,0
74,0,74,0
0,41,41,5
0,270,270,4
13,0,13,0
18,0,18,0
0,133,133,41
39,0,39,0
2,0,2,0
11,0,11,0
0,300,300,68
292,0,292,0
9,0,9,0
0,8,8,22
2,0,2,0
0,2,2,25
4,0,4,0
25,0,25,0
0,391,391,142
0,12,12,0
142,0,142,0
0,74,74,90
56,0,56,0
1,0,1,0
2,0,2,0
31,0,31,0
1,0,1,0
115,0,115,0
0,70,70,0
32,0,32,0
0,94,94,9
1,0,1,0
272,0,272,0
3,0,3,0
0,66,66,7
0,14,14,6
172,0,172,0
0,3,3,40
5,0,5,0
0,8,8,42
2,0,2,0
0,9,9,2
32,0,32,0
14,0,14,0
0,1,1,4
2,0,2,0
0,61,61,41
0,3,3,15
7,0,7,0
0,56,56,21
0,278,278,8
28,0,28,0
0,48,48,2
1,0,1,0
0,15,15,23
39,0,39,0
11,0,11,0
0,44,44,3
98,0,98,0
4,0,4,0
521,0,521,0
0,2,2,10
640,0,640,0
6,0,6,0
69,0,69,0
0,35,35,35
16,0,16,0
113,0,113,0
6,0,6,0
4,0,4,0
10,0,10,0
8,0,8,0
105,0,105,0
104,0,104,0
97,0,97,0
0,197,197,35
2,0,2,0
0,20,20,4
14,0,14,0
0,29,29,32
134,0,134,0
0,16,16,13
20,0,20,0
0,136,136,39
0,208,208,41
1,0,1,0
61,0,61,0
42,0,42,0
0,10,10,13
0,114,114,151
36,0,36,0
7,0,7,0
0,3,3,9
0,3,3,0
7,0,7,0
263,0,263,0
11,0,11,0
1,0,1,0
7,0,7,0
0,88,88,4
41,0,41,0
61,0,61,0
0,61,61,0
5,0,5,0
0,139,139,14
2,0,2,0
66,0,66,0
88,0,88,0
802,0,802,0
0,85,85,52
32,0,32,0
143,0,143,0
0,31,31,5
14,0,14,0
11,0,11,0
0,54,54,5
6,0,6,0
0,1,1,3
10,0,10,0
18,0,18,0
0,264,264,3
0,26,26,1
23,0,23,0
104,0,104,0
0,16,16,35
173,0,173,0
0,41,41,8
83,0,83,0
114,0,114,0
7,0,7,0
0,8,8,30
17,0,17,0
74,0,74,0
0,38,38,11
2,0,2,0
172,0,172,0
28,0,28,0
0,96,96,3
1,0,1,0
3,0,3,0
78,0,78,0
0,110,110,12
0,332,332,106
0,6,6,95
3,0,3,0
0,157,157,22
386,0,386,0
0,5,5,4
46,0,46,0
34,0,34,0
0,1,1,0
7,0,7,0
94,0,94,0
41,0,41,0
7,0,7,0
0,10,10,10
53,0,53,0
0,78,78,30
61,0,61,0
28,0,28,0
0,34,34,58
29,0,29,0
0,2,2,3
41,0,41,0
36,0,36,0
73,0,73,0
0,5,5,71
17,0,17,0
39,0,39,0
0,35,35,42
23,0,23,0
2,0,2,0
121,0,121,0
8,0,8,0
0,2,2,1
5,0,5,0
0,19,19,19
1,0,1,0
19,0,19,0
107,0,107,0
0,1,1,245
192,0,192,0
0,32,32,4
29,0,29,0
0,20,20,69
1,0,1,0
4,0,4,0
11,0,11,0
54,0,54,0
24,0,24,0
415,0,415,0
0,349,349,45
17,0,17,0
0,26,26,23
0,2,2,7
4,0,4,0
0,24,24,33
46,0,46,0
87,0,87,0
0,11,11,6
7,0,7,0
101,0,101,0
190,0,190,0
2,0,2,0
0,76,76,33
2,0,2,0
0,16,16,36
12,0,12,0
24,0,24,0
0,116,116,10
17,0,17,0
15,0,15,0
0,12,12,4
0,21,21,44
4,0,4,0
0,148,148,30
68,0,68,0
10,0,10,0
0,608,608,86
560,0,560,0
0,106,106,20
30,0,30,0
97,0,97,0
4,0,4,0
0,154,154,114
22,0,22,0
0,138,138,21
165,0,165,0
0,123,123,11
154,0,154,0
0,19,19,3
4,0,4,0
0,1,1,2
9,0,9,0
0,27,27,40
29,0,29,0
269,0,269,0
0,54,54,12
17,0,17,0
2,0,2,0
0,23,23,1
45,0,45,0
0,3,3,42
20,0,20,0
0,134,134,6
4,0,4,0
0,14,14,20
14,0,14,0
2,0,2,0
62,0,62,0
0,81,81,33
3,0,3,0
0,432,432,27
487,0,487,0
0,3,3,4
0,2,2,3
2,0,2,0
2,0,2,0
0,52,52,41
1,0,1,0
0,57,57,58
2,0,2,0
1,0,1,0
0,1,1,19
0,234,234,119
2,0,2,0
3,0,3,0
30,0,30,0
8,0,8,0
1,0,1,0
103,0,103,0
4,0,4,0
4,0,4,0
0,419,419,30
36,0,36,0
7,0,7,0
0,15,15,8
6,0,6,0
336,0,336,0
0,305,305,5
2,0,2,0
18,0,18,0
1,0,1,0
73,0,73,0
114,0,114,0
0,155,155,61
19,0,19,0
0,3,3,35
68,0,68,0
3,0,3,0
20,0,20,0
94,0,94,0
0,141,141,35
127,0,127,0
4,0,4,0
17,0,17,0
0,91,91,15
0,76,76,93
161,0,161,0
77,0,77,0
0,286,286,26
4,0,4,0
0,1,1,4
79,0,79,0
643,0,643,0
0,27,27,28
592,0,592,0
0,72,72,77
12,0,12,0
4,0,4,0
1,0,1,0
4,0,4,0
103,0,103,0
0,24,24,46
44,0,44,0
0,6,6,5
8,0,8,0
0,333,333,48
109,0,109,0
14,0,14,0
0,534,534,24
22,0,22,0
1,0,1,0
90,0,90,0
82,0,82,0
35,0,35,0
177,0,177,0
12,0,12,0
3,0,3,0
3,0,3,0
127,0,127,0
0,24,24,0
18,0,18,0
6,0,6,0
7,0,7,0
1,0,1,0
0,47,47,24
36,0,36,0
7,0,7,0
253,0,253,0
9,0,9,0
14,0,14,0
0,4,4,0
20,0,20,0
0,151,151,85
83,0,83,0
76,0,76,0
99,0,99,0
0,22,22,20
0,129,129,29
329,0,329,0
2,0,2,0
0,66,66,0
36,0,36,0
159,0,159,0
0,46,46,220
13,0,13,0
3,0,3,0
2,0,2,0
0,470,470,17
4,0,4,0
0,310,310,22
11,0,11,0
0,239,239,8
77,0,77,0
271,0,271,0
0,35,35,1
0,75,75,16
32,0,32,0
72,0,72,0
216,0,216,0
2,0,2,0
4,0,4,0
0,57,57,35
9,0,9,0
47,0,47,0
3,0,3,0
0,15,15,0
11,0,11,0
0,60,60,35
52,0,52,0
2,0,2,0
0,97,97,36
0,92,92,125
45,0,45,0
0,225,225,77
69,0,69,0
0,11,11,31
2,0,2,0
0,76,76,10
0,155,155,40
3,0,3,0
10,0,10,0
0,4,4,3
1,0,1,0
23,0,23,0
0,38,38,0
8,0,8,0
0,10,10,29
24,0,24,0
166,0,166,0
121,0,121,0
14,0,14,0
8,0,8,0
1,0,1,0
82,0,82,0
0,4,4,0
93,0,93,0
0,231,231,7
175,0,175,0
38,0,38,0
0,55,55,19
54,0,54,0
0,14,14,1
0,54,54,3
0,2,2,8
1,0,1,0
0,6,6,7
256,0,256,0
35,0,35,0
14,0,14,0
0,426,426,137
1,0,1,0
2,0,2,0
408,0,408,0
2,0,2,0
5,0,5,0
0,43,43,1
4,0,4,0
0,86,86,13
103,0,103,0
0,2,2,4
2,0,2,0
0,1,1,8
3,0,3,0
4,0,4,0
0,384,384,69
0,6,6,34
21,0,21,0
34,0,34,0
0,275,275,52
20,0,20,0
1,0,1,0
0,241,241,31
1,0,1,0
4,0,4,0
0,7,7,1
62,0,62,0
0,111,111,23
10,0,10,0
7,0,7,0
5,0,5,0
0,2,2,3
10,0,10,0
0,45,45,2
6,0,6,0
61,0,61,0
0,29,29,35
140,0,140,0
406,0,406,0
53,0,53,0
17,0,17,0
0,27,27,10
0,86,86,21
170,0,170,0
305,0,305,0
0,206,206,25
0,924,924,46
39,0,39,0
83,0,83,0
11,0,11,0
21,0,21,0
0,468,468,57
9,0,9,0
20,0,20,0
0,54,54,117
8,0,8,0
1,0,1,0
0,21,21,9
13,0,13,0
2,0,2,0
4,0,4,0
0,5,5,7
20,0,20,0
0,8,8,5
3,0,3,0
0,256,256,35
27,0,27,0
0,86,86,32
12,0,12,0
0,3,3,278
0,49,49,49
12,0,12,0
0,68,68,8
0,3,3,3
78,0,78,0
0,68,68,28
0,931,931,24
727,0,727,0
16,0,16,0
89,0,89,0
0,276,276,2
0,1,1,35
0,10,10,44
5,0,5,0
0,16,16,24
51,0,51,0
0,2,2,2
6,0,6,0
10,0,10,0
0,46,46,13
7,0,7,0
0,190,190,31
4,0,4,0
3,0,3,0
0,11,11,131
55,0,55,0
0,83,83,15
19,0,19,0
736,0,736,0
11,0,11,0
4,0,4,0
0,15,15,14
17,0,17,0
0,269,269,4
0,307,307,24
246,0,246,0
0,1,1,2
0,141,141,31
11,0,11,0
0,11,11,8
0,435,435,14
42,0,42,0
102,0,102,0
14,0,14,0
0,4,4,4
0,4,4,9
3,0,3,0
0,52,52,22
58,0,58,0
54,0,54,0
0,173,173,56
375,0,375,0
1,0,1,0
0,3,3,23
11,0,11,0
0,162,162,131
0,115,115,7
2,0,2,0
159,0,159,0
7,0,7,0
0,3,3,1
9,0,9,0
6,0,6,0
15,0,15,0
51,0,51,0
0,199,199,34
0,29,29,9
0,126,126,34
121,0,121,0
2,0,2,0
0,24,24,239
2,0,2,0
13,0,13,0
0,29,29,13
3,0,3,0
1,0,1,0
0,6,6,20
32,0,32,0
1,0,1,0
27,0,27,0
0,15,15,4
21,0,21,0
0,44,44,0
3,0,3,0
0,102,102,7
114,0,114,0
1,0,1,0
0,150,150,33
16,0,16,0
0,310,310,11
8,0,8,0
0,41,41,5
12,0,12,0
35,0,35,0
1,0,1,0
3,0,3,0
0,100,100,42
233,0,233,0
2,0,2,0
0,129,129,140
19,0,19,0
0,256,256,39
1,0,1,0
0,6,6,6
0,12,12,2
8,0,8,0
231,0,231,0
0,26,26,15
9,0,9,0
15,0,15,0
0,10,10,1
4,0,4,0
5,0,5,0
193,0,193,0
0,4,4,24
21,0,21,0
1,0,1,0
0,72,72,34
446,0,446,0
0,108,108,40
29,0,29,0
0,74,74,72
120,0,120,0
1,0,1,0
0,10,10,2
26,0,26,0
0,32,32,5
16,0,16,0
1,0,1,0
1,0,1,0
0,44,44,7
148,0,148,0
0,13,13,72
1,0,1,0
45,0,45,0
9,0,9,0
278,0,278,0
8,0,8,0
0,24,24,18
1,0,1,0
588,0,588,0
0,3,3,3
26,0,26,0
0,10,10,5
16,0,16,0
14,0,14,0
0,2,2,0
0,12,12,1
2,0,2,0
0,37,37,44
22,0,22,0
4,0,4,0
19,0,19,0
0,7,7,35
1,0,1,0
3,0,3,0
0,54,54,5
15,0,15,0
3,0,3,0
0,69,69,28
61,0,61,0
0,3,3,2
8,0,8,0
13,0,13,0
33,0,33,0
2,0,2,0
0,96,96,13
1,0,1,0
101,0,101,0
0,63,63,5
22,0,22,0
0,3,3,21
4,0,4,0
6,0,6,0
1,0,1,0
0,50,50,49
3,0,3,0
0,509,509,76
69,0,69,0
0,1,1,52
60,0,60,0
0,20,20,2
30,0,30,0
0,606,606,19
41,0,41,0
116,0,116,0
2,0,2,0
0,82,82,35
67,0,67,0
24,0,24,0
0,4,4,7
345,0,345,0
3,0,3,0
1,0,1,0
0,4,4,16
8,0,8,0
439,0,439,0
0,168,168,5
32,0,32,0
0,89,89,12
6,0,6,0
0,262,262,140
9,0,9,0
4,0,4,0
15,0,15,0
0,24,24,3
1,0,1,0
34,0,34,0
0,122,122,37
122,0,122,0
3,0,3,0
204,0,204,0
28,0,28,0
29,0,29,0
6,0,6,0
43,0,43,0
13,0,13,0
0,1403,1403,51
221,0,221,0
21,0,21,0
47,0,47,0
0,9,9,30
10,0,10,0
430,0,430,0
6,0,6,0
26,0,26,0
1,0,1,0
78,0,78,0
30,0,30,0
2,0,2,0
3,0,3,0
228,0,228,0
0,67,67,9
66,0,66,0
2,0,2,0
0,35,35,11
226,0,226,0
623,0,623,0
8,0,8,0
38,0,38,0
44,0,44,0
26,0,26,0
0,175,175,15
175,0,175,0
0,100,100,64
0,1,1,69
3,0,3,0
19,0,19,0
4,0,4,0
75,0,75,0
159,0,159,0
271,0,271,0
0,82,82,23
0,12,12,45
54,0,54,0
0,167,167,40
0,8,8,3
0,7,7,47
4,0,4,0
0,48,48,23
63,0,63,0
0,116,116,35
0,223,223,206
254,0,254,0
46,0,46,0
0,61,61,19
56,0,56,0
2,0,2,0
3,0,3,0
0,57,57,9
49,0,49,0
0,212,212,47
127,0,127,0
26,0,26,0
0,39,39,12
3,0,3,0
0,13,13,24
0,8,8,20
87,0,87,0
0,13,13,19
3,0,3,0
9,0,9,0
0,44,44,39
0,14,14,6
20,0,20,0
0,8,8,14
35,0,35,0
1,75,76,92
60,0,60,0
0,129,129,30
13,0,13,0
34,0,34,0
0,6,6,10
261,0,261,0
160,0,160,0
10,0,10,0
0,181,181,43
3,0,3,0
0,13,13,82
2,0,2,0
0,4,4,6
9,0,9,0
6,0,6,0
52,0,52,0
0,51,51,0
43,0,43,0
27,0,27,0
17,0,17,0
1,0,1,0
0,41,41,29
330,0,330,0
0,42,42,0
19,0,19,0
0,3,3,12
23,0,23,0
0,79,79,48
77,0,77,0
421,0,421,0
3,0,3,0
151,0,151,0
19,0,19,0
21,0,21,0
3,0,3,0
0,9,9,5
1,0,1,0
5,0,5,0
0,27,27,34
0,14,14,0
7,0,7,0
0,100,100,14
585,0,585,0
0,36,36,3
0,2,2,14
40,0,40,0
30,0,30,0
0,7,7,2
12,0,12,0
0,39,39,8
46,0,46,0
12,0,12,0
53,0,53,0
0,144,144,43
5,0,5,0
0,36,36,82
23,0,23,0
0,32,32,27
13,0,13,0
0,56,56,40
89,0,89,0
81,0,81,0
1,0,1,0
0,1,1,3
42,0,42,0
3,0,3,0
0,229,229,15
23,0,23,0
0,4,4,42
13,0,13,0
37,0,37,0
0,61,61,21
396,0,396,0
0,11,11,38
13,0,13,0
0,2,2,4
0,48,48,5
2,0,2,0
1,0,1,0
3,0,3,0
0,31,31,20
3,0,3,0
8,0,8,0
215,0,215,0
10,0,10,0
6,0,6,0
0,146,146,17
137,0,137,0
1,0,1,0
2,0,2,0
0,6,6,53
36,0,36,0
2,1620,1622,38
32,0,32,0
3,0,3,0
0,15,15,5
7,0,7,0
155,0,155,0
0,55,55,9
161,0,161,0
1,0,1,0
0,75,75,51
6,0,6,0
24,0,24,0
6,0,6,0
0,76,76,4
0,22,22,84
10,0,10,0
0,11,11,11
2,0,2,0
0,18,18,67
8,0,8,0
7,0,7,0
451,0,451,0
0,11,11,5
115,0,115,0
1,0,1,0
0,232,232,26
16,0,16,0
0,146,146,34
7,0,7,0
0,311,311,10
38,0,38,0
13,0,13,0
10,0,10,0
109,0,109,0
0,7,7,64
130,0,130,0
11,0,11,0
17,0,17,0
172,0,172,0
21,0,21,0
19,0,19,0
0,54,54,39
1,0,1,0
0,207,207,76
3,0,3,0
111,0,111,0
0,72,72,12
34,0,34,0
234,0,234,0
10,0,10,0
0,63,63,12
3,0,3,0
50,0,50,0
0,103,103,2
144,0,144,0
0,53,53,7
27,0,27,0
0,239,239,18
1,0,1,0
3,0,3,0
3,251,254,10
5,0,5,0
11,0,11,0
0,116,116,41
1086,0,1086,0
2,0,2,0
1,0,1,0
0,3,3,152
3,0,3,0
2,0,2,0
1,0,1,0
0,12,12,5
18,0,18,0
0,31,31,4
0,3,3,37
160,0,160,0
0,58,58,20
4,0,4,0
11,0,11,0
0,3,3,3
40,0,40,0
0,74,74,15
186,0,186,0
3,0,3,0
9,0,9,0
14,0,14,0
35,0,35,0
0,8,8,21
0,29,29,2
7,0,7,0
423,0,423,0
4,0,4,0
0,3,3,21
1,0,1,0
1,0,1,0
194,0,194,0
0,124,124,26
0,569,569,30
0,12,12,116
0,62,62,17
0,17,17,40
15,0,15,0
0,26,26,141
10,0,10,0
173,0,173,0
0,76,76,22
40,0,40,0
0,16,16,24
14,0,14,0
3,0,3,0
0,14,14,102
1074,0,1074,0
7,0,7,0
203,0,203,0
0,169,169,103
27,0,27,0
0,49,49,53
25,0,25,0
10,0,10,0
0,10,10,7
19,0,19,0
0,49,49,15
9,0,9,0
0,15,15,14
7,0,7,0
6,0,6,0
90,0,90,0
0,616,616,54
52,0,52,0
0,44,44,6
0,264,264,69
4,0,4,0
12,0,12,0
0,120,120,34
2,0,2,0
3,0,3,0
63,0,63,0
0,22,22,65
6,0,6,0
52,0,52,0
1,0,1,0
0,163,163,100
48,0,48,0
0,18,18,10
4,0,4,0
0,37,37,15
7,0,7,0
0,37,37,9
11,0,11,0
8,0,8,0
8,0,8,0
0,173,173,85
141,0,141,0
0,69,69,37
26,0,26,0
252,0,252,0
20,0,20,0
24,0,24,0
23,0,23,0
0,6,6,27
12,0,12,0
345,0,345,0
9,0,9,0
28,0,28,0
0,337,337,58
16,0,16,0
210,0,210,0
0,84,84,28
9,0,9,0
2,0,2,0
162,0,162,0
5,0,5,0
0,86,86,12
194,0,194,0
0,331,331,168
304,0,304,0
0,19,19,10
0,35,35,33
11,0,11,0
43,0,43,0
0,204,204,22
0,2,2,13
67,0,67,0
0,13,13,48
29,0,29,0
0,4,4,10
6,0,6,0
32,0,32,0
0,94,94,8
0,41,41,23
45,0,45,0
16,0,16,0
0,6,6,4
43,0,43,0
1,0,1,0
0,1,1,3
65,0,65,0
1,0,1,0
5,0,5,0
2,0,2,0
2,0,2,0
1,0,1,0
1,0,1,0
83,0,83,0
0,6,6,27
0,409,409,78
0,474,474,98
4,0,4,0
0,49,49,46
4,0,4,0
1,0,1,0
0,100,100,80
40,0,40,0
0,10,10,2
0,15,15,4
15,0,15,0
1,0,1,0
0,61,61,63
1,0,1,0
5,0,5,0
0,21,21,30
26,0,26,0
0,68,68,24
0,34,34,3
35,0,35,0
23,0,23,0
72,0,72,0
0,515,515,11
0,33,33,26
33,0,33,0
0,122,122,18
148,0,148,0
189,0,189,0
0,39,39,7
54,0,54,0
0,35,35,3
281,0,281,0
161,0,161,0
0,112,112,2
111,0,111,0
0,10,10,2
41,0,41,0
0,60,60,61
8,0,8,0
158,0,158,0
0,76,76,36
16,0,16,0
0,2,2,28
11,0,11,0
19,0,19,0
0,164,164,37
181,0,181,0
4,0,4,0
0,14,14,10
17,0,17,0
0,151,151,0
47,0,47,0
0,1384,1384,93
17,0,17,0
16,0,16,0
0,132,132,12
21,0,21,0
25,0,25,0
0,53,53,37
52,0,52,0
0,57,57,9
229,0,229,0
0,3,3,8
2,0,2,0
0,40,40,59
6,0,6,0
0,346,346,12
6,0,6,0
0,55,55,36
0,19,19,132
0,3,3,25
189,0,189,0
0,1,1,0
0,52,52,18
473,0,473,0
22,0,22,0
0,12,12,2
45,0,45,0
0,24,24,22
0,65,65,15
54,0,54,0
31,0,31,0
406,0,406,0
207,0,207,0
1,0,1,0
2,0,2,0
0,86,86,33
18,0,18,0
2,0,2,0
0,68,68,12
1,0,1,0
0,54,54,78
20,0,20,0
11,0,11,0
0,75,75,27
3,0,3,0
7,0,7,0
8,0,8,0
1,0,1,0
18,0,18,0
0,5,5,1
0,9,9,48
8,0,8,0
0,166,166,109
2,0,2,0
0,44,44,63
35,0,35,0
58,0,58,0
21,0,21,0
13,0,13,0
6,0,6,0
0,18,18,14
0,136,136,1
0,1,1,1
9,0,9,0
2,0,2,0
0,13,13,14
53,0,53,0
0,39,39,17
7,0,7,0
166,0,166,0
0,175,175,97
216,0,216,0
0,158,158,9
40,0,40,0
2,0,2,0
0,35,35,27
10,0,10,0
2,0,2,0
8,0,8,0
4,0,4,0
78,0,78,0
144,0,144,0
0,220,220,99
36,0,36,0
0,7,7,14
0,9,9,9
103,0,103,0
6,0,6,0
0,14,14,109
2,0,2,0
0,16,16,18
27,0,27,0
0,229,229,28
0,43,43,90
10,0,10,0
0,376,376,26
1,0,1,0
0,208,208,1
85,0,85,0
149,0,149,0
349,0,349,0
0,24,24,8
32,0,32,0
7,0,7,0
10,0,10,0
0,256,256,52
5,0,5,0
1,0,1,0
206,0,206,0
0,20,20,3
4,0,4,0
4,0,4,0
0,214,214,73
20,0,20,0
0,85,85,27
4,0,4,0
1,0,1,0
12,0,12,0
0,25,25,47
1,0,1,0
7,0,7,0
22,0,22,0
2,0,2,0
0,386,386,59
63,0,63,0
2,0,2,0
0,35,35,4
26,0,26,0
0,43,43,30
71,0,71,0
1,0,1,0
0,2,2,1
513,0,513,0
2,0,2,0
0,100,100,42
0,40,40,9
5,0,5,0
0,158,158,9
154,0,154,0
0,57,57,45
2,0,2,0
1,0,1,0
0,3,3,7
11,0,11,0
0,109,109,7
1,0,1,0
185,0,185,0
4,0,4,0
115,0,115,0
0,1,1,3
47,0,47,0
0,243,243,18
155,0,155,0
21,0,21,0
0,29,29,44
6,0,6,0
159,0,159,0
0,55,55,11
0,232,232,70
181,0,181,0
641,0,641,0
0,353,353,3
6,0,6,0
0,148,148,9
122,0,122,0
0,743,743,35
111,0,111,0
0,63,63,14
31,0,31,0
31,0,31,0
16,0,16,0
0,85,85,11
0,2,2,3
13,0,13,0
0,5,5,75
0,96,96,19
31,0,31,0
0,59,59,35
0,2,2,13
1,0,1,0
0,34,34,17
70,0,70,0
0,76,76,12
0,15,15,19
17,0,17,0
52,0,52,0
0,58,58,48
336,0,336,0
48,0,48,0
0,29,29,0
25,0,25,0
0,938,938,140
20,0,20,0
0,34,34,34
93,0,93,0
0,262,262,30
4,0,4,0
60,0,60,0
900,0,900,0
13,0,13,0
147,0,147,0
0,8,8,46
68,0,68,0
0,121,121,9
0,141,141,30
41,0,41,0
0,174,174,20
2,0,2,0
1,0,1,0
0,184,184,54
13,0,13,0
0,26,26,1
5,0,5,0
0,1,1,12
2,0,2,0
0,13,13,6
156,0,156,0
0,11,11,69
9,0,9,0
0,62,62,13
3,0,3,0
0,63,63,2
14,0,14,0
19,0,19,0
0,119,119,0
0,1,1,3
72,0,72,0
0,27,27,21
13,0,13,0
0,117,117,19
16,0,16,0
0,505,505,50
0,4,4,4
434,0,434,0
12,0,12,0
0,125,125,21
125,0,125,0
9,0,9,0
30,0,30,0
84,0,84,0
4,0,4,0
0,1,1,11
8,0,8,0
3,0,3,0
197,0,197,0
0,84,84,19
222,0,222,0
0,43,43,12
2,0,2,0
0,24,24,1
1,0,1,0
0,514,514,57
630,0,630,0
369,0,369,0
8,0,8,0
0,34,34,52
0,473,473,15
16,0,16,0
4,0,4,0
23,0,23,0
962,0,962,0
14,0,14,0
0,7,7,0
52,0,52,0
130,0,130,0
3,0,3,0
3,0,3,0
10,0,10,0
0,1441,1441,32
0,366,366,84
151,0,151,0
0,25,25,0
7,0,7,0
0,19,19,48
16,0,16,0
0,566,566,49
5,0,5,0
46,0,46,0
0,62,62,1
13,0,13,0
5,0,5,0
0,1,1,13
105,0,105,0
5,0,5,0
0,3,3,8
6,0,6,0
0,118,118,99
18,0,18,0
0,244,244,40
17,0,17,0
9,0,9,0
161,0,161,0
10,0,10,0
2,0,2,0
0,9,9,65
7,0,7,0
0,151,151,25
179,0,179,0
135,0,135,0
1,0,1,0
0,4,4,4
3,0,3,0
69,0,69,0
42,0,42,0
108,0,108,0
0,44,44,19
10,0,10,0
78,0,78,0
0,62,62,0
1,0,1,0
24,0,24,0
0,28,28,11
21,0,21,0
3,0,3,0
34,0,34,0
0,8,8,3
260,0,260,0
16,0,16,0
0,708,708,49
353,0,353,0
0,70,70,5
42,0,42,0
0,43,43,5
54,0,54,0
0,32,32,24
25,0,25,0
2,0,2,0
36,0,36,0
0,143,143,1
26,0,26,0
10,0,10,0
581,0,581,0
107,0,107,0
287,0,287,0
2,0,2,0
0,363,363,114
3,0,3,0
0,127,127,19
76,0,76,0
0,563,563,31
0,189,189,39
6,0,6,0
6,0,6,0
8,0,8,0
1,0,1,0
0,32,32,4
23,0,23,0
6,0,6,0
127,0,127,0
0,50,50,46
252,0,252,0
0,523,523,220
1,0,1,0
1,0,1,0
0,1,1,0
10,0,10,0
8,0,8,0
0,3,3,3
21,0,21,0
28,0,28,0
0,64,64,10
1,0,1,0
1,0,1,0
0,64,64,9
16,0,16,0
1,0,1,0
4,0,4,0
0,155,155,70
0,43,43,5
9,0,9,0
34,0,34,0
0,52,52,9
124,0,124,0
0,357,357,1
157,0,157,0
20,0,20,0
0,28,28,0
30,0,30,0
0,3,3,2
78,0,78,0
0,126,126,24
5,0,5,0
0,1,1,3
162,0,162,0
3,0,3,0
10,0,10,0
7,0,7,0
5,0,5,0
143,0,143,0
5,0,5,0
37,0,37,0
69,0,69,0
0,48,48,1
581,0,581,0
3,0,3,0
0,3,3,2
3,0,3,0
5,0,5,0
32,0,32,0
0,62,62,5
2,0,2,0
12,0,12,0
0,163,163,9
166,0,166,0
1,0,1,0
0,52,52,0
84,0,84,0
17,0,17,0
15,0,15,0
0,46,46,11
9,0,9,0
0,13,13,7
0,13,13,2
5,0,5,0
7,0,7,0
0,1,1,0
6,0,6,0
6,0,6,0
3,0,3,0
5,0,5,0
3,0,3,0
1,0,1,0
0,367,367,1
0,8,8,0
26,0,26,0
18,0,18,0
47,0,47,0
0,7,7,19
3,0,3,0
1,0,1,0
16,0,16,0
0,22,22,15
216,0,216,0
0,10,10,4
4,0,4,0
1,0,1,0
0,67,67,8
632,0,632,0
0,2,2,13
0,110,110,2
170,0,170,0
0,197,197,1
139,0,139,0
10,0,10,0
4,0,4,0
80,0,80,0
0,268,268,40
117,0,117,0
0,1,1,30
4,0,4,0
0,171,171,33
4,0,4,0
3,0,3,0
164,0,164,0
2,0,2,0
0,2,2,0
87,0,87,0
23,0,23,0
138,0,138,0
38,0,38,0
0,450,450,14
0,920,920,14
905,0,905,0
11,0,11,0
60,0,60,0
0,92,92,70
34,0,34,0
33,0,33,0
37,0,37,0
1,0,1,0
0,280,280,82
244,0,244,0
0,45,45,22
0,177,177,2
135,0,135,0
0,10,10,0
2,0,2,0
3,0,3,0
8,0,8,0
0,85,85,6
1,0,1,0
0,78,78,13
44,0,44,0
0,25,25,13
24,0,24,0
24,0,24,0
0,216,216,4
0,453,453,0
30,0,30,0
1,0,1,0
0,1,1,1
2,0,2,0
5,0,5,0
1,0,1,0
174,0,174,0
7,0,7,0
0,72,72,17
0,2,2,9
200,0,200,0
35,0,35,0
1,0,1,0
0,81,81,7
12,0,12,0
15,0,15,0
0,25,25,1
28,0,28,0
1,0,1,0
17,0,17,0
0,66,66,5
45,0,45,0
0,9,9,21
70,0,70,0
0,136,136,94
5,0,5,0
0,182,182,54
356,0,356,0
16,0,16,0
35,0,35,0
3,0,3,0
0,42,42,23
0,222,222,7
240,0,240,0
0,13,13,21
1,0,1,0
428,0,428,0
0,6,6,18
8,0,8,0
0,73,73,58
2,0,2,0
2,0,2,0
0,660,660,10
354,0,354,0
0,56,56,5
502,0,502,0
12,0,12,0
0,99,99,23
89,0,89,0
0,301,301,18
57,0,57,0
1,0,1,0
0,134,134,3
9,0,9,0
0,673,673,25
480,0,480,0
5,0,5,0
1,0,1,0
0,6,6,12
0,2,2,19
15,0,15,0
8,0,8,0
2,0,2,0
146,0,146,0
0,49,49,15
13,0,13,0
0,45,45,30
41,0,41,0
14,0,14,0
197,0,197,0
56,0,56,0
19,0,19,0
0,1,1,5
13,0,13,0
4,0,4,0
0,54,54,3
1,0,1,0
1,0,1,0
0,31,31,1
25,0,25,0
0,4,4,7
1,0,1,0
138,0,138,0
45,0,45,0
0,13,13,27
38,0,38,0
21,0,21,0
13,0,13,0
0,2,2,100
1,0,1,0
1,0,1,0
4,0,4,0
1,0,1,0
2,0,2,0
0,6,6,0
42,0,42,0
80,0,80,0
43,0,43,0
0,105,105,20
229,0,229,0
0,31,31,11
2,0,2,0
1,0,1,0
0,240,240,11
218,0,218,0
0,60,60,36
5,0,5,0
115,0,115,0
2,0,2,0
0,14,14,1
0,415,415,22
364,0,364,0
0,46,46,55
37,0,37,0
578,0,578,0
10,0,10,0
35,0,35,0
0,229,229,91
0,247,247,123
2,0,2,0
0,4,4,2
1,0,1,0
53,0,53,0
50,0,50,0
201,0,201,0
15,0,15,0
11,0,11,0
0,39,39,66
166,0,166,0
0,157,157,3
1,0,1,0
0,274,274,100
3,0,3,0
2,0,2,0
4,0,4,0
20,0,20,0
1,0,1,0
159,0,159,0
0,2,2,7
237,0,237,0
0,1,1,11
9,0,9,0
0,49,49,10
340,0,340,0
0,18,18,14
66,0,66,0
32,0,32,0
90,0,90,0
6,0,6,0
8,0,8,0
0,4,4,2
23,0,23,0
0,4,4,6
2,0,2,0
0,74,74,14
0,41,41,5
19,0,19,0
4,0,4,0
0,526,526,10
2,0,2,0
0,13,13,18
1,0,1,0
27,0,27,0
0,54,54,8
8,0,8,0
42,0,42,0
169,0,169,0
61,0,61,0
0,109,109,26
4,0,4,0
1,0,1,0
16,0,16,0
0,45,45,68
2,0,2,0
3,0,3,0
1,0,1,0
27,0,27,0
0,233,233,25
0,84,84,70
217,0,217,0
9,0,9,0
0,8,8,10
13,0,13,0
12,0,12,0
2,0,2,0
0,12,12,14
0,147,147,107
32,0,32,0
216,0,216,0
9,0,9,0
0,40,40,18
5,0,5,0
0,20,20,5
26,0,26,0
0,208,208,28
41,0,41,0
10,0,10,0
83,0,83,0
1,0,1,0
38,0,38,0
25,0,25,0
7,0,7,0
0,8,8,2
2,0,2,0
0,513,513,57
19,0,19,0
6,0,6,0
0,83,83,11
7,0,7,0
0,12,12,23
31,0,31,0
265,0,265,0
0,133,133,60
117,0,117,0
0,413,413,0
241,0,241,0
0,18,18,17
4,0,4,0
154,0,154,0
28,0,28,0
0,215,215,59
4,0,4,0
0,29,29,63
13,0,13,0
35,0,35,0
0,20,20,209
4,0,4,0
0,14,14,7
175,0,175,0
9,0,9,0
0,17,17,10
3,0,3,0
6,0,6,0
0,151,151,148
2,0,2,0
0,106,106,4
10,0,10,0
0,53,53,1
7,0,7,0
0,18,18,14
0,21,21,0
5,0,5,0
64,0,64,0
0,3,3,0
0,71,71,15
568,0,568,0
105,0,105,0
20,0,20,0
0,22,22,7
4,0,4,0
47,0,47,0
0,1,1,5
3,0,3,0
131,0,131,0
21,0,21,0
15,0,15,0
6,0,6,0
0,102,102,16
34,0,34,0
69,0,69,0
157,0,157,0
3,0,3,0
47,0,47,0
6,0,6,0
81,0,81,0
0,30,30,33
5,0,5,0
0,137,137,0
118,0,118,0
0,98,98,1
98,0,98,0
45,0,45,0
0,31,31,61
6,0,6,0
0,591,591,63
674,0,674,0
0,12,12,3
0,71,71,50
4,0,4,0
0,302,302,121
277,0,277,0
1,189,190,9
153,0,153,0
0,169,169,0
135,0,135,0
41,0,41,0
0,252,252,7
1,0,1,0
0,2,2,1
49,0,49,0
0,68,68,112
4,0,4,0
4,0,4,0
1,0,1,0
0,3,3,5
3,0,3,0
3,0,3,0
140,0,140,0
26,0,26,0
39,0,39,0
38,0,38,0
4,0,4,0
0,166,166,23
20,0,20,0
11,0,11,0
387,0,387,0
57,0,57,0
21,0,21,0
6,0,6,0
0,122,122,11
89,0,89,0
14,0,14,0
0,153,153,7
140,0,140,0
0,3,3,0
154,0,154,0
60,0,60,0
44,0,44,0
70,0,70,0
34,0,34,0
2,0,2,0
0,51,51,78
0,23,23,4
0,137,137,44
123,0,123,0
0,3,3,8
1,0,1,0
8,0,8,0
0,70,70,15
17,0,17,0
7,0,7,0
7,0,7,0
0,5,5,2
14,0,14,0
23,0,23,0
0,31,31,13
0,10,10,72
13,0,13,0
7,0,7,0
0,267,267,49
0,18,18,4
0,141,141,3
11,0,11,0
1,0,1,0
0,13,13,29
1,0,1,0
0,14,14,115
91,0,91,0
2,0,2,0
0,254,254,23
0,275,275,15
0,98,98,16
34,0,34,0
0,51,51,62
2,0,2,0
0,41,41,18
5,0,5,0
17,0,17,0
293,0,293,0
20,0,20,0
0,47,47,60
232,0,232,0
0,36,36,6
1,0,1,0
0,25,25,0
360,0,360,0
0,88,88,4
10,0,10,0
0,30,30,5
34,0,34,0
0,67,67,13
0,327,327,48
72,0,72,0
138,0,138,0
6,0,6,0
0,162,162,22
71,0,71,0
2,0,2,0
0,348,348,1
287,0,287,0
0,935,935,11
0,33,33,90
2,0,2,0
0,2,2,3
6,0,6,0
7,0,7,0
3,0,3,0
0,177,177,28
28,0,28,0
6,0,6,0
0,107,107,38
108,0,108,0
76,0,76,0
0,14,14,6
13,0,13,0
0,48,48,90
3,0,3,0
1,0,1,0
2,0,2,0
50,0,50,0
0,261,261,39
0,927,927,199
279,0,279,0
241,0,241,0
31,0,31,0
30,0,30,0
0,85,85,10
75,0,75,0
1,0,1,0
1,0,1,0
0,145,145,28
182,0,182,0
47,0,47,0
128,0,128,0
1,0,1,0
141,0,141,0
2,0,2,0
0,620,620,34
0,87,87,37
0,4,4,21
3,0,3,0
0,88,88,7
17,0,17,0
2,0,2,0
0,4,4,6
0,15,15,103
0,69,69,14
75,0,75,0
21,0,21,0
2,0,2,0
6,0,6,0
0,325,325,5
274,0,274,0
0,120,120,10
30,0,30,0
60,0,60,0
6,0,6,0
35,0,35,0
0,68,68,25
9,0,9,0
1,0,1,0
4,0,4,0
0,301,301,67
191,0,191,0
7,0,7,0
0,10,10,8
16,0,16,0
0,1,1,17
79,0,79,0
5,0,5,0
10,0,10,0
221,0,221,0
10,0,10,0
89,0,89,0
0,17,17,37
40,0,40,0
0,586,586,50
0,316,316,15
3,0,3,0
442,0,442,0
80,0,80,0
5,0,5,0
0,35,35,8
3,0,3,0
0,32,32,15
19,0,19,0
0,151,151,56
27,0,27,0
0,60,60,27
0,5,5,16
0,7,7,6
3,0,3,0
9,0,9,0
2,0,2,0
284,0,284,0
1,0,1,0
1,0,1,0
0,73,73,42
24,0,24,0
0,7,7,5
7,0,7,0
2,0,2,0
0,14,14,1
3,0,3,0
3,0,3,0
54,0,54,0
0,29,29,189
551,0,551,0
0,107,107,93
0,17,17,8
0,77,77,83
50,0,50,0
148,0,148,0
0,94,94,10
73,0,73,0
0,242,242,11
27,0,27,0
101,0,101,0
6,0,6,0
41,0,41,0
0,40,40,8
14,0,14,0
0,177,177,31
22,0,22,0
0,14,14,41
7,0,7,0
0,84,84,28
1,0,1,0
0,114,114,56
51,0,51,0
318,0,318,0
0,226,226,49
62,0,62,0
27,0,27,0
3,0,3,0
82,0,82,0
0,116,116,9
16,0,16,0
10,0,10,0
0,50,50,13
54,0,54,0
2,0,2,0
0,17,17,207
0,1,1,7
4,0,4,0
28,0,28,0
27,0,27,0
0,102,102,58
5,0,5,0
2,0,2,0
114,0,114,0
0,224,224,35
17,0,17,0
0,8,8,6
0,9,9,7
0,67,67,25
7,0,7,0
36,0,36,0
5,0,5,0
0,26,26,49
19,0,19,0
0,262,262,20
90,0,90,0
7,0,7,0
13,0,13,0
6,0,6,0
3,0,3,0
0,2,2,10
49,0,49,0
0,66,66,32
72,0,72,0
0,28,28,2
11,0,11,0
10,0,10,0
4,0,4,0
0,9,9,1
1,0,1,0
9,0,9,0
2,0,2,0
0,257,257,21
5,0,5,0
6,0,6,0
17,0,17,0
0,9,9,6
50,0,50,0
0,189,189,32
143,0,143,0
0,463,463,47
542,0,542,0
0,37,37,3
42,0,42,0
0,60,60,25
13,0,13,0
2,0,2,0
0,82,82,29
0,72,72,5
35,0,35,0
54,0,54,0
0,163,163,79
0,16,16,1
13,0,13,0
0,2,2,0
6,0,6,0
1,0,1,0
17,0,17,0
0,128,128,58
34,0,34,0
5,0,5,0
0,35,35,16
5,0,5,0
1,0,1,0
0,1,1,50
52,0,52,0
18,0,18,0
0,50,50,23
3,0,3,0
0,3,3,3
0,92,92,7
2,0,2,0
0,1,1,9
2,0,2,0
0,35,35,12
0,13,13,32
6,0,6,0
6,0,6,0
2,0,2,0
0,5,5,48
11,0,11,0
115,0,115,0
0,93,93,43
28,0,28,0
0,72,72,40
0,4,4,38
25,0,25,0
2,0,2,0
0,80,80,9
6,0,6,0
0,215,215,28
235,0,235,0
23,0,23,0
61,0,61,0
176,0,176,0
1,0,1,0
9,0,9,0
0,2,2,13
0,80,80,9
76,0,76,0
0,66,66,0
1,0,1,0
9,0,9,0
0,18,18,0
26,0,26,0
0,23,23,16
2,0,2,0
0,11,11,11
0,74,74,10
3,0,3,0
73,0,73,0
2,0,2,0
15,0,15,0
0,8,8,38
2,0,2,0
0,16,16,5
16,0,16,0
0,73,73,18
89,0,89,0
62,0,62,0
0,12,12,6
1,0,1,0
2,0,2,0
27,0,27,0
2,0,2,0
83,0,83,0
95,0,95,0
6,0,6,0
31,0,31,0
76,0,76,0
1,0,1,0
0,23,23,12
9,0,9,0
1,0,1,0
7,0,7,0
59,0,59,0
0,3,3,6
3,0,3,0
0,7,7,16
5,0,5,0
0,2,2,4
4,0,4,0
0,206,206,29
161,0,161,0
0,18,18,5
1,0,1,0
5,0,5,0
0,279,279,7
337,0,337,0
0,2,2,19
0,84,84,202
17,0,17,0
30,0,30,0
1,0,1,0
0,160,160,70
157,0,157,0
8,0,8,0
1,0,1,0
19,0,19,0
26,0,26,0
0,4,4,2
0,486,486,9
91,0,91,0
614,0,614,0
0,2,2,1
0,220,220,61
287,0,287,0
0,20,20,14
9,0,9,0
1,0,1,0
0,65,65,40
0,221,221,0
245,0,245,0
31,0,31,0
0,1,1,0
11,0,11,0
0,197,197,42
193,0,193,0
106,0,106,0
2,0,2,0
0,335,335,4
330,0,330,0
0,200,200,27
0,36,36,6
1,0,1,0
15,0,15,0
6,0,6,0
0,55,55,33
156,0,156,0
3,0,3,0
8,0,8,0
19,0,19,0
0,253,253,0
2,0,2,0
94,0,94,0
1,0,1,0
1,0,1,0
0,11,11,2
0,90,90,33
22,0,22,0
0,89,89,69
2,0,2,0
163,0,163,0
10,0,10,0
1,0,1,0
0,13,13,6
3,0,3,0
0,645,645,15
32,0,32,0
48,0,48,0
4,0,4,0
0,1,1,0
0,11,11,0
7,0,7,0
17,0,17,0
0,185,185,20
187,0,187,0
0,106,106,23
1,0,1,0
0,77,77,6
0,218,218,2
0,114,114,38
49,0,49,0
1,0,1,0
0,1,1,3
6,0,6,0
0,35,35,9
30,0,30,0
1,0,1,0
1,0,1,0
0,81,81,16
0,31,31,16
54,0,54,0
0,2,2,57
28,0,28,0
22,0,22,0
0,230,230,25
180,0,180,0
30,0,30,0
0,1,1,117
11,0,11,0
4,0,4,0
51,0,51,0
127,0,127,0
13,0,13,0
0,8,8,5
9,0,9,0
0,4,4,37
17,0,17,0
8,0,8,0
82,0,82,0
2,0,2,0
0,12,12,65
3,0,3,0
21,0,21,0
0,83,83,4
59,0,59,0
0,184,184,43
31,0,31,0
0,17,17,26
9,0,9,0
58,0,58,0
0,87,87,41
0,130,130,27
115,0,115,0
0,11,11,3
4,0,4,0
4,0,4,0
0,24,24,10
39,0,39,0
0,22,22,6
30,0,30,0
0,17,17,19
72,0,72,0
4,0,4,0
5,0,5,0
0,137,137,31
5,0,5,0
3,0,3,0
0,742,742,128
0,38,38,27
0,2,2,0
0,39,39,12
0,54,54,11
6,0,6,0
0,181,181,400
178,0,178,0
55,0,55,0
17,0,17,0
26,0,26,0
2,0,2,0
3,0,3,0
0,196,196,119
10,0,10,0
0,98,98,28
18,0,18,0
170,0,170,0
0,5,5,86
6,0,6,0
3,0,3,0
19,0,19,0
54,0,54,0
0,16,16,4
32,0,32,0
76,0,76,0
0,175,175,32
26,0,26,0
1,0,1,0
0,15,15,8
0,14,14,3
9,0,9,0
14,0,14,0
19,0,19,0
0,49,49,2
8,0,8,0
0,4,4,89
3,0,3,0
26,0,26,0
0,46,46,5
4,0,4,0
17,0,17,0
0,100,100,54
1,0,1,0
0,206,206,1
0,28,28,10
20,0,20,0
0,513,513,32
137,0,137,0
40,0,40,0
0,153,153,20
7,0,7,0
0,85,85,15
121,0,121,0
1,0,1,0
1,0,1,0
0,66,66,4
2,0,2,0
2,0,2,0
9,0,9,0
0,206,206,40
144,0,144,0
0,542,542,79
292,0,292,0
0,14,14,6
21,0,21,0
0,360,360,32
30,0,30,0
7,0,7,0
1,0,1,0
0,6,6,26
15,0,15,0
0,69,69,31
31,0,31,0
0,22,22,6
7,0,7,0
0,12,12,11
55,0,55,0
21,0,21,0
0,232,232,20
14,0,14,0
21,0,21,0
0,170,170,31
104,0,104,0
49,0,49,0
103,0,103,0
0,12,12,1
31,0,31,0
39,0,39,0
0,26,26,20
11,0,11,0
0,22,22,149
23,0,23,0
0,101,101,92
4,0,4,0
1,0,1,0
1,0,1,0
0,106,106,121
0,38,38,1
4,0,4,0
68,0,68,0
11,0,11,0
0,31,31,103
28,0,28,0
0,85,85,146
35,0,35,0
18,0,18,0
0,95,95,26
2,0,2,0
1,0,1,0
4,0,4,0
1,0,1,0
0,354,354,50
0,159,159,101
24,0,24,0
194,0,194,0
3,0,3,0
14,0,14,0
0,36,36,5
0,1597,1597,39
0,52,52,20
0,1,1,6
0,304,304,17
1,0,1,0
57,0,57,0
0,28,28,5
80,0,80,0
2,0,2,0
0,146,146,6
129,0,129,0
0,20,20,13
20,0,20,0
4,0,4,0
31,0,31,0
0,32,32,11
14,0,14,0
0,3,3,28
0,140,140,11
144,0,144,0
0,7,7,6
5,0,5,0
0,857,857,186
55,0,55,0
69,0,69,0
2,0,2,0
2,0,2,0
31,0,31,0
0,57,57,54
40,0,40,0
4,0,4,0
0,48,48,29
11,0,11,0
0,8,8,17
7,0,7,0
13,0,13,0
63,0,63,0
3,0,3,0
0,15,15,14
89,0,89,0
0,14,14,6
216,0,216,0
124,0,124,0
103,0,103,0
517,0,517,0
0,39,39,27
22,0,22,0
23,0,23,0
0,213,213,5
3,0,3,0
26,0,26,0
0,59,59,62
30,0,30,0
0,350,350,68
0,34,34,5
230,0,230,0
0,72,72,20
4,0,4,0
28,0,28,0
9,0,9,0
35,0,35,0
9,0,9,0
0,196,196,34
9,0,9,0
4,0,4,0
0,92,92,4
5,0,5,0
0,131,131,6
34,0,34,0
0,12,12,3
221,0,221,0
0,181,181,23
659,0,659,0
621,0,621,0
2,0,2,0
26,0,26,0
0,110,110,56
11,0,11,0
2,0,2,0
0,40,40,11
6,0,6,0
126,0,126,0
0,113,113,19
14,0,14,0
0,73,73,0
21,0,21,0
266,0,266,0
0,13,13,8
0,193,193,28
2,0,2,0
5,0,5,0
4,0,4,0
0,16,16,85
0,1,1,23
0,18,18,1
38,0,38,0
75,0,75,0
161,0,161,0
0,35,35,44
28,0,28,0
0,274,274,23
283,0,283,0
0,200,200,79
457,0,457,0
0,181,181,5
69,0,69,0
2,0,2,0
55,0,55,0
40,0,40,0
7,0,7,0
0,152,152,37
0,156,156,22
0,90,90,1
8,0,8,0
0,9,9,8
67,0,67,0
0,4,4,4
13,0,13,0
0,219,219,23
136,0,136,0
0,2,2,12
5,0,5,0
1,0,1,0
80,0,80,0
0,126,126,18
227,0,227,0
0,9,9,0
5,0,5,0
9,0,9,0
1,0,1,0
0,10,10,6
6,0,6,0
11,0,11,0
958,0,958,0
0,16,16,52
13,0,13,0
22,0,22,0
0,222,222,9
172,0,172,0
0,27,27,50
9,0,9,0
6,0,6,0
5,0,5,0
0,42,42,3
0,103,103,12
1,0,1,0
0,30,30,0
34,0,34,0
26,0,26,0
0,36,36,15
17,0,17,0
0,179,179,21
21,0,21,0
1,0,1,0
0,72,72,50
0,205,205,35
228,0,228,0
0,166,166,6
1,0,1,0
7,0,7,0
9,0,9,0
0,318,318,22
6,0,6,0
0,38,38,0
3,0,3,0
11,0,11,0
0,37,37,63
1,0,1,0
0,208,208,39
0,21,21,12
2,0,2,0
0,10,10,4
4,0,4,0
0,42,42,32
15,0,15,0
0,6,6,4
27,0,27,0
297,0,297,0
14,0,14,0
5,0,5,0
0,80,80,71
0,38,38,77
23,0,23,0
107,0,107,0
38,0,38,0
1,0,1,0
0,6,6,8
190,0,190,0
42,0,42,0
0,23,23,61
0,14,14,58
26,0,26,0
13,0,13,0
0,18,18,1
90,0,90,0
4,0,4,0
0,18,18,6
12,0,12,0
0,67,67,13
456,0,456,0
29,0,29,0
15,0,15,0
1337,0,1337,0
0,119,119,2
0,56,56,17
0,37,37,56
34,0,34,0
138,0,138,0
0,59,59,4
100,0,100,0
0,22,22,12
0,23,23,40
86,0,86,0
1,0,1,0
3,0,3,0
7,0,7,0
0,1,1,0
0,193,193,118
102,0,102,0
0,50,50,69
0,21,21,123
1,0,1,0
6,0,6,0
0,15,15,6
5,0,5,0
0,80,80,3
4,0,4,0
39,0,39,0
39,0,39,0
77,0,77,0
0,521,521,107
0,17,17,2
5,0,5,0
31,0,31,0
0,15,15,10
9,0,9,0
174,0,174,0
214,0,214,0
0,316,316,16
107,0,107,0
2,0,2,0
16,0,16,0
0,45,45,7
1,0,1,0
0,2,2,2
54,0,54,0
0,125,125,22
125,0,125,0
0,426,426,59
15,0,15,0
29,0,29,0
0,66,66,28
0,10,10,29
4,0,4,0
1,0,1,0
0,18,18,12
396,0,396,0
0,209,209,0
16,0,16,0
1,0,1,0
8,0,8,0
0,1,1,10
107,0,107,0
0,15,15,1
5,0,5,0
10,0,10,0
22,0,22,0
1,0,1,0
1,0,1,0
0,180,180,77
3,0,3,0
1,0,1,0
1,0,1,0
0,45,45,5
85,0,85,0
1,0,1,0
8,0,8,0
40,0,40,0
25,0,25,0
4,0,4,0
0,10,10,5
1,0,1,0
23,0,23,0
38,0,38,0
0,32,32,64
28,0,28,0
49,0,49,0
0,17,17,4
0,70,70,35
86,0,86,0
592,0,592,0
0,5,5,3
106,0,106,0
0,1,1,0
0,82,82,35
201,0,201,0
0,186,186,52
0,6,6,47
0,36,36,51
4,0,4,0
1,0,1,0
1,0,1,0
16,0,16,0
0,75,75,70
26,0,26,0
0,298,298,53
1,0,1,0
19,0,19,0
1,0,1,0
47,0,47,0
1,0,1,0
316,0,316,0
15,0,15,0
47,0,47,0
4,0,4,0
11,0,11,0
0,4,4,241
13,0,13,0
3,0,3,0
1,0,1,0
32,0,32,0
63,0,63,0
0,8,8,3
0,260,260,101
0,62,62,0
1,0,1,0
0,54,54,91
44,0,44,0
2,0,2,0
20,0,20,0
0,5,5,22
2,0,2,0
24,0,24,0
4,0,4,0
16,0,16,0
29,0,29,0
0,10,10,22
0,12,12,16
18,0,18,0
0,77,77,81
83,0,83,0
7,0,7,0
7,0,7,0
159,0,159,0
132,0,132,0
0,13,13,0
45,0,45,0
25,0,25,0
0,6,6,10
4,0,4,0
0,237,237,6
0,2,2,6
0,63,63,4
165,0,165,0
4,0,4,0
7,0,7,0
0,76,76,0
1,0,1,0
0,62,62,36
79,0,79,0
30,0,30,0
67,0,67,0
0,3,3,51
0,430,430,67
133,0,133,0
6,0,6,0
0,254,254,16
217,0,217,0
83,0,83,0
4,0,4,0
1,0,1,0
0,31,31,24
1,0,1,0
3,0,3,0
36,0,36,0
3,0,3,0
0,73,73,11
36,0,36,0
4,0,4,0
63,0,63,0
129,0,129,0
0,10,10,20
0,16,16,16
157,0,157,0
3,0,3,0
0,16,16,9
14,0,14,0
0,60,60,33
23,0,23,0
52,0,52,0
0,126,126,1
15,0,15,0
0,76,76,7
191,0,191,0
0,23,23,0
8,0,8,0
0,715,715,63
144,0,144,0
0,44,44,83
9,0,9,0
0,54,54,12
3,0,3,0
166,0,166,0
67,0,67,0
33,0,33,0
1,0,1,0
1,0,1,0
0,399,399,20
320,0,320,0
0,193,193,83
0,16,16,37
0,121,121,16
99,0,99,0
0,55,55,30
32,0,32,0
0,21,21,8
1,0,1,0
0,7,7,61
7,0,7,0
0,4,4,18
2,0,2,0
0,3,3,7
0,299,299,13
60,0,60,0
293,0,293,0
120,0,120,0
0,8,8,10
6,0,6,0
14,0,14,0
1,0,1,0
0,80,80,10
0,4,4,26
13,0,13,0
0,8,8,33
97,0,97,0
3,0,3,0
4,0,4,0
6,0,6,0
0,105,105,13
14,0,14,0
21,0,21,0
4,0,4,0
14,0,14,0
0,29,29,1
0,89,89,3
1,0,1,0
6,0,6,0
0,1,1,4
0,16,16,17
23,0,23,0
0,13,13,2
1,0,1,0
72,0,72,0
6,0,6,0
0,11,11,18
16,0,16,0
0,110,110,26
0,83,83,0
26,0,26,0
0,209,209,2
95,0,95,0
165,0,165,0
0,13,13,44
10,0,10,0
10,0,10,0
16,0,16,0
162,0,162,0
11,0,11,0
0,289,289,38
0,6,6,2
12,0,12,0
7,0,7,0
1,0,1,0
0,228,228,18
0,524,524,1
395,0,395,0
3,0,3,0
0,12,12,6
0,6,6,3
36,0,36,0
0,36,36,11
221,0,221,0
1,0,1,0
0,326,326,52
5,0,5,0
0,49,49,28
91,0,91,0
0,478,478,53
3,0,3,0
1,0,1,0
11,0,11,0
37,0,37,0
3,0,3,0
4,0,4,0
7,0,7,0
0,38,38,7
28,0,28,0
0,18,18,4
1,0,1,0
4,0,4,0
0,96,96,17
41,0,41,0
0,51,51,22
130,0,130,0
43,0,43,0
87,0,87,0
200,0,200,0
1,0,1,0
0,91,91,64
21,0,21,0
109,0,109,0
0,103,103,14
34,0,34,0
36,0,36,0
0,59,59,17
50,0,50,0
0,1242,1242,152
3,0,3,0
132,0,132,0
0,28,28,6
52,0,52,0
33,0,33,0
7,0,7,0
0,192,192,81
29,0,29,0
3,0,3,0
0,8,8,33
0,44,44,74
9,0,9,0
0,64,64,7
79,0,79,0
19,0,19,0
2,0,2,0
13,0,13,0
0,156,156,37
0,6,6,3
62,0,62,0
0,3,3,3
1,0,1,0
19,0,19,0
1,0,1,0
52,0,52,0
0,48,48,0
22,0,22,0
259,0,259,0
3,0,3,0
0,29,29,29
16,0,16,0
0,10,10,9
6,0,6,0
0,274,274,65
4,0,4,0
0,2,2,19
87,0,87,0
23,0,23,0
0,283,283,78
139,0,139,0
2,0,2,0
67,0,67,0
0,6,6,29
243,0,243,0
3,0,3,0
211,0,211,0
4,0,4,0
0,29,29,22
12,0,12,0
0,305,305,84
0,49,49,72
51,0,51,0
0,31,31,7
7,0,7,0
0,221,221,171
17,0,17,0
0,28,28,2
20,0,20,0
1,0,1,0
6,0,6,0
1,0,1,0
0,58,58,34
38,0,38,0
0,295,295,28
81,0,81,0
0,16,16,136
341,0,341,0
21,0,21,0
0,58,58,14
4,0,4,0
27,0,27,0
0,26,26,68
37,0,37,0
36,0,36,0
2,0,2,0
2,0,2,0
6,0,6,0
0,62,62,36
41,0,41,0
133,0,133,0
0,17,17,5
311,0,311,0
0,6,6,20
2,0,2,0
0,159,159,21
524,0,524,0
8,0,8,0
6,0,6,0
47,0,47,0
142,0,142,0
1,0,1,0
0,251,251,30
130,0,130,0
0,71,71,33
0,350,350,24
358,0,358,0
44,0,44,0
0,203,203,24
94,0,94,0
0,1,1,0
0,38,38,39
30,0,30,0
0,237,237,64
209,0,209,0
134,0,134,0
25,0,25,0
0,85,85,74
94,0,94,0
10,0,10,0
30,0,30,0
13,0,13,0
0,28,28,7
117,0,117,0
6,0,6,0
0,237,237,12
2,0,2,0
0,2,2,110
0,144,144,35
0,4,4,70
172,0,172,0
10,0,10,0
65,0,65,0
0,12,12,0
296,0,296,0
745,0,745,0
0,29,29,8
33,0,33,0
0,41,41,1
43,0,43,0
1,0,1,0
0,37,37,10
6,0,6,0
49,0,49,0
70,0,70,0
1,0,1,0
0,54,54,18
1,0,1,0
42,0,42,0
49,0,49,0
0,22,22,22
0,2,2,58
3,0,3,0
0,59,59,2
23,0,23,0
0,62,62,7
15,0,15,0
486,0,486,0
0,3,3,3
16,0,16,0
0,16,16,153
12,0,12,0
0,11,11,9
1,0,1,0
43,0,43,0
0,9,9,7
9,0,9,0
0,15,15,19
3,0,3,0
0,366,366,70
274,0,274,0
0,8,8,32
27,0,27,0
0,56,56,16
8,0,8,0
0,23,23,40
0,399,399,65
69,0,69,0
14,0,14,0
0,73,73,111
1,0,1,0
2,0,2,0
1,0,1,0
0,18,18,89
12,0,12,0
0,218,218,40
29,0,29,0
0,53,53,1
201,0,201,0
0,170,170,24
149,0,149,0
0,50,50,33
21,0,21,0
65,0,65,0
1,0,1,0
0,169,169,29
16,0,16,0
0,14,14,34
180,0,180,0
7,0,7,0
0,66,66,116
21,0,21,0
0,15,15,5
4,0,4,0
0,5,5,62
0,99,99,20
1,0,1,0
0,84,84,142
162,0,162,0
9,0,9,0
0,82,82,19
61,0,61,0
41,0,41,0
126,0,126,0
0,99,99,59
0,70,70,53
74,0,74,0
75,0,75,0
0,367,367,44
54,0,54,0
4,0,4,0
42,0,42,0
43,0,43,0
0,2,2,0
22,0,22,0
15,0,15,0
33,0,33,0
4,0,4,0
199,0,199,0
7,0,7,0
72,0,72,0
1,0,1,0
0,19,19,3
1,0,1,0
0,703,703,46
1,0,1,0
204,0,204,0
3,0,3,0
2,0,2,0
0,85,85,40
395,0,395,0
7,0,7,0
0,40,40,15
0,9,9,3
7,0,7,0
0,2,2,69
52,0,52,0
0,87,87,14
85,0,85,0
1,0,1,0
1,0,1,0
54,0,54,0
5,0,5,0
0,13,13,4
3,0,3,0
3,0,3,0
0,4,4,0
0,100,100,2
103,0,103,0
16,0,16,0
24,0,24,0
0,194,194,2
159,0,159,0
3,0,3,0
1,0,1,0
0,2,2,80
9,0,9,0
0,17,17,37
22,0,22,0
0,93,93,15
2,0,2,0
147,0,147,0
0,147,147,179
22,0,22,0
537,0,537,0
0,595,595,81
0,17,17,38
156,0,156,0
27,0,27,0
0,19,19,71
0,87,87,13
0,28,28,2
465,0,465,0
0,2,2,1
0,10,10,14
2,0,2,0
6,0,6,0
0,47,47,15
7,0,7,0
0,13,13,4
1,0,1,0
0,47,47,10
100,0,100,0
18,0,18,0
2,0,2,0
0,22,22,19
1,0,1,0
155,0,155,0
16,0,16,0
0,126,126,110
119,0,119,0
0,1317,1317,176
1670,0,1670,0
1,0,1,0
1,0,1,0
0,5,5,1
14,0,14,0
58,0,58,0
20,0,20,0
0,14,14,3
89,0,89,0
0,19,19,3
6,0,6,0
1,0,1,0
11,0,11,0
0,43,43,37
63,0,63,0
0,18,18,4
28,0,28,0
0,193,193,66
79,0,79,0
0,42,42,1
34,0,34,0
0,101,101,14
137,0,137,0
14,0,14,0
2,0,2,0
0,113,113,3
31,0,31,0
0,16,16,2
4,0,4,0
19,0,19,0
47,0,47,0
86,0,86,0
0,176,176,32
54,0,54,0
1,0,1,0
0,4,4,6
3,0,3,0
0,7,7,35
4,0,4,0
2,0,2,0
8,0,8,0
0,25,25,34
0,114,114,101
12,0,12,0
54,0,54,0
36,0,36,0
1,0,1,0
1,0,1,0
13,0,13,0
0,102,102,43
5,0,5,0
0,6,6,10
478,0,478,0
0,10,10,1
0,4,4,15
108,0,108,0
30,0,30,0
0,30,30,2
7,0,7,0
0,22,22,27
0,2,2,22
50,0,50,0
2,0,2,0
655,0,655,0
28,0,28,0
5,0,5,0
1,0,1,0
3,95,98,13
13,0,13,0
0,4,4,4
63,0,63,0
1,0,1,0
163,0,163,0
25,0,25,0
0,5,5,6
0,2,2,7
0,15,15,0
411,0,411,0
8,0,8,0
0,1,1,61
10,0,10,0
0,89,89,20
90,0,90,0
0,3,3,4
16,0,16,0
0,88,88,10
114,0,114,0
0,4,4,0
0,152,152,3
180,0,180,0
0,184,184,9
17,0,17,0
8,0,8,0
30,0,30,0
0,9,9,26
0,6,6,6
136,0,136,0
0,455,455,27
0,66,66,19
463,0,463,0
4,0,4,0
0,14,14,34
1,0,1,0
0,11,11,4
148,0,148,0
0,5,5,11
38,0,38,0
13,0,13,0
38,0,38,0
4,0,4,0
2,0,2,0
0,77,77,63
0,2,2,0
4,0,4,0
0,144,144,38
0,22,22,10
401,0,401,0
14,0,14,0
10,0,10,0
0,5,5,0
16,0,16,0
16,0,16,0
39,0,39,0
116,0,116,0
2,0,2,0
0,12,12,2
1,0,1,0
0,122,122,31
3,0,3,0
37,0,37,0
25,0,25,0
8,0,8,0
2,0,2,0
39,0,39,0
40,0,40,0
4,0,4,0
0,60,60,174
0,70,70,70
7,0,7,0
3,0,3,0
153,0,153,0
27,0,27,0
1,0,1,0
45,0,45,0
0,15,15,40
8,0,8,0
27,0,27,0
1,0,1,0
20,0,20,0
16,0,16,0
0,111,111,777
6,0,6,0
64,0,64,0
0,177,177,2
12,0,12,0
47,0,47,0
45,0,45,0
28,0,28,0
0,382,382,276
37,0,37,0
0,240,240,54
77,0,77,0
0,238,238,33
1,0,1,0
0,41,41,12
81,0,81,0
6,0,6,10
82,0,82,0
4,0,4,0
0,9,9,4
0,55,55,0
1,158,159,12
156,0,156,0
183,0,183,0
0,46,46,0
0,158,158,0
0,334,334,67
0,20,20,5
0,57,57,9
2,0,2,0
0,470,470,2
519,0,519,0
0,117,117,30
92,0,92,0
0,87,87,92
0,38,38,60
27,0,27,0
20,0,20,0
0,10,10,39
0,68,68,13
1,0,1,0
0,390,390,16
444,0,444,0
69,0,69,0
16,0,16,0
0,318,318,12
313,0,313,0
128,0,128,0
55,0,55,0
3,0,3,0
2,0,2,0
2,0,2,0
3,0,3,68
0,26,26,2
1171,0,1171,0
0,2,2,1
0,127,127,65
41,0,41,0
0,1992,1992,34
10,0,10,0
0,36,36,0
0,9,9,39
10,0,10,0
0,85,85,9
32,0,32,0
0,413,413,28
17,0,17,0
18,0,18,0
0,29,29,9
23,0,23,0
0,422,422,106
166,0,166,0
2,0,2,0
95,0,95,0
18,0,18,0
2,0,2,0
14,0,14,0
0,41,41,17
42,0,42,0
0,20,20,15
7,0,7,0
59,0,59,0
2,0,2,0
0,3,3,2
2,0,2,0
0,37,37,26
13,0,13,0
11,0,11,0
0,2,2,4
2,0,2,0
1,0,1,0
0,232,232,45
40,0,40,0
0,163,163,17
146,0,146,0
3,0,3,0
0,29,29,5
1,0,1,0
3,0,3,0
202,0,202,0
5,0,5,0
5,0,5,0
2,0,2,0
0,48,48,30
16,0,16,0
0,280,280,24
46,0,46,0
0,60,60,8
65,0,65,0
0,1,1,138
6,0,6,0
11,0,11,0
0,44,44,6
57,0,57,0
17,0,17,0
2,0,2,0
30,0,30,0
4,0,4,0
0,22,22,20
40,0,40,0
119,0,119,0
2,0,2,0
192,0,192,0
0,24,24,33
0,10,10,11
7,0,7,0
0,6,6,22
53,0,53,0
38,0,38,0
0,15,15,35
8,0,8,0
3,0,3,0
0,58,58,58
70,0,70,0
0,6,6,28
17,0,17,0
0,125,125,38
139,0,139,0
18,0,18,0
56,0,56,0
3,0,3,0
0,58,58,2
371,0,371,0
0,40,40,14
39,0,39,0
2,0,2,0
0,48,48,15
0,418,418,84
330,0,330,0
19,0,19,0
1,0,1,0
0,54,54,14
34,0,34,0
1,0,1,0
0,13,13,25
1,0,1,0
1,0,1,0
39,0,39,0
0,61,61,42
4,0,4,0
50,0,50,0
5,0,5,0
7,0,7,0
11,0,11,0
211,0,211,0
0,101,101,2
0,12,12,10
0,147,147,48
0,4,4,87
12,0,12,0
3,0,3,0
0,3,3,53
5,0,5,0
0,14,14,7
12,0,12,0
0,70,70,32
0,142,142,354
8,0,8,0
0,67,67,23
8,0,8,0
32,0,32,0
0,85,85,25
30,0,30,0
20,0,20,0
36,0,36,0
0,27,27,9
120,0,120,0
11,0,11,0
0,59,59,17
116,0,116,0
1,0,1,0
0,35,35,2
0,4,4,40
0,68,68,1
119,0,119,0
0,392,392,8
130,0,130,0
7,0,7,0
16,0,16,0
68,0,68,0
72,0,72,0
2,0,2,0
0,11,11,13
1,0,1,0
0,5,5,16
12,0,12,0
35,0,35,0
0,1383,1383,157
14,0,14,0
45,0,45,0
10,0,10,0
0,45,45,34
13,0,13,0
0,257,257,30
174,0,174,0
0,156,156,24
48,0,48,0
2,0,2,0
0,136,136,30
20,0,20,0
0,49,49,36
4,0,4,0
0,21,21,21
23,0,23,0
4,0,4,0
0,1114,1114,27
1203,0,1203,0
58,0,58,0
26,0,26,0
0,966,966,65
71,0,71,0
4,0,4,0
0,73,73,2
18,0,18,0
1,0,1,0
32,0,32,0
0,130,130,68
2,0,2,0
0,12,12,4
0,1,1,4
0,46,46,11
11,0,11,0
0,116,116,2
0,7,7,7
11,0,11,0
0,46,46,23
54,0,54,0
13,0,13,0
23,0,23,0
0,2,2,0
7,0,7,0
1,0,1,0
0,58,58,23
1,0,1,0
8,0,8,0
7,0,7,0
2,0,2,0
98,0,98,0
0,152,152,0
109,0,109,0
4,0,4,0
1,0,1,0
35,0,35,0
10,0,10,0
0,19,19,1
1,0,1,0
0,2,2,0
5,0,5,0
0,6,6,2
24,0,24,0
0,10,10,9
8,0,8,0
2,0,2,0
3,0,3,0
0,66,66,17
29,0,29,0
0,294,294,12
176,0,176,0
0,19,19,19
15,0,15,0
17,0,17,0
0,103,103,20
86,0,86,0
25,0,25,0
30,0,30,0
0,13,13,32
0,9,9,5
263,0,263,0
60,0,60,0
0,8,8,5
283,0,283,0
0,9,9,7
4,0,4,0
2,0,2,0
0,56,56,22
1,0,1,0
4,0,4,0
395,0,395,0
101,0,101,0
4,0,4,0
1,0,1,0
16,0,16,0
495,0,495,0
0,81,81,14
2,0,2,0
44,0,44,0
3,0,3,0
0,6,6,2
0,685,685,36
237,0,237,0
0,227,227,52
220,0,220,0
0,23,23,15
5,0,5,0
23,0,23,0
28,0,28,0
0,74,74,10
330,0,330,0
0,191,191,15
122,0,122,0
37,0,37,0
0,16,16,269
16,0,16,0
71,0,71,0
1,0,1,0
0,19,19,0
2,0,2,0
34,0,34,0
0,221,221,8
301,0,301,0
43,0,43,0
0,2,2,0
56,0,56,0
23,0,23,0
0,27,27,4
0,22,22,12
3,0,3,0
0,72,72,31
1,0,1,0
0,35,35,7
59,0,59,0
0,50,50,43
6,0,6,0
0,360,360,28
66,0,66,0
0,52,52,1
59,0,59,0
3,0,3,0
0,163,163,75
152,0,152,0
0,94,94,34
15,0,15,0
4,0,4,0
0,142,142,83
0,36,36,17
16,0,16,0
0,36,36,17
40,0,40,0
0,36,36,25
2,0,2,0
5,0,5,0
11,0,11,0
1,0,1,0
0,2,2,10
0,33,33,2
15,0,15,0
34,0,34,0
129,0,129,0
4,0,4,0
0,63,63,11
76,0,76,0
0,6,6,1
59,0,59,0
47,0,47,0
0,68,68,1
246,0,246,0
9,0,9,0
108,0,108,0
9,0,9,0
3,0,3,0
0,1,1,6
22,0,22,0
15,0,15,0
0,3,3,16
0,30,30,18
88,0,88,0
5,0,5,0
43,0,43,0
1,0,1,0
3,0,3,0
0,2,2,20
13,0,13,0
0,133,133,12
1,0,1,0
0,116,116,23
54,0,54,0
6,0,6,0
48,0,48,0
1,0,1,0
0,531,531,42
943,0,943,0
0,194,194,65
32,0,32,0
1,0,1,0
5,0,5,0
1,0,1,0
0,187,187,50
152,0,152,0
0,57,57,6
2,0,2,0
32,0,32,0
10,0,10,0
0,31,31,29
0,9,9,6
2,0,2,0
2,0,2,0
0,88,88,5
1,0,1,0
0,787,787,57
33,0,33,0
0,15,15,4
5,0,5,0
3,0,3,0
19,0,19,0
2,0,2,0
1,0,1,0
2,0,2,0
0,413,413,33
282,0,282,0
354,0,354,0
904,0,904,0
19,0,19,0
77,0,77,0
0,684,684,65
1,0,1,0
336,0,336,0
0,9,9,7
10,0,10,0
1,0,1,0
24,0,24,0
4,0,4,0
0,13,13,4
16,0,16,0
7,0,7,0
1,0,1,0
0,117,117,10
96,0,96,0
0,1,1,20
77,0,77,0
0,28,28,30
10,0,10,0
264,0,264,0
0,82,82,9
0,2,2,8
0,6,6,2
8,0,8,0
0,4,4,1
54,0,54,0
25,0,25,0
3,0,3,0
22,0,22,0
3,0,3,0
0,77,77,2
18,0,18,0
61,0,61,0
198,0,198,0
0,2,2,16
5,0,5,0
0,42,42,8
321,0,321,0
0,32,32,9
0,9,9,5
28,0,28,0
6,0,6,0
4,0,4,0
1,0,1,0
0,144,144,140
66,0,66,0
315,0,315,0
68,0,68,0
5,0,5,0
0,90,90,6
14,0,14,0
20,0,20,0
0,170,170,71
147,0,147,0
4,0,4,0
3,0,3,0
0,113,113,34
217,0,217,0
61,0,61,0
0,61,61,9
42,0,42,0
0,481,481,77
482,0,482,0
0,30,30,28
5,0,5,0
4,0,4,0
27,0,27,0
1,0,1,0
0,79,79,37
18,0,18,0
0,183,183,155
40,0,40,0
119,0,119,0
0,159,159,35
54,0,54,0
3,0,3,0
1,0,1,0
3,0,3,0
1,0,1,0
0,60,60,94
61,0,61,0
178,0,178,0
0,4,4,0
2,0,2,0
6,0,6,0
3,0,3,0
0,100,100,4
8,0,8,0
0,29,29,63
18,0,18,0
66,0,66,0
274,0,274,0
30,0,30,0
8,0,8,0
9,0,9,0
0,351,351,4
1,0,1,0
10,0,10,0
0,131,131,22
75,0,75,0
3,0,3,0
3,0,3,0
97,0,97,0
1,0,1,0
4,0,4,0
25,0,25,0
0,54,54,18
2,0,2,0
123,0,123,0
0,70,70,15
93,0,93,0
48,0,48,0
10,0,10,0
0,29,29,22
9,0,9,0
0,97,97,2
98,0,98,0
0,866,866,90
321,0,321,0
21,0,21,0
22,0,22,0
0,50,50,1
44,0,44,0
18,0,18,0
225,0,225,0
2,0,2,0
32,0,32,0
0,6,6,5
5,0,5,0
115,0,115,0
5,0,5,0
0,11,11,15
1,0,1,0
0,18,18,1
2,0,2,0
10,0,10,0
0,40,40,4
43,0,43,0
2,0,2,0
1926,0,1926,0
14,0,14,0
1,0,1,0
0,23,23,30
10,0,10,0
5,0,5,0
0,31,31,7
30,0,30,0
8,0,8,0
494,0,494,0
0,171,171,21
145,0,145,0
46,0,46,0
64,0,64,0
0,514,514,12
460,0,460,0
0,100,100,28
1,0,1,0
0,584,584,125
124,0,124,0
105,0,105,0
191,0,191,0
0,10,10,35
14,0,14,0
0,7,7,21
7,0,7,0
30,0,30,0
36,0,36,0
40,0,40,0
300,0,300,0
6,0,6,0
21,0,21,0
2,0,2,0
0,24,24,4
20,0,20,0
3,0,3,0
0,257,257,66
86,0,86,0
0,5,5,97
44,0,44,0
3,0,3,0
27,0,27,0
2,0,2,0
15,0,15,0
29,0,29,0
4,0,4,0
5,0,5,0
0,163,163,81
281,0,281,0
7,0,7,0
0,45,45,28
0,101,101,0
9,0,9,0
2,0,2,0
80,0,80,0
3,0,3,0
7,0,7,0
0,68,68,32
11,0,11,0
38,0,38,0
0,8,8,4
6,0,6,0
9,0,9,0
63,0,63,0
211,0,211,0
2,150,152,35
0,36,36,26
44,0,44,0
1,0,1,0
20,0,20,0
3,0,3,0
151,0,151,0
0,256,256,224
10,0,10,0
31,0,31,0
1,0,1,0
9,0,9,0
0,19,19,19
0,328,328,15
384,0,384,0
0,4,4,81
1,0,1,0
5,0,5,0
10,0,10,0
63,0,63,0
58,0,58,0
0,61,61,13
77,0,77,0
120,0,120,0
1,0,1,0
0,19,19,25
15,0,15,0
0,15,15,18
17,0,17,0
0,55,55,2
57,0,57,0
0,25,25,2
0,121,121,151
0,118,118,10
0,222,222,108
17,0,17,0
20,0,20,0
0,316,316,49
336,0,336,0
0,2,2,4
47,0,47,0
0,9,9,5
176,0,176,0
0,1,1,4
0,252,252,25
0,76,76,6
0,3,3,12
2,0,2,0
0,1081,1081,64
1284,0,1284,0
18,0,18,0
15,0,15,0
0,89,89,17
3,0,3,0
61,0,61,0
0,33,33,1
18,0,18,0
37,0,37,0
0,76,76,7
5,0,5,0
2,0,2,0
0,24,24,17
5,0,5,0
0,220,220,2
215,0,215,0
0,3,3,1
0,271,271,6
3,0,3,0
0,69,69,62
5,0,5,0
82,0,82,0
0,29,29,17
15,0,15,0
0,110,110,72
3,0,3,0
78,0,78,0
1,0,1,0
0,54,54,1
323,0,323,0
17,0,17,0
6,0,6,0
0,3,3,4
17,0,17,0
22,0,22,0
863,0,863,0
199,0,199,0
0,215,215,2
3,0,3,0
3,0,3,0
2,0,2,0
0,504,504,78
181,0,181,0
9,0,9,0
9,0,9,0
0,44,44,108
65,0,65,0
1,0,1,0
0,103,103,49
4,0,4,0
0,38,38,1
0,7,7,27
23,0,23,0
316,0,316,0
6,0,6,0
8,0,8,0
0,154,154,52
27,0,27,0
0,108,108,24
20,0,20,0
38,0,38,0
5,0,5,0
1,0,1,0
106,0,106,0
2,0,2,0
0,4,4,10
168,0,168,0
1,0,1,0
0,11,11,11
2,0,2,0
2,0,2,0
8,0,8,0
0,3,3,37
0,30,30,8
20,0,20,0
19,0,19,0
0,79,79,32
0,992,992,15
1122,0,1122,0
98,0,98,0
35,0,35,0
0,29,29,1
1,0,1,0
2,0,2,0
0,34,34,0
1,0,1,0
402,0,402,0
2,0,2,0
1,0,1,0
0,8,8,46
16,0,16,0
0,44,44,21
27,0,27,0
0,3,3,33
253,0,253,0
4,0,4,0
2,0,2,0
0,10,10,2
6,0,6,0
0,13,13,78
9,0,9,0
6,0,6,0
27,0,27,0
13,0,13,0
4,0,4,0
8,0,8,0
10,0,10,0
37,0,37,0
35,0,35,0
0,86,86,6
5,0,5,0
9,0,9,0
4,0,4,0
74,0,74,0
0,2,2,46
0,20,20,9
0,533,533,12
318,0,318,0
137,0,137,0
0,356,356,23
4,0,4,0
54,0,54,0
13,0,13,0
0,177,177,34
0,8,8,4
9,0,9,0
4,0,4,0
1,0,1,0
16,0,16,0
0,71,71,44
94,0,94,0
4,0,4,0
2,0,2,0
0,12,12,17
5,0,5,0
0,468,468,25
0,13,13,1
2,0,2,0
431,0,431,0
247,0,247,0
0,7,7,5
0,27,27,23
1,0,1,0
1,0,1,0
21,0,21,0
324,0,324,0
14,0,14,0
0,31,31,13
2,0,2,0
17,0,17,0
2,0,2,0
18,0,18,0
0,10,10,35
9,0,9,0
0,2,2,32
4,0,4,0
120,0,120,0
11,0,11,0
34,0,34,0
18,0,18,0
0,311,311,28
14,0,14,0
32,0,32,0
473,0,473,0
0,41,41,50
81,0,81,0
33,0,33,0
142,0,142,0
0,29,29,57
3,0,3,0
50,0,50,0
0,32,32,2
35,0,35,0
0,36,36,1
1239,0,1239,0
13,0,13,0
23,0,23,0
5,0,5,0
2,0,2,0
6,0,6,0
557,0,557,0
1,0,1,0
47,0,47,0
17,0,17,0
8,0,8,0
0,2,2,3
44,0,44,0
8,0,8,0
9,0,9,0
12,0,12,0
0,89,89,18
91,0,91,0
0,3,3,9
0,8,8,23
0,1,1,24
0,3,3,4
0,17,17,198
0,9,9,2
86,0,86,0
0,536,536,88
5,0,5,0
22,0,22,0
1,0,1,0
3,0,3,0
0,235,235,14
234,0,234,0
5,0,5,0
30,0,30,0
0,2,2,29
0,32,32,42
66,0,66,0
2,0,2,0
3,0,3,0
0,76,76,110
443,0,443,0
9,0,9,0
0,1,1,5
18,0,18,0
0,2,2,6
0,148,148,7
52,0,52,0
26,0,26,0
0,5,5,0
77,0,77,0
3,0,3,0
266,0,266,0
3,0,3,0
0,1,1,0
80,0,80,0
9,0,9,0
3,0,3,0
89,0,89,0
0,27,27,90
15,0,15,0
5,0,5,0
14,0,14,0
0,4,4,5
55,0,55,0
0,692,692,21
3,0,3,0
0,55,55,2
8,0,8,0
4,0,4,0
1,0,1,0
2,0,2,0
0,79,79,6
0,76,76,13
797,0,797,0
0,351,351,10
4,211,215,34
98,0,98,0
0,5,5,20
10,0,10,0
27,0,27,0
0,3,3,0
5,0,5,0
7,0,7,0
10,0,10,0
115,0,115,0
9,0,9,0
126,0,126,0
0,22,22,19
103,0,103,0
0,19,19,11
12,0,12,0
5,0,5,0
1,0,1,0
10,0,10,0
88,0,88,0
128,0,128,0
0,57,57,8
10,0,10,0
1,0,1,0
0,11,11,8
6,0,6,0
0,1,1,87
0,137,137,29
1,0,1,0
0,6,6,1
17,0,17,0
0,21,21,0
157,0,157,0
21,0,21,0
28,0,28,0
0,13,13,5
1,0,1,0
35,0,35,0
4,0,4,0
0,6,6,9
98,0,98,0
15,0,15,0
0,1,1,2
9,0,9,0
0,9,9,14
0,65,65,6
39,0,39,0
0,11,11,2
51,0,51,0
13,0,13,0
0,344,344,69
16,0,16,0
0,197,197,6
1,0,1,0
3,0,3,0
15,0,15,0
1,0,1,0
0,227,227,31
55,0,55,0
128,0,128,0
0,48,48,36
8,0,8,0
46,0,46,0
69,0,69,0
0,1,1,51
4,0,4,0
0,116,116,45
93,0,93,0
32,0,32,0
0,140,140,11
0,24,24,4
38,0,38,0
0,2,2,37
11,0,11,0
0,12,12,10
0,44,44,22
2,0,2,0
16,0,16,0
0,38,38,1
38,0,38,0
0,69,69,6
0,178,178,23
46,0,46,0
70,0,70,0
0,37,37,5
6,0,6,0
0,147,147,2
94,0,94,0
7,0,7,0
3,0,3,0
53,0,53,0
1,0,1,0
0,20,20,8
0,45,45,0
2,0,2,0
45,0,45,0
0,12,12,14
5,0,5,0
10,0,10,0
0,1244,1244,80
0,21,21,4
3,0,3,0
93,0,93,0
0,20,20,58
14,0,14,0
12,0,12,0
5,0,5,0
0,12,12,6
0,71,71,1
0,2,2,47
0,17,17,12
0,1,1,2
12,0,12,0
1,0,1,0
114,0,114,0
0,614,614,61
2,0,2,0
0,5,5,1
0,2,2,9
35,0,35,0
73,0,73,0
38,0,38,0
0,35,35,1
74,0,74,0
3,0,3,0
0,7,7,5
0,124,124,76
33,0,33,0
8,0,8,0
0,11,11,39
12,0,12,0
40,0,40,0
0,6,6,30
1,0,1,0
0,32,32,0
2,0,2,0
15,0,15,0
1,0,1,0
0,21,21,57
49,0,49,0
0,21,21,26
112,0,112,0
4,0,4,0
0,33,33,26
44,0,44,0
0,30,30,4
9,0,9,0
1,0,1,0
17,0,17,0
12,0,12,0
5,0,5,0
6,0,6,0
38,0,38,0
2,0,2,0
1,0,1,0
2,0,2,0
80,0,80,0
108,0,108,0
0,566,566,49
437,0,437,0
0,355,355,62
299,0,299,0
1,0,1,0
2,0,2,0
0,7,7,0
2,0,2,0
0,2,2,1
0,17,17,0
24,0,24,0
0,49,49,6
4,0,4,0
0,24,24,12
235,0,235,0
2,0,2,0
0,21,21,3
104,0,104,0
0,159,159,21
0,99,99,0
10,0,10,0
0,59,59,79
163,0,163,0
7,0,7,0
1,0,1,0
36,0,36,0
1,0,1,0
0,35,35,12
6,0,6,0
45,0,45,0
0,78,78,34
51,0,51,0
11,0,11,0
50,0,50,0
7,0,7,0
9,0,9,0
0,2,2,8
2,0,2,0
20,0,20,0
0,408,408,72
0,50,50,7
0,75,75,199
56,0,56,0
19,0,19,0
188,0,188,0
10,0,10,0
0,30,30,33
74,0,74,0
0,77,77,11
2,0,2,0
29,0,29,0
0,13,13,15
0,174,174,18
0,57,57,42
7,93,100,44
26,0,26,0
0,56,56,5
42,0,42,0
3,0,3,0
11,0,11,0
88,0,88,0
0,20,20,5
9,0,9,0
2,0,2,0
0,43,43,3
7,0,7,0
0,10,10,11
5,0,5,0
0,21,21,9
10,0,10,0
8,0,8,0
0,35,35,77
3,0,3,0
0,8,8,10
15,0,15,0
19,0,19,0
0,272,272,2
333,0,333,0
2,0,2,0
0,615,615,22
11,0,11,0
8,0,8,0
236,0,236,0
0,9,9,50
1,0,1,0
2,0,2,0
6,0,6,0
187,0,187,0
0,168,168,23
7,0,7,0
7,0,7,0
3,0,3,0
21,0,21,0
0,2,2,0
5,0,5,0
0,32,32,25
8,0,8,0
0,87,87,3
130,0,130,0
59,0,59,0
0,81,81,26
7,0,7,0
8,0,8,0
1,0,1,0
0,42,42,56
5,0,5,0
64,0,64,0
0,66,66,29
69,0,69,0
7,0,7,0
0,22,22,90
7,0,7,0
1,0,1,0
2,0,2,0
0,42,42,8
21,0,21,0
0,6,6,10
2,0,2,0
1,0,1,0
0,60,60,18
56,0,56,0
0,5,5,1
7,0,7,0
0,103,103,12
3,0,3,0
0,184,184,39
140,0,140,0
17,0,17,0
20,0,20,0
0,209,209,14
0,9,9,3
1,0,1,0
0,160,160,23
75,0,75,0
5,0,5,0
0,75,75,67
5,0,5,0
104,0,104,0
1,0,1,0
0,22,22,24
1,0,1,0
5,0,5,0
2,0,2,0
32,0,32,0
4,0,4,0
7,0,7,0
2,0,2,0
81,0,81,0
1,0,1,0
8,0,8,0
16,0,16,0
29,0,29,0
0,407,407,34
9,0,9,0
0,72,72,17
12,0,12,0
0,384,384,30
1,0,1,0
0,103,103,9
127,0,127,0
0,4,4,2
3,0,3,0
32,0,32,0
251,0,251,0
9,0,9,0
0,172,172,3
11,0,11,0
0,29,29,20
13,0,13,0
6,0,6,0
0,3,3,11
0,69,69,0
27,0,27,0
0,1,1,3
0,13,13,10
2,0,2,0
1,0,1,0
7,0,7,0
0,1,1,13
90,0,90,0
4,0,4,0
0,37,37,0
52,0,52,0
0,109,109,53
130,0,130,0
123,0,123,0
46,0,46,0
0,52,52,6
6,0,6,0
0,25,25,43
3,0,3,0
0,174,174,26
1,0,1,0
4,0,4,0
2,0,2,0
2,0,2,0
1,0,1,0
0,172,172,1
0,210,210,25
64,0,64,0
1,0,1,0
99,0,99,0
0,4,4,52
2,0,2,0
0,14,14,4
697,0,697,0
0,43,43,20
0,75,75,8
2,0,2,0
2,0,2,0
0,14,14,3
1,0,1,0
17,0,17,0
0,14,14,37
3,0,3,0
23,0,23,0
0,66,66,88
188,0,188,0
17,0,17,0
8,0,8,0
11,0,11,0
12,0,12,0
137,0,137,0
0,28,28,63
1,0,1,0
0,35,35,44
38,0,38,0
3,0,3,0
10,0,10,0
0,5,5,13
4,0,4,0
6,0,6,0
0,75,75,50
0,4,4,7
94,0,94,0
0,30,30,1
14,0,14,0
0,12,12,18
1,0,1,0
0,9,9,3
13,0,13,0
71,0,71,0
12,0,12,0
13,0,13,0
574,0,574,0
0,43,43,23
0,617,617,4
105,0,105,0
81,0,81,0
6,0,6,0
0,119,119,28
8,0,8,0
0,21,21,6
2,0,2,0
0,62,62,74
36,0,36,0
0,2,2,2
4,0,4,0
1,0,1,0
11,0,11,0
0,41,41,46
0,175,175,6
106,0,106,0
0,473,473,7
435,0,435,0
501,0,501,0
2,0,2,0
4,0,4,0
487,0,487,0
134,0,134,0
0,119,119,4
5,0,5,0
19,0,19,0
0,40,40,26
19,0,19,0
0,14,14,9
7,0,7,0
5,0,5,0
1,0,1,0
112,0,112,0
0,13,13,9
0,15,15,52
2,0,2,0
14,0,14,0
2,0,2,0
0,13,13,12
38,0,38,0
12,0,12,0
84,0,84,0
425,0,425,0
52,0,52,0
12,0,12,0
0,1,1,3
0,107,107,17
2,0,2,0
3,0,3,0
0,285,285,18
241,0,241,0
0,1,1,37
42,0,42,0
0,199,199,61
194,0,194,0
0,2,2,2
8,0,8,0
3,0,3,0
0,12,12,3
382,0,382,0
2,0,2,0
71,0,71,0
589,0,589,0
0,46,46,2
5,0,5,0
0,27,27,19
0,111,111,30
133,0,133,0
0,26,26,4
12,0,12,0
0,4,4,0
10,0,10,0
1315,0,1315,0
0,9,9,6
198,0,198,0
4,0,4,0
0,51,51,14
0,13,13,0
171,0,171,0
0,15,15,75
8,0,8,0
0,22,22,9
14,0,14,0
75,0,75,0
0,2,2,10
3,0,3,0
20,0,20,0
7,0,7,0
33,0,33,0
0,74,74,80
1,0,1,0
156,0,156,0
0,2,2,0
143,0,143,0
3,0,3,0
0,15,15,32
1,0,1,0
0,11,11,18
67,0,67,0
0,55,55,53
0,10,10,1
1,0,1,0
130,0,130,0
431,0,431,0
0,36,36,12
2,0,2,0
0,5,5,4
11,0,11,0
13,0,13,0
2,0,2,0
1,0,1,0
157,0,157,0
2,0,2,0
0,107,107,2
108,0,108,0
20,0,20,0
162,0,162,0
4,0,4,0
6,0,6,0
23,0,23,0
281,0,281,0
211,0,211,0
2,0,2,0
0,565,565,29
428,0,428,0
0,141,141,167
48,0,48,0
1,0,1,0
0,37,37,3
60,0,60,0
3,0,3,0
4,0,4,0
2,0,2,0
13,0,13,0
4,0,4,0
2,0,2,0
24,0,24,0
0,27,27,148
13,0,13,0
0,121,121,29
46,0,46,0
1,0,1,0
4,0,4,0
1,0,1,0
0,38,38,10
0,120,120,35
7,0,7,0
1,0,1,0
0,29,29,35
136,0,136,0
11,0,11,0
0,13,13,10
173,0,173,0
0,20,20,6
95,0,95,0
0,6,6,0
0,65,65,22
4,0,4,0
44,0,44,0
0,19,19,9
0,20,20,9
4,0,4,0
14,0,14,0
7,0,7,0
38,0,38,0
0,41,41,8
4,0,4,0
0,49,49,20
52,0,52,0
0,211,211,11
1,0,1,0
2,0,2,0
122,0,122,0
0,5,5,8
28,0,28,0
0,68,68,62
11,0,11,0
11,0,11,0
5,0,5,0
16,0,16,0
0,203,203,46
4,0,4,0
0,1,1,0
10,0,10,0
0,24,24,18
8,0,8,0
2,0,2,0
75,0,75,0
5,0,5,0
0,73,73,6
210,0,210,0
1,0,1,0
0,7,7,1
17,0,17,0
2,0,2,0
0,103,103,22
0,13,13,21
0,5,5,14
0,12,12,0
3,0,3,0
0,47,47,19
22,0,22,0
0,39,39,0
4,0,4,0
0,203,203,11
2,0,2,0
1,0,1,0
67,0,67,0
56,0,56,0
3,0,3,0
5,0,5,0
0,87,87,226
86,0,86,0
3,0,3,0
0,88,88,6
71,0,71,0
41,0,41,0
9,0,9,0
0,6,6,13
2,0,2,0
1,0,1,0
0,40,40,6
0,80,80,2
53,0,53,0
0,460,460,34
4,0,4,0
1,0,1,0
30,0,30,0
0,21,21,25
26,0,26,0
0,26,26,47
10,0,10,0
0,119,119,40
267,0,267,0
0,1,1,6
13,0,13,0
5,0,5,0
0,164,164,107
75,0,75,0
0,571,571,57
207,0,207,0
0,19,19,4
111,0,111,0
0,6,6,4
50,0,50,0
0,3,3,14
3,0,3,0
0,48,48,5
3,0,3,0
21,0,21,0
4,0,4,0
0,81,81,31
332,0,332,0
10,0,10,0
125,0,125,0
0,60,60,6
1,0,1,0
0,16,16,39
1,0,1,0
184,0,184,0
46,0,46,0
6,0,6,0
37,0,37,0
0,312,312,21
297,0,297,0
326,0,326,0
160,0,160,0
0,87,87,57
1,0,1,0
0,84,84,31
331,0,331,0
0,163,163,9
62,0,62,0
0,4,4,13
0,45,45,41
66,0,66,0
1,0,1,0
0,24,24,10
130,0,130,0
142,0,142,0
14,0,14,0
3,0,3,0
0,166,166,54
0,1,1,4
0,80,80,76
12,0,12,0
6,0,6,0
4,0,4,0
0,41,41,8
26,0,26,0
0,2,2,17
31,0,31,0
29,0,29,0
24,0,24,0
0,1191,1191,40
0,13,13,26
9,0,9,0
0,7,7,11
206,0,206,0
5,0,5,0
2,0,2,0
6,0,6,0
338,0,338,0
13,0,13,0
5,0,5,0
0,134,134,5
4,0,4,0
6,0,6,0
3,0,3,0
0,31,31,1
0,48,48,38
5,0,5,0
2,0,2,0
6,0,6,0
3,0,3,0
1,0,1,0
0,125,125,10
32,0,32,0
0,4,4,25
11,0,11,0
0,118,118,61
127,0,127,0
0,4,4,1
17,0,17,0
136,0,136,0
0,793,793,43
523,0,523,0
0,4,4,8
4,0,4,0
0,21,21,110
21,0,21,0
2,0,2,0
20,0,20,0
0,141,141,26
7,0,7,0
0,26,26,23
0,238,238,15
13,0,13,0
2,0,2,0
0,235,235,12
28,0,28,0
0,9,9,15
18,0,18,0
0,31,31,2
224,0,224,0
11,0,11,0
0,175,175,0
103,0,103,0
20,0,20,0
44,0,44,0
9,0,9,0
0,1,1,0
0,26,26,34
5,0,5,0
1,0,1,0
0,102,102,10
24,0,24,0
0,38,38,0
92,0,92,0
5,0,5,0
97,0,97,0
0,47,47,65
103,0,103,0
19,0,19,0
0,67,67,6
0,76,76,3
0,4,4,4
78,0,78,0
253,0,253,0
26,0,26,0
39,0,39,0
82,0,82,0
0,89,89,19
0,8,8,4
3,0,3,0
6,0,6,0
9,0,9,0
1,0,1,0
16,0,16,0
8,0,8,0
14,0,14,0
0,59,59,43
6,0,6,0
14,0,14,0
0,9,9,2
40,0,40,0
1,0,1,0
5,0,5,0
4,0,4,0
0,189,189,32
178,0,178,0
0,1,1,18
0,54,54,2
43,0,43,0
0,173,173,47
95,0,95,0
0,28,28,1
19,0,19,0
0,233,233,30
122,0,122,0
0,150,150,20
59,0,59,0
0,108,108,7
0,310,310,72
2,0,2,0
40,0,40,0
0,56,56,2
17,0,17,0
9,0,9,0
0,142,142,22
1,0,1,0
0,84,84,78
54,0,54,0
22,0,22,0
2,0,2,0
0,23,23,9
57,0,57,0
73,0,73,0
31,0,31,0
11,0,11,0
2,0,2,0
81,0,81,0
7,0,7,0
3,0,3,0
14,0,14,0
4,0,4,0
0,42,42,0
35,0,35,0
1076,0,1076,0
25,0,25,0
98,0,98,0
0,1,1,0
15,0,15,0
0,68,68,11
318,0,318,0
13,0,13,0
4,0,4,0
0,70,70,5
199,0,199,0
0,268,268,5
10,0,10,0
0,94,94,9
37,0,37,0
0,30,30,5
17,0,17,0
0,290,290,169
0,59,59,17
75,0,75,0
0,6,6,29
0,37,37,6
0,3,3,8
0,73,73,4
21,0,21,0
4,0,4,0
241,0,241,0
0,9,9,12
51,0,51,0
81,0,81,0
0,1,1,2
118,0,118,0
0,119,119,56
2,0,2,0
0,4,4,65
0,87,87,29
1,0,1,0
0,256,256,23
0,8,8,2
128,0,128,0
47,0,47,0
4,0,4,0
0,4,4,1
1,0,1,0
0,1,1,0
71,0,71,0
2,0,2,0
0,22,22,33
0,129,129,62
90,0,90,0
2,0,2,0
101,0,101,0
12,0,12,0
0,6,6,1
0,9,9,11
24,0,24,0
53,0,53,0
103,0,103,0
119,0,119,0
0,230,230,39
0,163,163,18
65,0,65,0
0,359,359,128
0,727,727,51
3,0,3,0
13,0,13,0
0,361,361,0
390,0,390,0
684,0,684,0
388,0,388,0
0,173,173,28
174,0,174,0
7,0,7,0
0,62,62,77
55,0,55,0
0,478,478,27
0,29,29,34
58,0,58,0
0,241,241,17
23,0,23,0
1,0,1,0
64,0,64,0
212,0,212,0
0,170,170,2
136,0,136,0
4,0,4,0
0,292,292,8
3,0,3,0
0,10,10,18
34,0,34,0
0,103,103,18
4,0,4,0
0,69,69,26
78,0,78,0
193,0,193,0
0,193,193,4
0,116,116,0
120,0,120,0
11,0,11,0
42,0,42,0
0,44,44,30
7,0,7,0
15,0,15,0
9,0,9,0
0,66,66,7
74,0,74,0
47,0,47,0
0,57,57,1
0,14,14,3
0,2,2,1
0,39,39,9
1,0,1,0
82,0,82,0
1,0,1,0
95,0,95,0
0,2,2,7
1,0,1,0
0,3,3,12
1,0,1,0
0,125,125,21
6,0,6,0
12,0,12,0
0,19,19,19
0,4,4,1
42,0,42,0
0,104,104,81
6,0,6,0
0,1,1,2
0,94,94,16
400,0,400,0
0,36,36,37
0,77,77,40
129,0,129,0
2,0,2,0
4,0,4,0
49,0,49,0
1,0,1,0
47,0,47,0
5,0,5,0
33,0,33,0
0,65,65,4
6,0,6,0
0,10,10,4
2,0,2,0
0,100,100,4
6,0,6,0
0,484,484,272
4,0,4,0
24,0,24,0
50,0,50,0
17,0,17,0
0,77,77,57
13,0,13,0
31,0,31,0
0,168,168,4
6,0,6,0
1,0,1,0
6,0,6,0
6,0,6,0
0,2,2,17
7,0,7,0
0,74,74,15
79,0,79,0
8,0,8,0
17,0,17,0
53,0,53,0
0,79,79,22
5,0,5,0
142,0,142,0
0,4,4,17
2,0,2,0
7,0,7,0
0,27,27,7
5,0,5,0
0,139,139,0
95,0,95,0
0,261,261,30
0,4,4,1
3,0,3,0
91,0,91,0
0,80,80,13
31,0,31,0
0,266,266,39
1,0,1,0
13,0,13,0
0,10,10,9
3,0,3,0
4,0,4,0
2,0,2,0
5,0,5,0
0,183,183,13
280,0,280,0
1,0,1,0
0,3,3,5
0,41,41,1
25,0,25,0
1,0,1,0
5,0,5,0
133,0,133,0
10,0,10,0
269,0,269,0
0,235,235,28
0,929,929,53
1,0,1,0
0,17,17,3
0,106,106,0
4,0,4,0
0,31,31,10
646,0,646,0
188,0,188,0
185,0,185,0
0,134,134,22
4,0,4,0
3,0,3,0
0,33,33,6
1,0,1,0
0,22,22,71
48,0,48,0
3,0,3,0
0,77,77,0
2,0,2,0
0,157,157,68
3,0,3,0
0,1,1,167
0,87,87,22
0,4,4,17
20,0,20,0
128,0,128,0
0,8,8,17
7,0,7,0
26,0,26,0
2,0,2,0
11,0,11,0
0,43,43,25
15,0,15,0
0,3,3,89
21,0,21,0
5,0,5,0
0,314,314,99
0,231,231,44
180,0,180,0
0,562,562,43
560,0,560,0
7,0,7,0
120,0,120,0
203,0,203,0
0,16,16,7
116,0,116,0
0,1,1,42
0,23,23,0
17,0,17,0
1,0,1,0
280,0,280,0
1,0,1,0
379,0,379,0
0,94,94,43
101,0,101,0
206,0,206,0
0,99,99,17
420,0,420,0
0,33,33,1
2,0,2,0
48,0,48,0
10,0,10,0
9,0,9,0
10,0,10,0
0,111,111,54
6,0,6,0
3,0,3,0
0,3,3,10
0,1487,1487,64
1211,0,1211,0
15,0,15,0
0,14,14,3
0,157,157,32
0,29,29,15
7,0,7,0
0,9,9,40
3,0,3,0
1,0,1,0
0,5,5,0
0,145,145,47
115,0,115,0
0,61,61,7
40,0,40,0
1,0,1,0
1,0,1,0
0,34,34,63
12,0,12,0
1,0,1,0
1,0,1,0
0,86,86,9
36,0,36,0
2,0,2,0
0,2,2,21
93,0,93,0
5,0,5,0
0,49,49,145
0,2,2,71
53,0,53,0
38,0,38,0
31,0,31,0
9,0,9,0
2,0,2,0
0,162,162,2
198,0,198,0
0,10,10,17
0,11,11,10
5,0,5,0
0,5,5,8
52,0,52,0
0,76,76,16
51,0,51,0
8,0,8,0
0,204,204,26
1,0,1,0
1,0,1,0
0,159,159,14
29,0,29,0
0,3,3,5
113,0,113,0
135,0,135,0
0,10,10,38
2,0,2,0
0,2,2,4
5,0,5,0
0,94,94,77
109,0,109,0
0,45,45,50
8,0,8,0
1,0,1,0
0,12,12,0
1,0,1,0
51,0,51,0
23,0,23,0
0,151,151,85
96,0,96,0
0,25,25,13
56,0,56,0
2,0,2,0
0,17,17,3
2,0,2,0
57,0,57,0
6,0,6,0
0,3,3,3
0,235,235,2
248,0,248,0
0,99,99,7
77,0,77,0
4,0,4,0
5,0,5,0
29,0,29,0
22,0,22,0
5,0,5,0
0,120,120,22
294,0,294,0
0,592,592,15
33,0,33,0
25,0,25,0
3,0,3,0
1,0,1,0
8,0,8,0
0,971,971,4
17,0,17,0
0,26,26,35
1,0,1,0
0,140,140,6
10,0,10,0
4,0,4,0
0,46,46,9
0,18,18,0
15,0,15,0
2,0,2,0
1,0,1,0
657,0,657,0
0,8,8,8
0,18,18,9
16,0,16,0
30,0,30,0
4,0,4,0
0,5,5,3
6,0,6,0
0,23,23,3
1,0,1,0
1,0,1,0
0,126,126,71
27,0,27,0
11,0,11,0
0,6,6,17
20,0,20,0
29,0,29,0
62,0,62,0
5,0,5,0
0,55,55,18
53,0,53,0
1,0,1,0
15,0,15,0
7,0,7,0
51,0,51,0
0,16,16,23
479,0,479,0
0,33,33,36
0,145,145,0
37,0,37,0
35,0,35,0
0,4,4,13
1,0,1,0
0,121,121,66
21,0,21,0
0,57,57,10
55,0,55,0
39,0,39,0
33,0,33,0
0,2,2,6
6,0,6,0
32,0,32,0
0,3,3,13
1,0,1,0
0,62,62,12
13,0,13,0
7,0,7,0
17,0,17,0
0,55,55,25
235,0,235,0
1,0,1,0
0,74,74,1
167,0,167,0
198,0,198,0
1,0,1,0
3,0,3,0
76,0,76,0
184,0,184,0
17,0,17,0
2,0,2,0
3,0,3,0
106,0,106,0
8,0,8,0
546,0,546,0
6,0,6,0
0,12,12,13
18,0,18,0
0,205,205,55
2,0,2,0
482,0,482,0
0,451,451,127
5,0,5,0
0,8,8,23
1,0,1,0
1179,0,1179,0
142,0,142,0
0,176,176,0
1,0,1,0
17,0,17,0
5,0,5,0
2,0,2,0
0,26,26,4
21,0,21,0
0,42,42,17
8,0,8,0
0,17,17,15
4,0,4,0
6,0,6,0
0,1,1,13
0,21,21,2
0,54,54,11
9,0,9,0
0,4,4,43
0,95,95,35
75,0,75,0
0,120,120,9
34,0,34,0
65,0,65,0
0,475,475,27
19,0,19,0
0,71,71,15
90,0,90,0
0,48,48,77
14,0,14,0
8,0,8,0
5,0,5,0
15,0,15,0
0,43,43,0
60,0,60,0
7,0,7,0
0,6,6,5
91,0,91,0
0,6,6,34
25,0,25,0
4,0,4,0
55,0,55,0
13,0,13,0
0,5,5,11
4,0,4,0
0,133,133,58
76,0,76,0
15,0,15,0
91,0,91,0
5,0,5,0
20,0,20,0
4,0,4,0
1,0,1,0
0,1,1,1
2,0,2,0
1,0,1,0
0,59,59,25
57,0,57,0
0,162,162,158
0,13,13,94
690,0,690,0
1,0,1,0
2,0,2,0
0,134,134,3
38,0,38,0
15,0,15,0
0,1,1,22
209,0,209,0
4,0,4,0
8,0,8,0
17,0,17,0
0,181,181,38
6,0,6,0
18,0,18,0
24,0,24,0
0,24,24,25
26,0,26,0
0,40,40,7
29,0,29,0
7,0,7,0
3,0,3,0
0,108,108,17
2,0,2,0
2,0,2,0
6,0,6,0
0,14,14,12
8,0,8,0
0,275,275,48
5,0,5,0
4,0,4,0
0,97,97,17
0,347,347,21
3,0,3,0
0,2,2,7
54,0,54,0
1,0,1,0
0,46,46,52
7,0,7,0
34,0,34,0
0,112,112,23
111,0,111,0
0,122,122,71
116,0,116,0
106,0,106,0
274,0,274,0
15,0,15,0
0,43,43,5
42,0,42,0
14,0,14,0
0,341,341,94
6,0,6,0
3,0,3,0
0,148,148,33
0,16,16,11
15,0,15,0
59,0,59,0
0,92,92,38
6,0,6,0
0,7,7,7
90,0,90,0
15,0,15,0
31,0,31,0
1,0,1,0
0,240,240,13
21,0,21,0
105,0,105,0
2,0,2,0
9,0,9,0
4,0,4,0
290,0,290,0
6,0,6,0
0,8,8,15
15,0,15,0
0,10,10,10
0,5,5,2
5,0,5,0
56,0,56,0
0,28,28,0
6,0,6,0
28,0,28,0
1,0,1,0
17,0,17,0
12,0,12,0
0,129,129,11
206,0,206,0
0,22,22,46
12,0,12,0
0,31,31,13
26,0,26,0
0,48,48,6
0,28,28,61
2,0,2,0
0,136,136,0
121,0,121,0
0,6,6,7
3,0,3,0
0,9,9,32
3,0,3,0
1,0,1,0
10,0,10,0
1,0,1,0
5,0,5,0
0,31,31,18
3,0,3,0
0,120,120,6
102,0,102,0
0,5,5,0
17,0,17,0
68,0,68,0
359,0,359,0
8,0,8,0
15,0,15,0
273,0,273,0
0,74,74,1
0,162,162,1
13,0,13,0
3,0,3,0
1,0,1,0
27,0,27,0
22,0,22,0
0,44,44,62
15,0,15,0
49,0,49,0
0,23,23,25
7,0,7,0
0,40,40,1
0,4,4,0
144,0,144,0
362,0,362,0
4,0,4,0
19,0,19,0
324,0,324,0
12,0,12,0
2,0,2,0
0,260,260,52
7,0,7,0
14,0,14,0
5,0,5,0
111,0,111,0
226,0,226,0
2,0,2,0
0,730,730,26
666,0,666,0
0,14,14,7
2,0,2,0
0,10,10,11
0,198,198,22
203,0,203,0
0,6,6,6
75,0,75,0
0,64,64,19
1,0,1,0
20,0,20,0
3,0,3,0
0,68,68,4
31,0,31,0
1,0,1,0
0,4,4,19
19,0,19,0
0,79,79,18
22,0,22,0
0,10,10,38
0,5,5,6
4,0,4,0
0,60,60,65
2,0,2,0
0,7,7,17
1,0,1,0
45,0,45,0
9,0,9,0
1,0,1,0
7,0,7,0
0,21,21,55
1,0,1,0
0,1,1,0
44,0,44,0
22,0,22,0
0,75,75,91
0,2,2,6
38,0,38,0
140,0,140,0
8,0,8,0
12,0,12,0
6,0,6,0
1,0,1,0
2,0,2,0
5,0,5,0
0,34,34,30
6,0,6,0
16,0,16,0
0,1,1,0
2,0,2,0
31,0,31,0
0,19,19,27
33,0,33,0
0,2,2,41
0,279,279,9
12,0,12,0
25,0,25,0
4,0,4,0
136,0,136,0
1,0,1,0
0,105,105,99
0,61,61,36
20,0,20,0
12,0,12,0
217,0,217,0
0,722,722,81
728,0,728,0
0,32,32,6
0,56,56,35
0,36,36,0
33,0,33,0
0,182,182,4
22,0,22,0
0,113,113,15
113,0,113,0
1,0,1,0
0,12,12,0
16,0,16,0
0,97,97,19
68,0,68,0
0,198,198,3
3,0,3,0
4,0,4,0
0,5,5,38
0,60,60,33
0,219,219,51
16,0,16,0
34,0,34,0
4,0,4,0
63,0,63,0
73,0,73,0
0,73,73,27
1,0,1,0
0,18,18,1
12,0,12,0
0,6,6,3
18,0,18,0
0,62,62,84
4,0,4,0
0,44,44,4
70,0,70,0
0,43,43,73
83,0,83,0
54,0,54,0
10,0,10,0
0,142,142,104
1,0,1,0
0,49,49,34
5,0,5,0
0,250,250,43
2,0,2,0
21,0,21,0
0,483,483,31
47,0,47,0
7,0,7,0
0,1,1,17
13,0,13,0
0,5,5,36
3,0,3,0
6,0,6,0
58,0,58,0
0,167,167,20
1,0,1,0
171,0,171,0
0,1,1,3
34,0,34,0
0,12,12,28
9,0,9,0
3,0,3,0
0,111,111,37
89,0,89,0
0,64,64,58
2,0,2,0
0,34,34,44
39,0,39,0
5,0,5,0
16,0,16,0
0,110,110,4
4,254,258,22
456,0,456,0
2,0,2,0
15,0,15,0
201,0,201,0
13,0,13,0
12,0,12,0
99,0,99,0
10,0,10,0
8,0,8,0
7,0,7,0
0,849,849,47
869,0,869,0
10,0,10,0
0,8,8,5
0,2,2,0
4,0,4,0
0,218,218,3
181,0,181,0
68,0,68,0
13,0,13,0
0,2,2,82
53,0,53,0
1,0,1,0
3,0,3,0
0,1,1,111
5,0,5,0
29,0,29,0
22,0,22,0
2,0,2,0
10,0,10,0
269,0,269,0
26,0,26,0
57,0,57,0
8,0,8,0
0,14,14,12
18,0,18,0
0,33,33,23
13,0,13,0
0,22,22,40
0,39,39,0
5,0,5,0
8,0,8,0
0,71,71,29
239,0,239,0
0,5,5,5
8,0,8,0
0,23,23,14
5,0,5,0
0,1,1,10
20,0,20,0
0,125,125,2
1,0,1,0
0,5,5,7
10,0,10,0
80,0,80,0
6,0,6,0
5,0,5,0
1,0,1,0
31,0,31,0
28,0,28,0
5,0,5,0
0,109,109,1
1,0,1,0
100,0,100,0
19,0,19,0
25,0,25,0
1,0,1,0
0,5,5,9
2,0,2,0
1,0,1,0
76,0,76,0
6,0,6,0
276,0,276,0
0,1,1,2
11,0,11,0
0,173,173,65
1,0,1,0
0,8,8,20
42,0,42,0
0,85,85,32
27,0,27,0
48,0,48,0
3,0,3,0
0,47,47,34
23,0,23,0
91,0,91,0
36,0,36,0
5,0,5,0
0,446,446,38
0,59,59,13
0,203,203,195
184,0,184,0
1,0,1,0
70,0,70,0
107,0,107,0
3,0,3,0
0,23,23,15
21,0,21,0
0,80,80,37
3,0,3,0
0,17,17,11
126,0,126,0
364,0,364,0
0,32,32,17
35,0,35,0
0,10,10,18
0,6,6,34
0,6,6,37
55,0,55,0
0,52,52,4
54,0,54,0
140,0,140,0
86,0,86,0
0,128,128,47
13,0,13,0
0,418,418,44
0,15,15,37
4,0,4,0
3,0,3,0
3,0,3,0
14,0,14,0
7,0,7,0
0,1,1,67
0,23,23,34
5,0,5,0
7,0,7,0
6,0,6,0
0,55,55,4
33,0,33,0
0,16,16,0
1,0,1,0
1,0,1,0
10,0,10,0
8,0,8,0
16,0,16,0
4,0,4,0
0,185,185,104
0,54,54,108
13,0,13,0
3,0,3,0
0,9,9,5
0,49,49,4
0,6,6,2
190,0,190,0
0,2,2,168
192,0,192,0
92,0,92,0
0,178,178,19
541,0,541,0
1,0,1,0
0,178,178,7
12,0,12,0
7,0,7,0
2342,0,2342,0
0,209,209,15
191,0,191,0
3,0,3,0
0,17,17,12
6,0,6,0
0,10,10,10
5,0,5,0
0,1,1,6
9,0,9,0
48,0,48,0
3,0,3,0
2,0,2,0
41,0,41,0
0,44,44,22
46,0,46,0
0,1,1,36
41,0,41,0
0,195,195,157
6,0,6,0
114,0,114,0
0,167,167,17
144,0,144,0
0,2,2,2
1,0,1,0
19,0,19,0
0,35,35,9
0,337,337,49
0,74,74,6
63,0,63,0
5,0,5,0
0,17,17,18
15,0,15,0
0,49,49,16
13,0,13,0
29,0,29,0
0,28,28,159
0,22,22,91
115,0,115,0
0,13,13,37
54,0,54,0
0,31,31,10
9,0,9,0
1,0,1,0
0,4,4,4
26,0,26,0
4,0,4,0
0,20,20,90
3,0,3,0
3,0,3,0
3,0,3,0
84,0,84,0
12,0,12,0
1,0,1,0
207,0,207,0
0,26,26,103
7,0,7,0
0,1,1,15
7,0,7,0
8,0,8,0
7,0,7,0
20,0,20,0
77,0,77,0
0,14,14,42
1,0,1,0
3,0,3,0
0,1,1,1
23,0,23,0
0,39,39,0
0,8,8,1
2,0,2,0
7,0,7,0
0,35,35,12
2,0,2,0
7,0,7,0
0,10,10,6
0,63,63,6
2,0,2,0
139,0,139,0
0,86,86,35
22,0,22,0
53,0,53,0
0,110,110,34
0,82,82,29
72,0,72,0
168,0,168,0
0,2,2,2
5,0,5,0
1,0,1,0
0,17,17,24
31,0,31,0
10,0,10,0
27,0,27,0
62,0,62,0
16,0,16,0
2,0,2,0
0,30,30,24
32,0,32,0
0,18,18,35
53,0,53,0
4,0,4,0
0,20,20,0
3,0,3,0
0,98,98,0
144,0,144,0
11,0,11,0
12,0,12,0
0,14,14,1
4,0,4,0
0,2,2,30
1,0,1,0
0,214,214,78
195,0,195,0
605,0,605,0
0,63,63,11
0,763,763,41
3,0,3,0
0,28,28,5
9,0,9,0
0,105,105,7
2,0,2,0
3,0,3,0
7,0,7,0
47,0,47,0
0,4,4,26
1,0,1,0
0,41,41,19
5,0,5,0
2,0,2,0
135,0,135,0
4,0,4,0
9,0,9,0
67,0,67,0
0,49,49,3
82,0,82,0
0,177,177,43
180,0,180,0
0,13,13,25
1,0,1,0
0,168,168,1
13,0,13,0
4,0,4,0
0,3,3,1
44,0,44,0
0,1,1,0
29,0,29,0
0,118,118,40
1,0,1,0
0,1,1,35
94,0,94,0
7,0,7,0
0,63,63,28
47,0,47,0
157,0,157,0
0,16,16,56
9,0,9,0
2,0,2,0
0,22,22,12
3,0,3,0
0,2,2,66
2,0,2,0
0,1,1,3
11,0,11,0
19,0,19,0
0,21,21,38
0,5,5,21
2,0,2,0
0,216,216,46
0,2,2,2
96,0,96,0
18,0,18,0
24,0,24,0
2,0,2,0
0,7,7,11
1,0,1,0
1,0,1,0
2,0,2,0
4,0,4,0
0,41,41,0
20,0,20,0
19,0,19,0
0,7,7,0
0,13,13,6
12,0,12,0
0,154,154,45
68,0,68,0
0,33,33,17
87,0,87,0
9,0,9,0
0,167,167,23
5,0,5,0
0,2,2,3
13,0,13,0
0,47,47,22
0,5,5,8
0,20,20,18
2,0,2,0
5,0,5,0
0,236,236,5
48,0,48,0
0,7,7,1
0,320,320,43
0,3,3,8
2,0,2,0
3,0,3,0
8,0,8,0
114,0,114,0
2,0,2,0
21,0,21,0
63,0,63,0
2,0,2,0
3,0,3,0
0,59,59,3
94,0,94,0
0,14,14,4
14,0,14,0
0,65,65,1
55,0,55,0
1,0,1,0
79,0,79,0
17,0,17,0
0,18,18,0
9,0,9,0
98,0,98,0
0,20,20,26
13,0,13,0
49,0,49,0
0,9,9,15
0,58,58,3
1,0,1,0
37,0,37,0
20,0,20,0
0,45,45,11
61,0,61,0
106,0,106,0
4,0,4,0
5,0,5,0
53,0,53,0
32,0,32,0
51,0,51,0
1,0,1,0
10,0,10,0
7,0,7,0
3,0,3,0
0,20,20,4
0,164,164,17
1,0,1,0
0,15,15,14
1,0,1,0
161,0,161,0
2,0,2,0
2,0,2,0
0,2,2,10
0,66,66,27
82,0,82,0
7,0,7,0
32,0,32,0
337,0,337,0
0,6,6,70
1,0,1,0
0,20,20,10
0,220,220,76
0,5,5,334
1,0,1,0
2,0,2,0
2,0,2,0
0,46,46,19
3,0,3,0
248,0,248,0
0,44,44,41
16,0,16,0
0,227,227,28
0,346,346,19
12,0,12,0
18,0,18,0
3,0,3,0
3,0,3,0
0,10,10,4
19,0,19,0
30,0,30,0
0,6,6,2
0,33,33,13
2,0,2,0
0,11,11,0
4,0,4,0
15,0,15,0
4,0,4,0
77,0,77,0
46,0,46,0
2,0,2,0
0,236,236,39
0,46,46,22
57,0,57,0
9,0,9,0
1,0,1,0
16,0,16,0
0,138,138,8
1,0,1,0
0,51,51,52
138,0,138,0
0,17,17,15
2,0,2,0
0,46,46,20
5,0,5,0
0,144,144,35
18,0,18,0
35,0,35,0
5,0,5,0
59,0,59,0
1,0,1,0
0,12,12,12
4,0,4,0
49,0,49,0
1,0,1,0
13,0,13,0
0,85,85,29
171,0,171,0
134,0,134,0
0,228,228,3
148,0,148,0
0,3,3,3
9,0,9,0
2,0,2,0
0,3,3,56
0,289,289,37
1,0,1,0
41,0,41,0
15,0,15,0
33,0,33,0
29,0,29,0
0,11,11,20
0,124,124,13
1,0,1,0
0,127,127,60
14,0,14,0
8,0,8,0
44,0,44,0
0,82,82,13
56,0,56,0
116,0,116,0
0,66,66,28
0,4,4,37
0,75,75,21
11,0,11,0
91,0,91,0
20,0,20,0
142,0,142,0
5,0,5,0
1,0,1,0
52,0,52,0
5,0,5,0
7,0,7,0
16,0,16,0
0,50,50,12
7,0,7,0
0,4,4,29
22,0,22,0
2,0,2,0
0,41,41,39
24,0,24,0
32,0,32,0
0,19,19,61
7,0,7,0
26,0,26,0
0,2,2,35
2,0,2,0
0,176,176,125
79,0,79,0
73,0,73,0
7,0,7,0
0,2,2,0
0,83,83,13
5,0,5,0
47,0,47,0
167,0,167,0
6,0,6,0
1,0,1,0
175,0,175,0
12,0,12,0
0,53,53,41
12,0,12,0
13,0,13,0
0,6,6,1
2,0,2,0
2,0,2,0
24,0,24,0
0,13,13,16
102,0,102,0
9,0,9,0
59,0,59,0
0,3,3,20
6,0,6,0
0,234,234,81
3,0,3,0
6,0,6,0
106,0,106,0
19,0,19,0
0,1,1,5
2,0,2,0
13,0,13,0
0,52,52,3
15,0,15,0
20,0,20,0
33,0,33,0
4,0,4,0
4,0,4,0
0,50,50,3
0,229,229,11
49,0,49,0
3,0,3,0
1,0,1,0
0,30,30,0
3,0,3,0
4,0,4,0
0,19,19,7
0,3,3,10
0,355,355,16
2,0,2,0
0,7,7,6
2,0,2,0
0,1351,1351,139
1,0,1,0
1,0,1,0
23,0,23,0
29,0,29,0
1,0,1,0
84,0,84,0
7,0,7,0
2,0,2,0
0,744,744,13
104,0,104,0
3,0,3,0
0,103,103,5
81,0,81,0
0,334,334,5
195,0,195,0
5,0,5,0
1,0,1,0
0,54,54,18
127,0,127,0
0,58,58,77
19,0,19,0
2,0,2,0
9,0,9,0
16,0,16,0
3,0,3,0
4,0,4,0
46,0,46,0
0,53,53,57
29,0,29,0
0,47,47,1
2,0,2,0
7,0,7,0
2,0,2,0
0,111,111,30
95,0,95,0
13,0,13,0
3,0,3,0
3,0,3,0
0,13,13,55
11,0,11,0
439,0,439,0
6,0,6,0
36,0,36,0
18,0,18,0
0,303,303,14
0,16,16,6
3,0,3,0
521,0,521,0
0,2,2,5
14,0,14,0
0,102,102,59
0,10,10,10
2,0,2,0
67,0,67,0
0,4,4,3
22,0,22,0
84,0,84,0
0,42,42,2
0,299,299,29
0,51,51,47
3,0,3,0
0,66,66,38
10,0,10,0
199,0,199,0
47,0,47,0
25,0,25,0
6,0,6,0
29,0,29,0
7,0,7,0
1,0,1,0
0,23,23,22
39,0,39,0
4,0,4,0
56,0,56,0
0,41,41,80
7,0,7,0
1,0,1,0
25,0,25,0
45,0,45,0
0,2,2,4
28,0,28,0
27,0,27,0
14,0,14,0
3,0,3,0
3,0,3,0
0,6,6,3
64,0,64,0
0,26,26,0
0,13,13,0
17,0,17,0
162,0,162,0
4,0,4,0
34,0,34,0
4,0,4,0
0,97,97,14
87,0,87,0
0,131,131,7
130,0,130,0
0,162,162,41
0,2,2,16
10,0,10,0
2,0,2,0
7,0,7,0
1,0,1,0
18,0,18,0
13,0,13,0
43,0,43,0
6,0,6,0
1,0,1,0
2,0,2,0
3,0,3,0
1,0,1,0
11,0,11,0
0,20,20,21
1,0,1,0
0,2,2,0
109,0,109,0
0,132,132,36
23,0,23,0
0,102,102,11
2,0,2,0
3,0,3,0
19,0,19,0
0,53,53,0
51,0,51,0
1,0,1,0
21,0,21,0
74,0,74,0
0,42,42,43
1,0,1,0
0,23,23,4
52,0,52,0
2,0,2,0
0,158,158,48
15,0,15,0
31,0,31,0
53,0,53,0
23,0,23,0
14,0,14,0
20,0,20,0
0,10,10,22
1,0,1,0
0,1,1,6
5,0,5,0
26,0,26,0
1,0,1,0
1,70,71,32
0,40,40,11
7,0,7,0
2,0,2,0
1,0,1,0
0,16,16,5
89,0,89,0
4,0,4,0
7,0,7,0
52,0,52,0
2,0,2,0
0,97,97,47
4,0,4,0
0,2,2,31
58,0,58,0
0,385,385,96
66,0,66,0
0,105,105,20
102,0,102,0
0,24,24,3
7,0,7,0
0,439,439,148
6,0,6,0
55,0,55,0
2,0,2,0
73,0,73,0
32,0,32,0
0,32,32,45
172,0,172,0
32,0,32,0
15,0,15,0
0,182,182,26
299,0,299,0
0,30,30,34
0,40,40,88
0,39,39,53
0,45,45,3
49,0,49,0
7,0,7,0
15,0,15,0
0,282,282,8
0,6,6,68
2,0,2,0
3,0,3,0
6,0,6,0
0,2,2,5
3,0,3,0
0,12,12,46
8,0,8,0
64,0,64,0
0,199,199,1
6,194,200,33
24,0,24,0
0,11,11,12
9,0,9,0
66,0,66,0
13,0,13,0
0,25,25,11
56,0,56,0
69,0,69,0
0,13,13,43
138,0,138,0
0,448,448,90
114,0,114,0
0,203,203,3
33,0,33,0
11,0,11,0
0,106,106,22
23,0,23,0
0,14,14,20
10,0,10,0
76,0,76,0
0,179,179,45
26,0,26,0
0,15,15,20
27,0,27,0
6,0,6,0
146,0,146,0
0,32,32,24
225,0,225,0
2,0,2,0
0,16,16,0
2,0,2,0
1,0,1,0
1,0,1,0
61,0,61,0
0,9,9,20
1,0,1,0
9,0,9,0
0,267,267,130
0,60,60,13
272,0,272,0
36,0,36,0
3,0,3,0
3,0,3,0
7,0,7,0
6,0,6,0
3,0,3,0
673,0,673,0
0,28,28,19
25,0,25,0
8,0,8,0
0,232,232,4
207,0,207,0
0,6,6,3
0,158,158,3
455,0,455,0
1,0,1,0
0,1,1,31
85,0,85,0
1,0,1,0
0,12,12,2
2,0,2,0
0,11,11,12
256,0,256,0
0,1,1,2
3,0,3,0
0,85,85,0
58,0,58,0
0,41,41,35
28,0,28,0
1,0,1,0
11,0,11,0
0,2,2,23
20,0,20,0
0,15,15,1
8,0,8,0
11,0,11,0
7,0,7,0
22,0,22,0
110,0,110,0
445,0,445,0
10,0,10,0
2,0,2,0
6,0,6,0
2,0,2,0
1,0,1,0
0,236,236,104
58,0,58,0
0,1,1,7
11,0,11,0
1,0,1,0
2,0,2,0
1,0,1,0
12,0,12,0
0,356,356,21
1,0,1,0
0,10,10,53
2,0,2,0
79,0,79,0
0,106,106,39
0,142,142,25
68,0,68,0
6,0,6,0
7,0,7,0
6,0,6,0
4,0,4,0
0,113,113,69
50,0,50,0
85,0,85,0
11,0,11,0
0,127,127,20
76,0,76,0
0,8,8,17
117,0,117,0
69,0,69,0
0,333,333,88
2,0,2,0
117,0,117,0
1,0,1,0
4,0,4,0
0,8,8,107
16,0,16,0
0,38,38,2
93,0,93,0
106,0,106,0
0,6,6,15
26,0,26,0
0,49,49,45
3,0,3,0
5,0,5,0
2,0,2,0
133,0,133,0
1,0,1,0
2,0,2,0
0,42,42,70
0,21,21,1
11,0,11,0
0,171,171,29
6,0,6,0
1,0,1,0
0,61,61,0
74,0,74,0
24,0,24,0
10,0,10,0
0,66,66,26
30,0,30,0
0,64,64,58
1,0,1,0
19,0,19,0
9,0,9,0
20,0,20,0
1,1,2,34
5,0,5,0
0,137,137,32
6,0,6,0
2,0,2,0
1,0,1,0
0,217,217,32
5,0,5,0
0,9,9,5
0,22,22,9
6,0,6,0
0,11,11,4
8,0,8,0
0,1,1,22
99,0,99,0
0,302,302,94
15,0,15,0
0,243,243,115
183,0,183,0
0,148,148,39
144,0,144,0
0,5,5,0
1,0,1,0
10,0,10,0
47,0,47,0
0,20,20,2
17,0,17,0
92,0,92,0
24,0,24,0
0,64,64,1
65,0,65,0
0,200,200,8
59,0,59,0
0,56,56,0
71,0,71,0
29,0,29,0
26,0,26,0
0,104,104,14
0,85,85,19
0,5,5,30
4,0,4,0
509,0,509,0
0,17,17,5
75,0,75,0
8,0,8,0
109,0,109,0
0,10,10,3
0,162,162,39
534,0,534,0
33,0,33,0
0,179,179,37
31,0,31,0
0,8,8,0
23,0,23,0
0,141,141,27
132,0,132,0
0,103,103,16
37,0,37,0
14,0,14,0
0,83,83,5
143,0,143,0
0,5,5,3
39,0,39,0
0,3,3,1
0,739,739,51
453,0,453,0
48,0,48,0
2,0,2,0
0,84,84,153
33,0,33,0
3,0,3,0
750,0,750,0
0,87,87,6
60,0,60,0
0,87,87,17
14,0,14,0
3,0,3,0
10,0,10,0
0,1,1,8
11,0,11,0
76,0,76,0
171,0,171,0
320,0,320,0
8,0,8,0
0,13,13,7
196,0,196,0
2,0,2,0
0,19,19,16
3,0,3,0
0,25,25,12
24,0,24,0
7,0,7,0
25,0,25,0
22,0,22,0
19,0,19,0
6,0,6,0
0,86,86,30
1,0,1,0
19,0,19,0
22,0,22,0
4,0,4,0
4,0,4,0
1,0,1,0
0,29,29,92
954,0,954,0
0,366,366,23
41,0,41,0
0,24,24,30
7,0,7,0
2,0,2,0
0,31,31,33
7,0,7,0
0,471,471,53
816,0,816,0
0,136,136,69
1085,0,1085,0
31,0,31,0
0,3,3,3
0,2,2,30
7,0,7,0
0,2,2,30
10,0,10,0
0,17,17,10
7,0,7,0
0,1,1,30
2,0,2,0
1,0,1,0
0,5,5,28
0,136,136,89
11,0,11,0
0,166,166,70
24,0,24,0
0,31,31,34
172,0,172,0
0,83,83,88
0,36,36,32
41,0,41,0
89,0,89,0
197,0,197,0
22,0,22,0
0,686,686,52
0,24,24,12
1,0,1,0
1,0,1,0
126,0,126,0
5,0,5,0
0,32,32,24
0,102,102,74
271,0,271,0
8,0,8,0
0,3,3,1
1,0,1,0
0,590,590,122
28,0,28,0
0,27,27,40
202,0,202,0
0,4,4,7
0,13,13,7
8,0,8,0
1,0,1,0
0,12,12,15
8,0,8,0
3,0,3,0
20,0,20,0
0,8,8,5
17,0,17,0
0,18,18,26
0,16,16,18
24,0,24,0
0,1,1,5
3,0,3,0
54,0,54,0
0,266,266,19
12,0,12,0
23,0,23,0
0,155,155,43
0,168,168,50
166,0,166,0
0,83,83,25
71,0,71,0
0,9,9,51
0,38,38,2
21,0,21,0
0,47,47,4
6,0,6,0
0,14,14,21
41,0,41,0
0,196,196,141
23,0,23,0
1,0,1,0
0,127,127,93
24,0,24,0
2,0,2,0
0,12,12,1
0,2,2,7
1,0,1,0
0,31,31,42
12,0,12,0
410,0,410,0
0,57,57,1
0,38,38,11
16,0,16,0
0,62,62,120
1,0,1,0
0,67,67,7
22,0,22,0
72,0,72,0
6,0,6,0
172,0,172,0
1,0,1,0
328,0,328,0
1,1359,1360,32
0,70,70,48
22,0,22,0
14,0,14,0
17,0,17,0
1,32,33,3
22,0,22,0
0,24,24,2
142,0,142,0
8,0,8,0
2,0,2,0
0,247,247,32
0,1,1,0
15,0,15,0
95,0,95,0
0,27,27,0
0,174,174,57
0,62,62,6
0,19,19,73
63,0,63,0
0,75,75,8
34,0,34,0
50,0,50,0
1,0,1,0
8,0,8,0
7,0,7,0
20,0,20,0
19,0,19,0
23,0,23,0
168,0,168,0
9,0,9,0
41,0,41,0
0,86,86,6
0,53,53,243
742,0,742,0
5,0,5,0
0,45,45,16
12,0,12,0
169,0,169,0
0,12,12,4
25,0,25,0
107,0,107,0
0,56,56,19
77,0,77,0
10,0,10,0
3,0,3,0
0,30,30,3
0,7,7,1
25,0,25,0
0,1,1,33
0,11,11,7
16,0,16,0
0,25,25,2
2,0,2,0
2,0,2,0
0,105,105,12
0,22,22,32
8,0,8,0
0,199,199,7
1,0,1,0
99,0,99,0
35,0,35,0
6,0,6,0
0,430,430,6
29,0,29,0
0,50,50,45
70,0,70,0
0,42,42,16
2,0,2,0
29,0,29,0
5,0,5,0
40,0,40,0
0,168,168,24
5,0,5,0
4,0,4,0
4,0,4,0
0,22,22,11
11,0,11,0
0,10,10,72
13,0,13,0
0,25,25,8
9,0,9,0
0,178,178,16
2,0,2,0
0,300,300,21
22,0,22,0
4,0,4,0
0,143,143,105
11,0,11,0
0,12,12,1
2,0,2,0
174,0,174,0
85,0,85,0
4,0,4,0
17,0,17,0
114,0,114,0
1,0,1,0
17,0,17,0
0,94,94,22
14,0,14,0
2,0,2,0
5,0,5,0
9,0,9,0
0,154,154,38
12,0,12,0
14,0,14,0
1,0,1,0
0,9,9,14
0,203,203,0
30,0,30,0
0,18,18,41
33,0,33,0
0,184,184,43
3,0,3,0
0,121,121,17
90,0,90,0
15,0,15,0
0,144,144,5
16,0,16,0
0,149,149,45
2,0,2,0
4,0,4,0
6,0,6,0
5,0,5,0
0,47,47,169
21,0,21,0
1,0,1,0
2,0,2,0
0,99,99,1
37,0,37,0
0,14,14,5
3,0,3,0
277,0,277,0
0,111,111,6
76,0,76,0
84,0,84,0
63,0,63,0
5,0,5,0
17,0,17,0
0,167,167,119
0,14,14,16
113,0,113,0
6,0,6,0
0,346,346,76
26,0,26,0
0,2,2,0
6,0,6,0
0,239,239,14
278,0,278,0
0,6,6,0
23,0,23,0
0,44,44,44
13,0,13,0
45,0,45,0
77,0,77,0
0,38,38,56
8,0,8,0
0,5,5,10
7,0,7,0
20,0,20,0
147,0,147,0
0,6,6,10
19,0,19,0
1,0,1,0
0,36,36,8
31,0,31,0
56,0,56,0
22,0,22,0
2,0,2,0
0,13,13,5
15,0,15,0
281,0,281,0
5,0,5,0
14,0,14,0
5,0,5,0
2,0,2,0
0,38,38,45
2,0,2,0
1,0,1,0
0,45,45,23
31,0,31,0
22,0,22,0
0,72,72,4
24,0,24,0
66,0,66,0
1,0,1,0
7,0,7,0
20,0,20,0
3,0,3,0
0,24,24,20
70,0,70,0
2,0,2,0
11,0,11,0
0,150,150,0
202,0,202,0
84,0,84,0
0,37,37,7
42,0,42,0
0,7,7,2
33,0,33,0
7,0,7,0
0,43,43,25
26,0,26,0
52,0,52,0
0,43,43,7
0,432,432,20
378,0,378,0
31,0,31,0
0,3,3,23
0,6,6,89
13,0,13,0
27,0,27,0
0,1,1,82
0,1109,1109,12
0,83,83,8
53,0,53,0
0,19,19,0
1,0,1,0
7,0,7,0
9,0,9,0
2,0,2,0
0,72,72,14
13,0,13,0
3,0,3,0
1,0,1,0
40,0,40,0
0,34,34,4
30,0,30,0
73,0,73,0
0,14,14,11
9,0,9,0
0,8,8,0
1,0,1,0
2,0,2,0
6,0,6,0
2,0,2,0
45,0,45,0
9,0,9,0
92,0,92,0
509,0,509,0
2,0,2,0
1,0,1,0
9,0,9,0
0,313,313,60
11,0,11,0
0,81,81,117
28,0,28,0
0,36,36,15
9,0,9,0
0,3,3,2
4,0,4,0
13,0,13,0
15,0,15,0
0,128,128,8
1,0,1,0
28,0,28,0
28,0,28,0
1,0,1,0
0,1,1,5
26,0,26,0
0,175,175,14
42,0,42,0
29,0,29,0
0,32,32,71
16,0,16,0
0,239,239,1
227,0,227,0
0,5,5,90
4,0,4,0
2,0,2,0
0,106,106,51
9,0,9,0
5,0,5,0
0,28,28,100
9,0,9,0
11,0,11,0
0,115,115,10
9,0,9,0
0,3,3,1
34,0,34,0
19,0,19,0
4,0,4,0
3,0,3,0
0,341,341,33
82,0,82,0
0,11,11,18
17,0,17,0
0,13,13,0
2,0,2,0
0,1,1,2
0,2,2,0
2,0,2,0
2,0,2,0
0,169,169,13
2,0,2,0
0,21,21,0
2,0,2,0
0,40,40,2
22,0,22,0
0,4,4,1
28,0,28,0
4,0,4,0
6,0,6,0
5,0,5,0
2,0,2,0
1,169,170,70
55,0,55,0
0,40,40,8
54,0,54,0
0,47,47,20
1,0,1,0
0,16,16,51
0,723,723,31
8,0,8,0
1,0,1,0
10,0,10,0
0,320,320,70
1,0,1,0
0,9,9,34
11,0,11,0
0,35,35,32
28,0,28,0
0,168,168,23
115,0,115,0
59,0,59,0
0,25,25,23
2011,0,2011,0
0,27,27,148
34,0,34,0
6,0,6,0
0,221,221,20
4,0,4,0
8,0,8,0
6,0,6,0
2,0,2,0
58,0,58,0
0,1,1,2
2,0,2,0
0,11,11,0
0,233,233,14
124,0,124,0
6,0,6,0
0,2,2,0
4,0,4,0
9,0,9,0
24,0,24,0
3,0,3,0
2,0,2,0
74,0,74,0
142,0,142,0
2,0,2,0
27,0,27,0
0,129,129,18
96,0,96,0
1,0,1,0
0,1,1,0
0,221,221,88
6,0,6,0
102,0,102,0
0,96,96,55
16,0,16,0
36,0,36,0
303,0,303,0
0,24,24,41
57,0,57,0
0,3,3,41
0,41,41,0
43,0,43,0
32,0,32,0
9,0,9,0
9,0,9,0
0,1,1,2
15,0,15,0
2,0,2,0
8,0,8,0
0,39,39,1
0,218,218,14
0,31,31,2
1,0,1,0
0,183,183,30
219,0,219,0
6,0,6,0
6,0,6,0
0,54,54,17
18,0,18,0
51,0,51,0
1,0,1,0
1,0,1,0
0,17,17,12
0,190,190,15
97,0,97,0
0,33,33,59
27,0,27,0
2,0,2,0
1,0,1,0
16,0,16,0
12,0,12,0
0,179,179,91
0,2,2,2
0,101,101,40
62,0,62,0
0,15,15,17
0,7,7,2
5,0,5,0
2,0,2,0
7,0,7,0
0,4,4,15
2,0,2,0
25,0,25,0
4,0,4,0
0,1,1,0
0,30,30,65
3,0,3,0
2,0,2,0
0,14,14,39
2,0,2,0
6,0,6,0
4,0,4,0
21,0,21,0
130,0,130,0
0,26,26,10
0,324,324,20
45,0,45,0
5,0,5,0
1,0,1,0
19,0,19,0
0,10,10,0
255,0,255,0
1,0,1,0
57,0,57,0
0,9,9,5
29,0,29,0
0,161,161,28
175,0,175,0
13,0,13,0
70,0,70,0
23,0,23,0
0,16,16,3
0,46,46,3
0,6,6,0
3,0,3,0
0,277,277,5
216,0,216,0
20,0,20,0
2,0,2,0
0,156,156,30
2,0,2,0
198,0,198,0
0,44,44,42
0,36,36,0
35,0,35,0
0,4,4,14
2,0,2,0
0,113,113,1
74,0,74,0
0,1,1,34
14,0,14,0
0,156,156,12
216,0,216,0
103,0,103,0
0,374,374,36
0,5,5,23
2,0,2,0
7,0,7,0
0,70,70,20
25,0,25,0
11,0,11,0
0,3,3,2
6,0,6,0
23,0,23,0
4,0,4,0
8,0,8,0
0,8,8,5
30,0,30,0
0,18,18,51
0,10,10,0
1,0,1,0
0,1,1,0
0,299,299,12
302,0,302,0
0,68,68,0
56,0,56,0
0,10,10,16
0,7,7,2
0,120,120,15
0,2,2,0
26,0,26,0
5,0,5,0
18,0,18,0
7,0,7,0
2,0,2,0
3,0,3,0
93,0,93,0
2,0,2,0
42,0,42,0
441,0,441,0
0,76,76,31
59,0,59,0
0,6,6,3
1,0,1,0
3,0,3,0
0,1,1,22
14,0,14,0
0,8,8,20
7,0,7,0
0,17,17,1
0,81,81,22
22,0,22,0
38,0,38,0
53,0,53,0
0,47,47,1
26,0,26,0
1,0,1,0
0,5,5,15
25,0,25,0
0,1,1,10
0,120,120,11
47,0,47,0
0,16,16,10
0,4,4,6
6,0,6,0
0,28,28,10
6,0,6,0
0,25,25,19
18,0,18,0
0,3,3,14
1,0,1,0
0,6,6,58
6,0,6,0
9,0,9,0
50,0,50,0
20,0,20,0
5,0,5,0
77,0,77,0
6,0,6,0
8,0,8,0
1,0,1,0
6,0,6,0
2,0,2,0
0,65,65,64
37,0,37,0
55,0,55,0
10,0,10,0
0,15,15,4
0,338,338,57
363,0,363,0
28,0,28,0
0,345,345,11
1,0,1,0
10,0,10,0
5,0,5,0
53,0,53,0
16,0,16,0
11,0,11,0
0,4,4,27
55,0,55,0
349,0,349,0
3,0,3,0
10,0,10,0
38,0,38,0
5,0,5,0
286,0,286,0
0,89,89,5
1,0,1,0
0,21,21,61
69,0,69,0
0,9,9,1
62,0,62,0
1,0,1,0
2,0,2,0
1,0,1,0
6,0,6,0
63,0,63,0
2,0,2,0
0,8,8,49
0,383,383,13
136,0,136,0
1,0,1,0
0,35,35,6
7,0,7,0
0,193,193,37
1,0,1,0
2,0,2,0
14,0,14,0
0,105,105,26
92,0,92,0
18,0,18,0
0,33,33,28
18,0,18,0
0,44,44,12
195,0,195,0
0,172,172,83
1,0,1,0
1,0,1,0
19,0,19,0
0,5,5,20
1,0,1,0
236,0,236,0
0,261,261,14
25,0,25,0
0,247,247,68
12,0,12,0
127,0,127,0
490,0,490,0
0,3,3,0
1,0,1,0
0,101,101,13
2,0,2,0
0,447,447,12
4,0,4,0
45,0,45,0
1,0,1,0
1,0,1,0
0,1614,1614,71
305,0,305,0
47,0,47,0
0,540,540,346
50,0,50,0
5,0,5,0
30,0,30,0
0,22,22,12
1,0,1,0
0,36,36,15
91,0,91,0
6,0,6,0
0,85,85,54
6,0,6,0
0,12,12,21
36,0,36,0
0,23,23,13
31,0,31,0
0,36,36,9
0,56,56,6
114,0,114,0
0,33,33,65
90,0,90,0
0,102,102,10
26,0,26,0
13,0,13,0
0,73,73,8
29,0,29,0
70,0,70,0
456,0,456,0
23,0,23,0
3,0,3,0
0,130,130,13
35,0,35,0
3,0,3,0
0,15,15,14
2,0,2,0
59,0,59,0
3,0,3,0
0,1,1,73
181,0,181,0
90,0,90,0
0,3,3,38
5,0,5,0
0,442,442,19
4,0,4,0
7,0,7,0
6,0,6,0
0,1,1,28
85,0,85,0
0,133,133,78
19,0,19,0
0,1,1,3
83,0,83,0
1,0,1,0
0,4,4,20
0,1,1,7
5,0,5,0
5,0,5,0
0,3,3,4
1,0,1,0
0,28,28,0
18,0,18,0
1,0,1,0
2,0,2,0
0,25,25,10
1,0,1,0
0,29,29,4
23,0,23,0
6,0,6,0
0,115,115,14
0,1,1,7
36,0,36,0
0,81,81,0
4,0,4,0
11,0,11,0
9,0,9,0
2,0,2,0
723,0,723,0
232,0,232,0
7,0,7,0
6,0,6,0
181,0,181,0
0,1,1,27
0,372,372,26
3,0,3,0
145,0,145,0
0,363,363,20
16,0,16,0
0,32,32,16
39,0,39,0
5,0,5,0
16,0,16,0
0,12,12,1
13,0,13,0
1,0,1,0
15,0,15,0
0,16,16,25
11,0,11,0
0,2,2,5
3,0,3,0
8,0,8,0
17,0,17,0
7,0,7,0
9,0,9,0
0,108,108,13
78,0,78,0
3,0,3,0
4,0,4,0
11,0,11,0
1,0,1,0
5,0,5,0
107,0,107,0
0,23,23,25
20,0,20,0
2,0,2,0
28,0,28,0
0,17,17,8
28,0,28,0
82,0,82,0
21,0,21,0
17,0,17,0
5,0,5,0
1,0,1,0
2,0,2,0
15,0,15,0
0,5,5,3
3,0,3,0
0,29,29,3
0,107,107,19
0,6,6,18
0,6,6,13
0,222,222,30
3,0,3,0
6,0,6,0
27,0,27,0
0,13,13,12
3,0,3,0
6,0,6,0
0,4,4,14
5,0,5,0
0,17,17,5
8,0,8,0
61,0,61,0
1,0,1,0
1,0,1,0
4,0,4,0
39,0,39,0
1,0,1,0
78,0,78,0
0,429,429,7
30,0,30,0
0,160,160,32
54,0,54,0
1,0,1,0
0,19,19,39
20,0,20,0
6,0,6,0
0,104,104,37
24,0,24,0
0,7,7,4
10,0,10,0
2,0,2,0
59,0,59,0
53,0,53,0
16,0,16,0
43,0,43,0
0,102,102,2
87,0,87,0
0,216,216,24
0,2,2,1
17,0,17,0
8,0,8,0
25,0,25,0
0,13,13,6
3,0,3,0
0,65,65,38
23,0,23,0
0,73,73,106
547,0,547,0
0,172,172,3
8,0,8,0
23,0,23,0
0,8,8,149
1,0,1,0
0,54,54,27
121,0,121,0
2,0,2,0
0,8,8,38
2,0,2,0
0,2,2,5
15,0,15,0
0,6,6,21
51,0,51,0
0,3,3,9
1,0,1,0
5,0,5,0
5,0,5,0
0,177,177,134
0,146,146,142
62,0,62,0
0,18,18,0
1,0,1,0
0,19,19,17
3,0,3,0
0,289,289,61
7,0,7,0
15,0,15,0
5,0,5,0
0,270,270,67
3,0,3,0
0,1216,1216,31
0,359,359,52
186,0,186,0
21,0,21,0
0,5,5,4
1,0,1,0
0,37,37,124
111,0,111,0
0,340,340,82
59,0,59,0
41,0,41,0
151,0,151,0
2,0,2,0
2,0,2,0
16,0,16,0
0,91,91,86
20,0,20,0
275,0,275,0
5,0,5,0
1,0,1,0
0,42,42,3
33,0,33,0
0,28,28,12
14,0,14,0
0,110,110,72
155,0,155,0
0,226,226,181
1,0,1,0
1,0,1,0
0,14,14,1
14,0,14,0
20,0,20,0
27,0,27,0
0,2,2,45
99,0,99,0
5,0,5,0
0,23,23,0
22,0,22,0
1,0,1,0
0,3,3,8
17,0,17,0
232,0,232,0
3,0,3,0
414,0,414,0
1,1,2,0
274,0,274,0
93,0,93,0
0,97,97,57
0,7,7,24
4,0,4,0
3,0,3,0
2,0,2,0
2,0,2,0
9,0,9,0
1,0,1,0
1,0,1,0
0,6,6,0
0,13,13,3
1,0,1,0
33,0,33,0
69,0,69,0
3,0,3,0
35,0,35,0
0,38,38,11
0,41,41,30
110,0,110,0
0,17,17,1
2,0,2,0
16,0,16,0
47,0,47,0
12,0,12,0
0,3,3,2
0,282,282,40
250,0,250,0
2,0,2,0
13,0,13,0
0,4,4,5
4,0,4,0
9,0,9,0
0,48,48,66
7,0,7,0
121,0,121,0
43,0,43,0
2,0,2,0
2,0,2,0
0,105,105,8
133,0,133,0
12,0,12,0
75,0,75,0
143,0,143,0
26,0,26,0
0,144,144,26
11,0,11,0
15,0,15,0
19,0,19,0
0,2,2,5
4,0,4,0
68,0,68,0
0,81,81,11
7,0,7,0
61,0,61,0
44,0,44,0
0,38,38,4
50,0,50,0
6,0,6,0
0,38,38,22
17,0,17,0
23,0,23,0
0,1,1,2
2,0,2,0
0,6,6,19
3,0,3,0
10,0,10,0
2,0,2,0
2,0,2,0
4,0,4,0
2,0,2,0
1,0,1,0
1,0,1,0
10,0,10,0
0,51,51,14
13,0,13,0
0,8,8,8
5,0,5,0
4,0,4,0
3,0,3,0
0,5,5,34
0,13,13,6
11,0,11,0
0,2,2,3
35,0,35,0
31,0,31,0
0,145,145,3
50,0,50,0
39,0,39,0
0,44,44,9
9,0,9,0
0,22,22,49
80,0,80,0
0,32,32,24
10,0,10,0
0,18,18,2
3,0,3,0
4,0,4,0
0,133,133,20
13,0,13,0
9,0,9,0
3,0,3,0
0,3,3,0
1,0,1,0
1,0,1,0
33,0,33,0
3,0,3,0
1,0,1,0
54,0,54,0
13,0,13,0
0,205,205,41
205,0,205,0
8,0,8,0
32,0,32,0
12,0,12,0
0,78,78,9
0,7,7,2
9,0,9,0
67,0,67,0
8,0,8,0
2,0,2,0
1187,0,1187,0
30,0,30,0
4,0,4,0
10,0,10,0
6,0,6,0
29,0,29,0
0,24,24,49
0,59,59,19
0,78,78,3
423,0,423,0
60,0,60,0
0,27,27,31
94,0,94,0
16,0,16,0
2,0,2,0
0,63,63,19
19,0,19,0
39,0,39,0
2,0,2,0
91,0,91,0
0,40,40,17
77,0,77,0
0,13,13,37
3,0,3,0
0,182,182,91
5,0,5,0
39,0,39,0
0,20,20,0
162,0,162,0
1,0,1,0
0,42,42,27
26,0,26,0
12,0,12,0
0,5,5,24
5,0,5,0
0,22,22,68
7,0,7,0
0,10,10,21
11,0,11,0
6,0,6,0
8,0,8,0
0,53,53,29
2,0,2,0
2,0,2,0
0,12,12,46
14,0,14,0
0,14,14,5
6,0,6,0
4,0,4,0
0,128,128,27
46,0,46,0
0,9,9,1
5,0,5,0
4,0,4,0
0,48,48,42
5,0,5,0
0,103,103,20
0,32,32,11
54,0,54,0
1,0,1,0
0,34,34,51
3,0,3,0
28,0,28,0
0,63,63,10
100,0,100,0
3,0,3,0
3,0,3,0
0,3,3,14
0,1,1,41
0,1132,1132,38
269,0,269,0
21,0,21,0
0,5,5,16
163,0,163,0
34,0,34,0
0,425,425,11
3,0,3,0
38,0,38,0
1,0,1,0
5,0,5,0
2,0,2,0
1,0,1,0
4,0,4,0
22,0,22,0
5,0,5,0
58,0,58,0
0,1,1,5
35,0,35,0
79,0,79,0
0,59,59,5
79,0,79,0
10,0,10,0
15,0,15,0
0,858,858,77
118,0,118,0
5,0,5,0
0,44,44,0
19,0,19,0
7,0,7,0
0,1877,1877,135
25,0,25,0
1,0,1,0
27,0,27,0
0,26,26,30
2,0,2,0
105,0,105,0
0,32,32,4
2,0,2,0
13,0,13,0
91,0,91,0
10,0,10,0
25,0,25,0
957,0,957,0
0,30,30,16
1,0,1,0
0,67,67,28
6,0,6,0
0,1,1,2
63,0,63,0
11,0,11,0
0,59,59,31
4,0,4,0
1,0,1,0
0,542,542,31
220,0,220,0
0,2,2,3
192,0,192,0
2,0,2,0
17,0,17,0
0,9,9,12
4,0,4,0
2,0,2,0
2,0,2,0
13,0,13,0
0,264,264,81
17,0,17,0
12,0,12,0
2,0,2,0
0,180,180,15
25,0,25,0
0,69,69,67
44,0,44,0
0,94,94,3
3,0,3,0
67,0,67,0
63,0,63,0
0,6,6,1
27,0,27,0
4,0,4,0
5,0,5,0
11,0,11,0
0,16,16,16
0,79,79,7
70,0,70,0
0,8,8,51
28,0,28,0
4,0,4,0
1,0,1,0
1,0,1,0
0,67,67,26
19,0,19,0
5,0,5,0
0,4,4,0
21,0,21,0
19,0,19,0
8,0,8,0
0,19,19,26
8,0,8,0
0,212,212,45
64,0,64,0
29,0,29,0
0,1,1,42
51,0,51,0
1,0,1,0
0,42,42,21
52,0,52,0
12,0,12,0
26,0,26,0
0,70,70,8
3,0,3,0
0,53,53,4
12,0,12,0
14,0,14,0
1,0,1,0
0,40,40,6
9,0,9,0
57,0,57,0
50,0,50,0
0,133,133,30
3,0,3,0
49,0,49,0
42,0,42,0
208,0,208,0
4,0,4,0
0,81,81,81
9,0,9,0
0,3,3,38
4,0,4,0
2,0,2,0
0,15,15,0
404,0,404,0
253,0,253,0
47,0,47,0
34,0,34,0
11,0,11,0
0,16,16,5
1,0,1,0
0,82,82,41
88,0,88,0
12,0,12,0
5,0,5,0
11,0,11,0
0,321,321,105
7,0,7,0
2,0,2,0
28,0,28,0
0,24,24,9
97,0,97,0
0,33,33,19
346,0,346,0
83,0,83,0
1,0,1,0
1,0,1,0
0,5,5,6
27,0,27,0
7,0,7,0
0,4,4,71
0,53,53,8
108,0,108,0
0,101,101,13
3,0,3,0
0,67,67,2
22,0,22,0
13,0,13,0
112,0,112,0
0,91,91,5
15,0,15,0
0,8,8,21
12,0,12,0
113,0,113,0
0,112,112,15
0,205,205,19
0,8,8,203
2,0,2,0
0,10,10,0
3,0,3,0
1,0,1,0
0,9,9,54
2,0,2,0
0,12,12,1
0,93,93,25
26,0,26,0
14,0,14,0
84,0,84,0
30,0,30,0
10,0,10,0
0,36,36,73
110,0,110,0
0,114,114,15
26,0,26,0
0,9,9,2
67,0,67,0
0,46,46,69
0,3,3,105
22,0,22,0
3,0,3,0
0,250,250,13
5,0,5,0
23,0,23,0
0,39,39,10
54,0,54,0
3,0,3,0
0,168,168,30
27,0,27,0
0,37,37,57
35,0,35,0
0,125,125,4
4,0,4,0
4,0,4,0
0,52,52,39
1,0,1,0
35,0,35,0
16,0,16,0
0,56,56,16
57,0,57,0
100,0,100,0
26,0,26,0
0,52,52,16
20,0,20,0
46,0,46,0
0,28,28,93
98,0,98,0
15,0,15,0
0,65,65,1
74,0,74,0
0,49,49,7
31,0,31,0
20,0,20,0
0,145,145,0
196,0,196,0
0,8,8,3
17,0,17,0
9,0,9,0
10,0,10,0
1,0,1,0
29,0,29,0
0,2,2,0
0,26,26,20
3,0,3,0
0,16,16,5
34,0,34,0
17,0,17,0
54,0,54,0
3,0,3,0
249,0,249,0
14,0,14,0
40,0,40,0
131,0,131,0
27,0,27,0
2,0,2,0
0,122,122,9
86,0,86,0
0,10,10,4
3,0,3,0
0,3,3,7
0,38,38,30
12,0,12,0
5,0,5,0
0,102,102,115
18,0,18,0
19,0,19,0
0,95,95,10
0,22,22,0
98,0,98,0
93,0,93,0
7,0,7,0
76,0,76,0
12,0,12,0
0,12,12,6
0,113,113,32
0,11,11,16
1,0,1,0
0,34,34,1
32,0,32,0
16,0,16,0
18,0,18,0
6,0,6,0
0,5,5,38
12,0,12,0
0,395,395,56
56,0,56,0
0,23,23,45
4,0,4,0
0,51,51,0
10,0,10,0
161,0,161,0
0,68,68,30
66,0,66,0
0,102,102,38
163,0,163,0
67,0,67,0
0,14,14,129
6,0,6,0
176,0,176,0
0,1,1,4
4,0,4,0
1,0,1,0
5,0,5,0
4,0,4,0
0,21,21,45
20,0,20,0
98,0,98,0
0,73,73,16
0,4,4,3
111,0,111,0
10,0,10,0
83,0,83,0
0,40,40,37
69,0,69,0
1,0,1,0
2,0,2,0
6,0,6,0
2,0,2,0
3,0,3,0
7,0,7,0
68,0,68,0
168,0,168,0
1,0,1,0
73,0,73,0
0,169,169,43
55,0,55,0
0,114,114,17
168,0,168,0
45,0,45,0
0,20,20,13
11,0,11,0
23,0,23,0
33,0,33,0
11,0,11,0
13,0,13,0
0,116,116,1
95,0,95,0
42,0,42,0
39,0,39,0
0,316,316,10
60,0,60,0
0,278,278,114
0,23,23,18
27,0,27,0
113,0,113,0
3,0,3,0
0,204,204,10
245,0,245,0
0,99,99,23
52,0,52,0
0,13,13,23
3,0,3,0
59,0,59,0
0,147,147,94
112,0,112,0
0,167,167,17
64,0,64,0
1,0,1,0
1,0,1,0
0,72,72,26
35,0,35,0
1,0,1,0
3,0,3,0
4,0,4,0
0,16,16,0
0,76,76,4
18,0,18,0
131,0,131,0
9,0,9,0
0,25,25,2
22,0,22,0
33,0,33,0
83,0,83,0
46,0,46,0
26,0,26,0
5,0,5,0
2,0,2,0
1,0,1,0
2,0,2,0
7,0,7,0
0,17,17,6
0,305,305,20
10,0,10,0
17,0,17,0
0,85,85,265
0,3,3,87
0,7,7,59
15,0,15,0
5,0,5,0
8,0,8,0
2,0,2,0
0,79,79,7
42,0,42,0
161,0,161,0
0,14,14,7
12,0,12,0
0,95,95,33
122,0,122,0
9,0,9,0
0,22,22,0
28,0,28,0
0,40,40,3
2,0,2,0
142,0,142,0
79,0,79,0
0,12,12,38
13,0,13,0
0,10,10,62
1,0,1,0
0,531,531,26
83,0,83,0
5,0,5,0
13,0,13,0
0,517,517,19
2,0,2,0
8,0,8,0
38,0,38,0
0,70,70,2
72,0,72,0
0,5,5,0
8,0,8,0
0,3,3,24
0,75,75,23
43,0,43,0
9,0,9,0
0,3,3,21
2,0,2,0
6,0,6,0
122,0,122,0
1,0,1,0
20,0,20,0
5,0,5,0
0,244,244,39
0,62,62,25
23,0,23,0
0,37,37,7
84,0,84,0
8,0,8,0
2,0,2,0
64,0,64,0
2,0,2,0
0,180,180,25
9,0,9,0
0,28,28,3
3,0,3,0
223,0,223,0
14,0,14,0
43,0,43,0
2,0,2,0
3,0,3,0
0,32,32,2
0,1,1,4
34,0,34,0
0,7,7,2
4,0,4,0
57,0,57,0
0,71,71,0
79,0,79,0
0,60,60,21
44,0,44,0
0,2,2,15
0,1,1,13
0,367,367,74
3,0,3,0
2,0,2,0
264,0,264,0
0,35,35,33
101,0,101,0
1,0,1,0
0,68,68,20
17,0,17,0
67,0,67,0
73,0,73,0
0,44,44,31
0,193,193,32
5,0,5,0
7,0,7,0
329,0,329,0
3,0,3,0
0,10,10,1
0,22,22,25
2,0,2,0
14,0,14,0
0,1,1,9
6,0,6,0
5,0,5,0
67,0,67,0
2,0,2,0
138,0,138,0
0,132,132,83
0,62,62,3
1,0,1,0
32,0,32,0
12,0,12,0
35,0,35,0
6,0,6,0
25,0,25,0
1,0,1,0
9,0,9,0
18,0,18,0
0,2,2,24
4,0,4,0
0,18,18,0
6,0,6,0
95,0,95,0
0,4,4,6
2,0,2,0
186,0,186,0
0,6,6,1
24,0,24,0
24,0,24,0
0,2,2,8
5,0,5,0
0,20,20,66
34,0,34,0
0,3,3,29
146,0,146,0
2,0,2,0
3,0,3,0
0,53,53,6
98,0,98,0
28,0,28,0
0,11,11,6
2,0,2,0
7,0,7,0
0,2,2,12
43,0,43,0
56,0,56,0
32,0,32,0
0,16,16,0
7,0,7,0
55,0,55,0
0,54,54,2
21,0,21,0
0,39,39,27
107,0,107,0
76,0,76,0
0,30,30,2
6,0,6,0
1,0,1,0
0,70,70,10
78,0,78,0
0,112,112,4
99,0,99,0
1,0,1,0
0,4,4,1
1,0,1,0
1,0,1,0
14,0,14,0
134,0,134,0
33,0,33,0
2,0,2,0
0,1,1,82
1,0,1,0
0,38,38,5
3,0,3,0
0,46,46,25
204,0,204,0
0,46,46,85
0,188,188,22
4,0,4,0
219,0,219,0
0,81,81,10
26,0,26,0
0,15,15,8
16,0,16,0
0,7,7,33
9,0,9,0
0,145,145,15
8,0,8,0
53,0,53,0
18,0,18,0
3,0,3,0
21,0,21,0
0,5,5,8
7,0,7,0
2,0,2,0
84,0,84,0
1,0,1,0
0,282,282,29
269,0,269,0
0,11,11,4
4,0,4,0
0,23,23,2
21,0,21,0
1,0,1,0
21,0,21,0
46,0,46,0
0,1896,1896,35
9,0,9,0
2,0,2,0
4,0,4,0
94,0,94,0
3,0,3,0
1,0,1,0
7,0,7,0
1,0,1,0
3,0,3,0
4,0,4,0
5,0,5,0
1,0,1,0
41,0,41,0
8,0,8,0
1,0,1,0
0,3,3,2
19,0,19,0
4,0,4,0
4,0,4,0
3,0,3,0
82,0,82,0
26,0,26,0
46,0,46,0
58,0,58,0
15,0,15,0
252,0,252,0
0,77,77,14
88,0,88,0
0,5,5,4
115,0,115,0
4,0,4,0
0,9,9,1
3,0,3,0
0,65,65,29
0,320,320,73
3,0,3,0
0,94,94,43
10,0,10,0
0,26,26,5
0,13,13,7
0,76,76,28
66,0,66,0
39,0,39,0
0,129,129,5
0,88,88,33
1,0,1,0
50,0,50,0
37,0,37,0
29,0,29,0
3,0,3,0
0,1,1,1
1,0,1,0
0,10,10,7
8,0,8,0
0,34,34,20
0,356,356,2
69,0,69,0
0,117,117,2
1,0,1,0
125,0,125,0
26,0,26,0
0,13,13,46
0,62,62,0
5,61,66,65
27,0,27,0
3,0,3,0
57,0,57,0
0,803,803,83
1,0,1,0
1,0,1,0
67,0,67,0
3,0,3,0
46,0,46,0
19,0,19,0
79,0,79,0
0,114,114,30
2,0,2,0
20,0,20,0
18,0,18,0
0,16,16,17
0,31,31,1
5,0,5,0
2,0,2,0
0,50,50,31
18,0,18,0
0,21,21,5
21,0,21,0
0,42,42,21
41,0,41,0
103,0,103,0
0,3,3,14
10,0,10,0
0,196,196,73
1,0,1,0
217,0,217,0
0,38,38,8
79,0,79,0
13,0,13,0
0,2,2,3
4,0,4,0
4,0,4,0
193,0,193,0
279,0,279,0
0,391,391,12
147,0,147,0
11,0,11,0
84,0,84,0
2,0,2,0
0,20,20,9
2,0,2,0
2,0,2,0
93,0,93,0
24,0,24,0
5,0,5,0
110,0,110,0
57,0,57,0
0,258,258,8
0,26,26,24
3,0,3,0
1,0,1,0
4,0,4,0
0,343,343,7
0,39,39,71
37,0,37,0
49,0,49,0
0,16,16,17
1,0,1,0
7,0,7,0
1,0,1,0
1,0,1,0
23,0,23,0
9,0,9,0
3,0,3,0
7,0,7,0
72,0,72,0
12,0,12,0
0,8,8,29
4,0,4,0
3,0,3,0
10,0,10,0
0,33,33,26
70,0,70,0
15,0,15,0
9,0,9,0
1,0,1,0
3,0,3,0
7,0,7,0
6,0,6,0
0,76,76,5
71,0,71,0
33,0,33,0
2,0,2,0
48,0,48,0
0,44,44,5
2,0,2,0
0,161,161,7
8,0,8,0
0,10,10,10
6,0,6,0
2,0,2,0
12,0,12,0
47,0,47,0
5,0,5,0
2,0,2,0
6,0,6,0
1,0,1,0
65,0,65,0
0,177,177,41
52,0,52,0
0,8,8,32
2,0,2,0
240,0,240,0
16,0,16,0
0,235,235,37
3,0,3,0
248,0,248,0
0,8,8,12
46,0,46,0
131,0,131,0
0,62,62,23
0,1,1,14
4,0,4,0
97,0,97,0
11,0,11,0
0,34,34,12
0,17,17,19
2,0,2,0
2,0,2,0
0,609,609,58
59,0,59,0
558,0,558,0
9,0,9,0
1,0,1,0
15,0,15,0
40,0,40,0
47,0,47,0
3,0,3,0
0,7,7,2
3,0,3,0
0,77,77,11
3,0,3,0
183,0,183,0
33,0,33,0
1,0,1,0
0,53,53,48
55,0,55,0
41,0,41,0
26,0,26,0
0,112,112,23
85,0,85,0
14,0,14,0
18,0,18,0
22,0,22,0
0,20,20,16
0,262,262,6
55,0,55,0
15,0,15,0
0,59,59,37
53,0,53,0
7,0,7,0
10,0,10,0
47,0,47,0
5,0,5,0
0,63,63,20
0,224,224,172
0,135,135,48
2,0,2,0
0,6,6,2
5,0,5,0
1,0,1,0
2,0,2,0
2,0,2,0
32,0,32,0
24,0,24,0
65,0,65,0
7,0,7,0
0,6,6,3
10,0,10,0
0,94,94,100
491,0,491,0
0,105,105,59
45,0,45,0
3,0,3,0
18,0,18,0
164,0,164,0
14,0,14,0
3,0,3,0
9,0,9,0
0,48,48,156
96,0,96,0
0,5,5,3
1,0,1,0
19,0,19,0
0,42,42,28
4,0,4,0
7,0,7,0
6,0,6,0
58,0,58,0
0,10,10,8
2,0,2,0
1,0,1,0
10,0,10,0
7,0,7,0
62,0,62,0
5,0,5,0
11,0,11,0
0,232,232,22
225,0,225,0
5,0,5,0
0,1,1,41
0,228,228,28
2,0,2,0
17,0,17,0
0,3,3,2
149,0,149,0
2,0,2,0
34,0,34,0
9,0,9,0
4,0,4,0
303,0,303,0
12,0,12,0
0,46,46,17
0,1,1,66
0,89,89,78
14,0,14,0
16,0,16,0
0,40,40,6
56,0,56,0
0,82,82,71
108,0,108,0
4,0,4,0
23,0,23,0
51,0,51,0
1,0,1,0
1,0,1,0
2,0,2,0
0,138,138,6
0,1,1,0
282,0,282,0
40,0,40,0
0,2,2,2
0,5,5,46
83,0,83,0
13,0,13,0
1,0,1,0
2,0,2,0
1,0,1,0
0,12,12,1
4,0,4,0
19,0,19,0
0,34,34,1
32,0,32,0
15,0,15,0
0,2,2,7
5,0,5,0
53,0,53,0
0,1,1,63
8,0,8,0
6,0,6,0
1,0,1,0
3,0,3,0
3,0,3,0
8,0,8,0
0,9,9,29
11,0,11,0
0,175,175,8
20,0,20,0
50,0,50,0
0,212,212,37
12,0,12,0
0,585,585,362
20,0,20,0
1,0,1,0
32,0,32,0
32,0,32,0
0,17,17,5
0,41,41,54
28,0,28,0
0,252,252,19
2,0,2,0
0,18,18,9
2,0,2,0
2,0,2,0
2,0,2,0
0,182,182,53
1,0,1,0
0,175,175,91
30,0,30,0
9,0,9,0
2,0,2,0
1,0,1,0
7,0,7,0
2,0,2,0
2,0,2,0
20,0,20,0
0,9,9,1
29,0,29,0
5,0,5,0
105,0,105,0
0,217,217,31
234,0,234,0
5,0,5,0
1,0,1,0
8,0,8,0
33,0,33,0
5,0,5,0
33,0,33,0
7,0,7,0
0,22,22,13
4,0,4,0
1,0,1,0
6,0,6,0
0,11,11,1
155,0,155,0
1,0,1,0
0,2,2,99
12,0,12,0
13,0,13,0
0,1,1,5
3,0,3,0
0,104,104,21
23,0,23,0
5,0,5,0
0,4,4,163
64,0,64,0
201,0,201,0
3,0,3,0
1,0,1,0
2,0,2,0
0,6,6,23
42,0,42,0
0,223,223,8
1,0,1,0
0,10,10,77
8,0,8,0
0,93,93,221
0,86,86,12
2,0,2,0
0,103,103,2
3,0,3,0
0,246,246,42
192,0,192,0
15,0,15,0
9,0,9,0
368,0,368,0
16,0,16,0
1,0,1,0
0,4,4,0
4,0,4,0
0,1,1,2
0,65,65,16
116,0,116,0
0,3,3,6
2,0,2,0
8,0,8,0
2,0,2,0
0,53,53,92
1,0,1,0
10,0,10,0
16,0,16,0
4,0,4,0
1,0,1,0
8,0,8,0
0,155,155,43
0,9,9,4
0,3,3,1
27,0,27,0
0,389,389,37
105,0,105,0
12,0,12,0
123,0,123,0
0,17,17,30
3,0,3,0
0,40,40,5
2,0,2,0
1,0,1,0
2,0,2,0
0,148,148,26
164,0,164,0
4,0,4,0
22,0,22,0
1,0,1,0
3,0,3,0
0,2,2,15
10,0,10,0
28,0,28,0
1,0,1,0
1,0,1,0
1,0,1,0
7,0,7,0
21,0,21,0
0,1,1,2
0,193,193,38
2,0,2,0
2,0,2,0
8,0,8,0
10,0,10,0
3,0,3,0
6,0,6,0
0,92,92,17
2,0,2,0
0,83,83,43
2,0,2,0
13,0,13,0
129,0,129,0
0,21,21,21
1,0,1,0
0,3,3,32
90,0,90,0
2,0,2,0
2,0,2,0
0,2,2,6
1,0,1,0
1,0,1,0
0,104,104,103
0,10,10,35
46,0,46,0
1,0,1,0
5,0,5,0
0,107,107,120
164,0,164,0
141,0,141,0
336,0,336,0
0,8,8,8
5,0,5,0
0,134,134,32
19,0,19,0
0,6,6,6
2,0,2,0
1,0,1,0
1,0,1,0
1,0,1,0
0,121,121,79
0,17,17,4
73,0,73,0
34,0,34,0
12,0,12,0
0,232,232,9
83,0,83,0
0,19,19,26
14,0,14,0
1,0,1,0
53,0,53,0
0,14,14,33
5,0,5,0
34,0,34,0
78,0,78,0
0,531,531,57
1,0,1,0
0,70,70,5
39,0,39,0
37,0,37,0
3,0,3,0
4,0,4,0
3,0,3,0
0,222,222,37
125,0,125,0
74,0,74,0
19,0,19,0
2,0,2,0
42,0,42,0
0,41,41,121
134,0,134,0
1,0,1,0
476,0,476,0
54,0,54,0
0,11,11,104
2,0,2,0
14,0,14,0
1,0,1,0
32,0,32,0
0,73,73,52
53,0,53,0
0,110,110,21
7,0,7,0
0,47,47,58
37,0,37,0
0,17,17,52
166,0,166,0
1,0,1,0
0,8,8,44
22,0,22,0
0,144,144,6
0,6,6,9
0,5,5,69
5,0,5,0
22,0,22,0
0,1,1,83
8,0,8,0
0,29,29,55
3,0,3,0
0,15,15,0
29,0,29,0
2,0,2,0
42,0,42,0
0,97,97,84
5,0,5,0
97,0,97,0
31,0,31,0
36,0,36,0
0,56,56,53
1,0,1,0
0,13,13,1
5,0,5,0
0,249,249,24
37,0,37,0
0,128,128,46
0,4,4,2
10,0,10,0
483,0,483,0
8,0,8,0
0,197,197,2
0,92,92,32
0,325,325,16
305,0,305,0
4,0,4,0
1,0,1,0
0,118,118,36
0,20,20,120
1,0,1,0
0,88,88,14
0,13,13,1
1,0,1,0
1,0,1,0
1,0,1,0
6,0,6,0
0,28,28,72
0,15,15,2
1,0,1,0
42,0,42,0
0,3011,3011,84
0,40,40,11
0,11,11,13
8,0,8,0
4,0,4,0
1,0,1,0
90,0,90,0
0,62,62,8
4,0,4,0
1,0,1,0
1,0,1,0
0,1,1,2
45,0,45,0
3,0,3,0
1,0,1,0
3,0,3,0
0,27,27,5
19,0,19,0
1,0,1,0
16,0,16,0
0,56,56,8
1,0,1,0
0,19,19,14
10,0,10,0
0,103,103,5
5,0,5,0
24,0,24,0
0,28,28,0
15,0,15,0
1,0,1,0
0,16,16,19
10,0,10,0
0,49,49,0
1,0,1,0
0,58,58,6
10,0,10,0
0,21,21,17
14,0,14,0
0,204,204,4
1,0,1,0
6,0,6,0
108,0,108,0
55,0,55,0
4,0,4,0
3,0,3,0
0,18,18,1
4,0,4,0
68,0,68,0
48,0,48,0
0,1,1,1
64,0,64,0
17,0,17,0
1,0,1,0
1,0,1,0
1,0,1,0
0,2,2,2
90,0,90,0
2,0,2,0
1,0,1,0
25,0,25,0
0,36,36,18
89,0,89,0
7,0,7,0
14,0,14,0
13,0,13,0
4,0,4,0
0,6,6,226
2,0,2,0
23,0,23,0
1,0,1,0
0,195,195,25
1,0,1,0
0,12,12,27
0,266,266,9
53,0,53,0
0,16,16,46
0,304,304,7
380,0,380,0
226,0,226,0
6,0,6,0
13,0,13,0
0,8,8,7
0,68,68,32
64,0,64,0
0,82,82,15
9,0,9,0
0,74,74,18
7,0,7,0
143,0,143,0
0,39,39,13
51,0,51,0
0,3,3,9
57,0,57,0
2,0,2,0
0,123,123,53
6,0,6,0
0,1,1,2
2,0,2,0
0,86,86,45
0,69,69,24
0,246,246,15
0,228,228,77
26,0,26,0
0,3,3,8
39,0,39,0
0,186,186,15
110,0,110,0
65,0,65,0
0,7,7,0
1,0,1,0
25,0,25,0
102,0,102,0
1,0,1,0
46,0,46,0
8,0,8,0
161,0,161,0
2,0,2,0
0,11,11,49
31,0,31,0
14,0,14,0
0,35,35,8
16,0,16,0
0,92,92,28
71,0,71,0
0,10,10,5
282,0,282,0
1,0,1,0
12,0,12,0
3,0,3,0
0,64,64,53
0,80,80,37
61,0,61,0
0,4,4,7
3,0,3,0
0,11,11,11
13,0,13,0
1,0,1,0
168,0,168,0
98,0,98,0
26,0,26,0
0,8,8,11
0,10,10,9
2,0,2,0
135,0,135,0
2,0,2,0
9,0,9,0
5,0,5,0
851,0,851,0
4,0,4,0
7,0,7,0
2,0,2,0
0,3,3,23
5,0,5,0
2,0,2,0
13,0,13,0
1,0,1,0
0,97,97,61
0,112,112,65
26,0,26,0
231,0,231,0
0,17,17,18
2,0,2,0
1,0,1,0
112,0,112,0
0,403,403,39
335,0,335,0
0,32,32,21
32,0,32,0
0,2,2,2
6,0,6,0
4,0,4,0
0,53,53,6
145,0,145,0
14,0,14,0
0,12,12,25
24,0,24,0
9,0,9,0
0,29,29,41
1,0,1,0
0,162,162,140
5,0,5,0
0,1,1,24
5,0,5,0
0,189,189,1
12,0,12,0
3,0,3,0
0,20,20,89
0,159,159,159
0,41,41,47
4,0,4,0
0,16,16,16
6,0,6,0
5,0,5,0
0,116,116,15
1,0,1,0
0,1,1,17
2,0,2,0
3,0,3,0
0,105,105,26
76,0,76,0
30,0,30,0
3,0,3,0
219,0,219,0
392,0,392,0
0,11,11,1
2,0,2,0
1,0,1,0
0,42,42,6
58,0,58,0
0,36,36,14
75,0,75,0
0,2,2,3
45,0,45,0
1,0,1,0
9,0,9,0
1,0,1,0
134,0,134,0
10,0,10,0
7,0,7,0
0,16,16,39
63,0,63,0
0,152,152,73
0,476,476,12
460,0,460,0
0,274,274,77
10,0,10,0
0,8,8,4
1,0,1,0
0,22,22,114
0,1,1,38
0,5,5,140
157,0,157,0
0,218,218,78
3,0,3,0
0,26,26,51
19,0,19,0
39,0,39,0
0,2,2,3
9,0,9,0
0,22,22,9
30,0,30,0
5,0,5,0
74,0,74,0
29,0,29,0
0,389,389,135
0,21,21,49
9,0,9,0
52,0,52,0
0,55,55,31
29,0,29,0
73,0,73,0
0,69,69,19
11,0,11,0
2,0,2,0
0,9,9,3
4,0,4,0
0,28,28,15
15,0,15,0
21,0,21,0
4,0,4,0
1,0,1,0
0,5,5,14
19,0,19,0
0,43,43,10
44,0,44,0
0,2,2,26
1,0,1,0
2,0,2,0
0,16,16,8
44,0,44,0
8,0,8,0
2,0,2,0
0,68,68,26
6,0,6,0
211,0,211,0
0,18,18,9
0,14,14,6
5,0,5,0
16,0,16,0
0,65,65,4
169,0,169,0
83,0,83,0
2,0,2,0
18,0,18,0
0,68,68,9
63,0,63,0
0,19,19,9
3,0,3,0
11,0,11,0
2,0,2,0
0,6,6,24
53,0,53,0
33,0,33,0
160,0,160,0
2,0,2,0
12,0,12,0
0,1,1,66
22,0,22,0
30,0,30,0
4,0,4,0
162,0,162,0
1,0,1,0
3,0,3,0
20,0,20,0
0,27,27,19
63,0,63,0
7,0,7,0
26,0,26,0
213,0,213,0
41,0,41,0
0,22,22,1
14,0,14,0
0,4,4,0
2,0,2,0
2,0,2,0
0,11,11,94
42,0,42,0
13,0,13,0
0,45,45,16
99,0,99,0
52,0,52,0
133,0,133,0
8,0,8,0
0,18,18,9
5,0,5,0
11,0,11,0
37,0,37,0
12,0,12,0
0,166,166,17
1,0,1,0
2,0,2,0
0,21,21,20
210,0,210,0
48,0,48,0
0,424,424,7
0,30,30,7
43,0,43,0
23,0,23,0
2,0,2,0
31,0,31,0
5,0,5,0
98,0,98,0
0,6,6,50
78,0,78,0
10,0,10,0
2,0,2,0
6,0,6,0
5,0,5,0
0,246,246,12
4,0,4,0
6,0,6,0
9,0,9,0
0,125,125,93
151,0,151,0
1,0,1,0
0,26,26,67
18,0,18,0
24,0,24,0
19,0,19,0
3,0,3,0
78,0,78,0
177,0,177,0
0,7,7,3
60,0,60,0
3,0,3,0
0,89,89,10
183,0,183,0
10,0,10,0
0,99,99,2
14,0,14,0
2,0,2,0
4,0,4,0
1,0,1,0
5,0,5,0
69,0,69,0
0,176,176,3
22,0,22,0
0,35,35,0
31,0,31,0
13,0,13,0
6,0,6,0
0,3,3,3
2,0,2,0
28,0,28,0
7,0,7,0
1,0,1,0
4,0,4,0
50,0,50,0
1,0,1,0
0,12,12,5
2,0,2,0
9,0,9,0
1,0,1,0
0,16,16,78
1,0,1,0
0,49,49,58
34,0,34,0
0,60,60,21
14,0,14,0
20,0,20,0
3,0,3,0
0,14,14,17
2,0,2,0
8,0,8,0
3,0,3,0
3,0,3,0
0,15,15,0
21,0,21,0
1,0,1,0
6,0,6,0
0,31,31,6
1,0,1,0
1,0,1,0
2,0,2,0
1,0,1,0
4,0,4,0
2,0,2,0
1,0,1,0
5,0,5,0
1,0,1,0
1,0,1,0
10,0,10,0
8,0,8,0
1,0,1,0
1,0,1,0
0,17,17,15
2,0,2,0
4,0,4,0
22,0,22,0
0,3,3,28
6,0,6,0
50,0,50,0
1,0,1,0
18,0,18,0
17,0,17,0
0,27,27,10
0,332,332,97
0,32,32,9
0,442,442,101
308,0,308,0
0,86,86,1
0,21,21,3
20,0,20,0
60,0,60,0
1,0,1,0
138,0,138,0
1,0,1,0
1,0,1,0
1,0,1,0
0,10,10,13
20,0,20,0
1,0,1,0
3,0,3,0
10,0,10,0
14,0,14,0
0,15,15,6
151,0,151,0
5,0,5,0
20,0,20,0
32,0,32,0
0,31,31,26
3,0,3,0
118,0,118,0
0,1,1,0
9,0,9,0
16,0,16,0
6,0,6,0
0,12,12,6
20,0,20,0
9,0,9,0
0,103,103,9
5,0,5,0
23,0,23,0
0,2,2,24
1,0,1,0
158,0,158,0
4,0,4,0
0,170,170,15
3,0,3,0
0,13,13,16
1,0,1,0
0,27,27,6
1,0,1,0
21,0,21,0
0,3,3,5
1,0,1,0
0,21,21,27
3,0,3,0
0,189,189,11
285,0,285,0
0,2,2,30
0,353,353,42
33,0,33,0
5,0,5,0
1,0,1,0
48,0,48,0
1,0,1,0
0,17,17,7
2,0,2,0
10,0,10,0
0,4,4,15
10,0,10,0
8,0,8,0
0,101,101,73
2,0,2,0
9,0,9,0
0,4,4,6
0,2,2,1
81,0,81,0
0,98,98,0
21,0,21,0
41,0,41,0
14,0,14,0
0,119,119,6
113,0,113,0
2,0,2,0
7,0,7,0
0,10,10,5
6,0,6,0
18,0,18,0
0,1,1,6
18,0,18,0
0,13,13,111
3,0,3,0
0,321,321,32
212,0,212,0
0,7,7,59
14,0,14,0
38,0,38,0
0,113,113,17
3,0,3,0
0,10,10,8
15,0,15,0
0,16,16,23
36,0,36,0
2,0,2,0
142,0,142,0
0,52,52,85
6,0,6,0
49,0,49,0
40,0,40,0
0,256,256,15
4,0,4,0
0,1,1,72
0,48,48,67
0,10,10,75
1,0,1,0
0,70,70,11
30,0,30,0
0,75,75,6
297,0,297,0
148,0,148,0
84,0,84,0
7,0,7,0
0,20,20,45
1,0,1,0
23,0,23,0
3,0,3,0
93,0,93,0
0,12,12,23
33,0,33,0
41,0,41,0
6,0,6,0
0,2,2,29
5,0,5,0
0,42,42,2
56,0,56,0
12,0,12,0
0,5,5,15
4,0,4,0
5,0,5,0
138,0,138,0
44,0,44,0
0,582,582,125
96,0,96,0
0,73,73,18
51,0,51,0
0,6,6,3
16,0,16,0
7,0,7,0
0,178,178,30
487,0,487,0
0,1,1,2
1,0,1,0
0,6,6,2
391,0,391,0
0,1,1,10
6,0,6,0
47,0,47,0
0,5,5,13
1,0,1,0
0,40,40,11
86,0,86,0
14,0,14,0
2,0,2,0
1,0,1,0
0,3,3,4
1,0,1,0
22,0,22,0
2,0,2,0
2,0,2,0
5,0,5,0
1,0,1,0
0,90,90,1
182,0,182,0
7,0,7,0
1,144,145,16
30,0,30,0
4,0,4,0
5,0,5,0
0,7,7,3
0,10,10,10
0,93,93,85
39,0,39,0
117,0,117,0
126,0,126,0
0,280,280,19
70,0,70,0
0,495,495,39
62,0,62,0
41,0,41,0
8,0,8,0
0,5,5,18
2,0,2,0
0,229,229,62
2,0,2,0
23,0,23,0
0,54,54,33
0,72,72,31
70,0,70,0
8,0,8,0
102,0,102,0
3,0,3,0
3,0,3,0
0,6,6,21
3,0,3,0
8,0,8,0
54,0,54,0
2,0,2,0
0,7,7,0
6,0,6,0
0,10,10,2
0,160,160,2
69,0,69,0
255,0,255,0
14,0,14,0
7,0,7,0
3,0,3,0
0,13,13,21
0,275,275,48
16,0,16,0
0,14,14,11
0,20,20,2
2,0,2,0
0,3,3,18
89,0,89,0
0,102,102,18
0,38,38,26
15,0,15,0
8,0,8,0
4,0,4,0
21,0,21,0
8,0,8,0
0,1,1,5
0,259,259,17
3,0,3,0
0,903,903,55
1,0,1,0
192,0,192,0
0,5,5,41
0,73,73,2
60,0,60,0
0,22,22,2
8,0,8,0
0,4,4,17
0,1,1,6
19,0,19,0
6,0,6,0
1,0,1,0
24,0,24,0
3,0,3,0
2,0,2,0
11,0,11,0
0,6,6,3
34,0,34,0
25,0,25,0
0,13,13,36
1,0,1,0
23,0,23,0
12,0,12,0
37,0,37,0
0,75,75,35
49,0,49,0
27,0,27,0
7,0,7,0
3,0,3,0
3,0,3,0
0,34,34,74
12,0,12,0
73,0,73,0
0,155,155,31
25,0,25,0
0,5,5,19
23,0,23,0
1,0,1,0
4,0,4,0
0,99,99,12
545,0,545,0
33,0,33,0
0,29,29,1
24,0,24,0
0,5,5,6
0,69,69,18
61,0,61,0
0,72,72,67
16,0,16,0
388,0,388,0
1,0,1,0
2,0,2,0
16,0,16,0
42,0,42,0
7,0,7,0
0,29,29,4
0,118,118,5
94,0,94,0
13,0,13,0
3,0,3,0
0,249,249,6
0,3,3,56
175,0,175,0
0,46,46,35
14,0,14,0
0,32,32,0
0,21,21,0
0,211,211,17
227,0,227,0
94,0,94,0
1,0,1,0
0,38,38,9
21,0,21,0
0,41,41,13
48,0,48,0
0,61,61,4
8,0,8,0
18,0,18,0
4,0,4,0
4,0,4,0
31,0,31,0
10,0,10,0
124,0,124,0
3,0,3,0
8,0,8,0
72,0,72,0
8,0,8,0
4,0,4,0
22,0,22,0
12,0,12,0
0,24,24,50
13,0,13,0
55,0,55,0
19,0,19,0
0,419,419,53
392,0,392,0
19,0,19,0
1,0,1,0
7,0,7,0
0,22,22,4
6,0,6,0
0,12,12,30
9,0,9,0
6,0,6,0
17,0,17,0
0,3,3,8
29,0,29,0
0,9,9,51
1,0,1,0
2,0,2,0
0,19,19,47
7,0,7,0
29,0,29,0
17,0,17,0
4,0,4,0
0,50,50,67
14,0,14,0
0,20,20,39
40,0,40,0
1,0,1,0
6,0,6,0
23,0,23,0
0,2,2,141
1,0,1,0
0,6,6,7
1,0,1,0
0,54,54,17
4,0,4,0
44,0,44,0
76,0,76,0
3,0,3,0
84,0,84,0
5,0,5,0
19,0,19,0
28,0,28,0
0,15,15,3
0,26,26,3
92,0,92,0
135,0,135,0
0,6,6,17
8,0,8,0
0,4,4,150
1,0,1,0
0,42,42,45
0,1,1,1
0,10,10,53
24,0,24,0
453,0,453,0
0,33,33,95
15,0,15,0
12,0,12,0
4,0,4,0
46,0,46,0
32,0,32,0
2,0,2,0
73,0,73,0
44,0,44,0
1,0,1,0
32,0,32,0
0,13,13,29
5,0,5,0
0,1926,1926,12
5,0,5,0
4,0,4,0
4,0,4,0
678,0,678,0
0,26,26,2
2,0,2,0
21,0,21,0
16,0,16,0
0,199,199,77
0,26,26,17
3,0,3,0
0,53,53,2
14,0,14,0
0,120,120,52
0,126,126,18
3,0,3,0
0,426,426,8
0,145,145,49
1,0,1,0
21,0,21,0
0,63,63,68
16,0,16,0
0,49,49,38
4,0,4,0
114,0,114,0
35,0,35,0
3,0,3,0
0,37,37,13
21,0,21,0
0,104,104,30
0,10,10,98
9,0,9,0
1,0,1,0
0,295,295,4
15,0,15,0
4,0,4,0
4,0,4,0
0,15,15,2
1,0,1,0
64,0,64,0
0,4,4,1
32,0,32,0
7,0,7,0
68,0,68,0
45,0,45,0
0,24,24,33
203,0,203,0
14,0,14,0
13,0,13,0
0,243,243,5
190,0,190,0
60,0,60,0
1,0,1,0
41,0,41,0
5,0,5,0
0,13,13,56
1,0,1,0
0,26,26,16
2,0,2,0
117,0,117,0
82,0,82,0
50,0,50,0
0,3,3,4
10,0,10,0
0,31,31,8
168,0,168,0
2,0,2,0
49,0,49,0
0,2,2,39
1,194,195,13
0,36,36,179
0,56,56,53
11,0,11,0
2,0,2,0
1,0,1,0
0,7,7,15
7,0,7,0
18,0,18,0
75,0,75,0
1,0,1,0
23,0,23,0
22,0,22,0
21,0,21,0
0,349,349,54
65,0,65,0
143,0,143,0
54,0,54,0
0,84,84,4
135,0,135,0
0,4,4,5
1,0,1,0
0,19,19,23
90,0,90,0
107,0,107,0
97,0,97,0
1,0,1,0
4,0,4,0
14,0,14,0
15,0,15,0
26,0,26,0
5,0,5,0
1,0,1,0
1,0,1,0
6,0,6,0
0,105,105,107
46,0,46,0
5,0,5,0
21,0,21,0
2,0,2,0
0,10,10,0
33,0,33,0
22,0,22,0
0,122,122,9
4,0,4,0
0,90,90,47
6,0,6,0
0,22,22,6
657,0,657,0
8,0,8,0
18,0,18,0
10,0,10,0
0,53,53,28
17,0,17,0
1,0,1,0
0,23,23,4
0,16,16,20
2,0,2,0
0,51,51,24
8,0,8,0
1,0,1,0
0,513,513,1
125,0,125,0
1,0,1,0
10,0,10,0
0,5,5,39
0,3,3,6
33,0,33,0
0,136,136,10
35,0,35,0
0,5,5,20
68,0,68,0
7,0,7,0
0,283,283,167
3,0,3,0
0,83,83,4
0,12,12,6
18,0,18,0
120,0,120,0
61,0,61,0
73,0,73,0
0,87,87,26
0,216,216,342
0,3,3,0
20,0,20,0
0,47,47,33
108,0,108,0
1,0,1,0
2,0,2,0
0,27,27,6
4,0,4,0
0,412,412,68
4,0,4,0
0,52,52,21
3,0,3,0
29,0,29,0
440,0,440,0
482,0,482,0
21,0,21,0
0,1,1,8
65,0,65,0
3,0,3,0
9,0,9,0
58,0,58,0
18,0,18,0
8,0,8,0
4,0,4,0
0,61,61,14
0,68,68,45
57,0,57,0
2,0,2,0
0,5,5,7
7,0,7,0
307,0,307,0
61,0,61,0
3,0,3,0
21,0,21,0
10,0,10,0
1,0,1,0
14,0,14,0
47,0,47,0
165,0,165,0
185,0,185,0
4,0,4,0
20,0,20,0
30,0,30,0
73,0,73,0
0,76,76,10
11,0,11,0
0,31,31,30
24,0,24,0
0,6,6,12
13,0,13,0
0,56,56,72
65,0,65,0
1,0,1,0
7,0,7,0
0,34,34,18
15,0,15,0
65,0,65,0
20,0,20,0
165,0,165,0
4,0,4,0
0,81,81,17
72,0,72,0
76,0,76,0
26,0,26,0
67,0,67,0
5,0,5,0
0,1,1,26
20,0,20,0
8,0,8,0
14,0,14,0
5,0,5,0
3,0,3,0
33,0,33,0
0,51,51,20
254,0,254,0
0,84,84,40
350,0,350,0
0,16,16,47
12,0,12,0
46,0,46,0
36,0,36,0
29,0,29,0
0,118,118,10
2,0,2,0
11,0,11,0
0,10,10,10
70,0,70,0
0,14,14,5
83,0,83,0
14,0,14,0
23,0,23,0
118,0,118,0
1,0,1,0
162,0,162,0
2,0,2,0
7,0,7,0
8,0,8,0
63,0,63,0
0,18,18,13
56,0,56,0
0,13,13,0
7,0,7,0
4,0,4,0
0,1,1,0
0,98,98,57
0,18,18,24
2,0,2,0
10,0,10,0
11,0,11,0
1,0,1,0
0,1,1,35
1,0,1,0
6,0,6,0
0,6,6,12
1,0,1,0
0,51,51,155
2,0,2,0
19,0,19,0
1,0,1,0
1,0,1,0
0,22,22,0
324,0,324,0
0,4,4,13
49,0,49,0
0,36,36,12
51,0,51,0
37,0,37,0
3,0,3,0
0,49,49,11
5,0,5,0
29,0,29,0
0,95,95,124
7,0,7,0
0,5,5,52
2,0,2,0
2,0,2,0
0,5,5,1
0,44,44,18
29,0,29,0
0,59,59,24
7,0,7,0
2,0,2,0
6,0,6,0
0,86,86,28
2,0,2,0
0,21,21,3
24,0,24,0
102,0,102,0
0,69,69,26
5,0,5,0
0,230,230,20
1,0,1,0
0,21,21,0
5,0,5,0
0,1,1,14
151,0,151,0
0,76,76,58
80,0,80,0
4,0,4,0
32,0,32,0
0,43,43,45
40,0,40,0
0,94,94,7
0,336,336,6
19,0,19,0
117,0,117,0
0,15,15,0
2,0,2,0
0,14,14,2
16,0,16,0
6,0,6,0
0,1,1,10
0,11,11,0
3,0,3,0
0,62,62,21
12,0,12,0
12,0,12,0
12,0,12,0
16,0,16,0
0,158,158,54
0,81,81,64
16,0,16,0
17,0,17,0
0,45,45,13
4,0,4,0
39,0,39,0
13,0,13,0
24,0,24,0
0,18,18,19
6,0,6,0
20,0,20,0
0,1,1,30
2,0,2,0
0,174,174,14
30,0,30,0
4,0,4,0
0,759,759,248
36,0,36,0
0,5,5,0
1,0,1,0
0,13,13,116
6,0,6,0
8,0,8,0
0,23,23,0
29,0,29,0
1,0,1,0
1,0,1,0
0,106,106,4
215,0,215,0
0,1,1,6
4,0,4,0
169,0,169,0
0,1,1,2
8,0,8,0
61,0,61,0
0,12,12,23
2,0,2,0
34,0,34,0
0,245,245,13
17,0,17,0
19,0,19,0
0,1,1,1
6,0,6,0
351,0,351,0
0,148,148,27
0,534,534,16
438,0,438,0
1,0,1,0
4,0,4,0
13,0,13,0
0,13,13,8
0,7,7,37
2,0,2,0
3,0,3,0
64,0,64,0
1,0,1,0
0,1,1,0
0,35,35,64
1,0,1,0
130,0,130,0
10,0,10,0
7,0,7,0
6,0,6,0
0,42,42,12
2,0,2,0
1,0,1,0
2,0,2,0
0,25,25,28
20,0,20,0
8,0,8,0
0,28,28,6
0,9,9,5
1,0,1,0
0,13,13,5
12,0,12,0
4,0,4,0
5,0,5,0
0,215,215,112
5,0,5,0
4,0,4,0
0,14,14,74
1,0,1,0
0,270,270,13
1,0,1,0
12,0,12,0
2,0,2,0
0,37,37,46
36,0,36,0
0,1,1,30
7,0,7,0
12,0,12,0
0,1111,1111,41
35,0,35,0
3,0,3,0
114,0,114,0
0,12,12,0
1,0,1,0
0,134,134,35
95,0,95,0
52,0,52,0
0,54,54,30
4,0,4,0
0,38,38,22
0,167,167,96
151,0,151,0
0,9,9,4
3,0,3,0
1,0,1,0
1,0,1,0
0,3,3,2
13,0,13,0
0,224,224,3
183,0,183,0
0,10,10,60
8,0,8,0
5,0,5,0
7,0,7,0
0,3,3,38
88,0,88,0
0,10,10,77
1,0,1,0
0,462,462,1
2,0,2,0
0,396,396,11
417,0,417,0
1,0,1,0
17,0,17,0
164,0,164,0
256,0,256,0
0,92,92,199
0,33,33,10
0,4,4,5
55,0,55,0
42,0,42,0
1,0,1,0
2,0,2,0
199,0,199,0
33,0,33,0
0,187,187,43
0,3,3,5
0,4,4,0
1,0,1,0
0,23,23,4
1,0,1,0
448,0,448,0
0,73,73,30
70,0,70,0
0,38,38,7
0,135,135,102
533,0,533,0
2,0,2,0
19,0,19,0
0,34,34,15
2,0,2,0
23,0,23,0
0,30,30,79
1,0,1,0
0,39,39,73
33,0,33,0
3,0,3,0
1,0,1,0
5,0,5,0
83,0,83,0
0,2,2,13
0,85,85,65
1,0,1,0
65,0,65,0
2,0,2,0
0,48,48,72
48,0,48,0
0,89,89,17
40,0,40,0
0,3,3,47
3,0,3,0
0,52,52,10
3,0,3,0
16,0,16,0
0,102,102,192
56,0,56,0
0,2,2,11
62,0,62,0
0,3,3,12
55,0,55,0
4,0,4,0
0,99,99,119
10,0,10,0
0,1,1,17
0,19,19,1
0,40,40,1
1,0,1,0
53,0,53,0
21,0,21,0
5,0,5,0
0,116,116,7
5,0,5,0
0,36,36,31
8,0,8,0
23,0,23,0
47,0,47,0
0,131,131,1
81,0,81,0
0,158,158,17
1,0,1,0
168,0,168,0
9,0,9,0
0,9,9,2
2,0,2,0
2,0,2,0
0,195,195,39
82,0,82,0
36,0,36,0
0,193,193,18
0,5,5,22
24,0,24,0
4,0,4,0
57,0,57,0
2,0,2,0
1,0,1,0
21,0,21,0
2,0,2,0
0,93,93,62
8,0,8,0
46,0,46,0
0,31,31,8
3,0,3,0
0,108,108,43
21,0,21,0
2,0,2,0
1,0,1,0
5,0,5,0
78,0,78,0
0,139,139,64
21,0,21,0
17,0,17,0
13,0,13,0
0,9,9,6
3,0,3,0
3,0,3,0
1,0,1,0
4,0,4,0
0,9,9,20
3,0,3,0
1,0,1,0
0,466,466,1
432,0,432,0
0,2,2,7
14,0,14,0
0,30,30,0
1,0,1,0
6,0,6,0
27,0,27,0
15,0,15,0
47,0,47,0
0,24,24,35
42,0,42,0
0,85,85,4
5,0,5,0
6,0,6,0
0,19,19,41
14,0,14,0
1,0,1,0
8,0,8,0
17,0,17,0
32,0,32,0
1,0,1,0
30,0,30,0
2,0,2,0
4,0,4,0
63,0,63,0
34,0,34,0
20,0,20,0
19,0,19,0
41,0,41,0
39,0,39,0
0,127,127,37
114,0,114,0
5,0,5,0
15,0,15,0
0,86,86,4
88,0,88,0
12,0,12,0
0,25,25,7
45,0,45,0
0,68,68,31
0,68,68,56
2,0,2,0
2,0,2,0
4,0,4,0
37,0,37,0
355,0,355,0
0,30,30,110
30,0,30,0
126,0,126,0
4,0,4,0
3,0,3,0
109,0,109,0
0,2,2,38
0,73,73,21
34,0,34,0
194,0,194,0
0,58,58,75
38,0,38,0
0,6,6,28
0,1,1,56
0,35,35,5
38,0,38,0
0,20,20,0
0,10,10,7
10,0,10,0
3,0,3,0
5,0,5,0
0,49,49,35
2,0,2,0
5,0,5,0
39,0,39,0
0,70,70,0
0,265,265,53
264,0,264,0
10,0,10,0
18,0,18,0
0,10,10,6
6,0,6,0
15,0,15,0
0,2,2,20
0,3,3,0
0,21,21,94
38,0,38,0
1,0,1,0
0,35,35,24
1,0,1,0
0,7,7,0
5,0,5,0
4,0,4,0
9,0,9,0
12,0,12,0
0,59,59,18
0,52,52,28
3,0,3,0
9,0,9,0
0,39,39,19
71,0,71,0
3,0,3,0
0,28,28,0
2,0,2,0
4,0,4,0
0,95,95,43
60,0,60,0
0,45,45,51
140,0,140,0
5,0,5,0
0,1,1,0
0,15,15,176
41,0,41,0
0,8,8,59
44,0,44,0
2,0,2,0
1,0,1,0
0,2,2,3
13,0,13,0
0,40,40,28
0,101,101,4
0,13,13,3
11,0,11,0
141,0,141,0
0,129,129,12
0,33,33,86
20,0,20,0
0,22,22,51
24,0,24,0
38,0,38,0
0,1,1,12
6,0,6,0
5,0,5,0
12,0,12,0
5,0,5,0
0,104,104,28
126,0,126,0
0,3,3,31
1225,0,1225,0
0,54,54,1
20,0,20,0
0,297,297,29
473,0,473,0
45,0,45,0
25,0,25,0
2,0,2,0
0,1,1,0
0,20,20,46
4,0,4,0
0,2,2,3
40,0,40,0
32,0,32,0
0,7,7,25
4,0,4,0
7,0,7,0
0,7,7,187
25,0,25,0
3,0,3,0
0,8,8,4
0,48,48,34
0,419,419,45
293,0,293,0
0,132,132,12
124,0,124,0
7,0,7,0
0,3,3,3
119,0,119,0
0,134,134,90
13,0,13,0
0,9,9,75
285,0,285,0
0,7,7,3
164,0,164,0
5,0,5,0
0,192,192,3
52,0,52,0
50,0,50,0
1,0,1,0
0,36,36,6
25,0,25,0
0,212,212,94
1,0,1,0
1,0,1,0
1,0,1,0
29,0,29,0
7,0,7,0
47,0,47,0
1,0,1,0
0,17,17,0
58,0,58,0
11,0,11,0
14,0,14,0
0,613,613,38
0,61,61,19
46,0,46,0
0,64,64,22
10,0,10,0
0,88,88,5
77,0,77,0
15,0,15,0
0,7,7,23
3,0,3,0
0,163,163,17
6,0,6,0
0,8,8,35
2,0,2,0
0,11,11,26
4,0,4,0
1,0,1,0
0,16,16,3
11,0,11,0
5,0,5,0
0,45,45,55
2,0,2,0
73,0,73,0
17,0,17,0
14,0,14,0
0,308,308,40
75,0,75,0
0,59,59,31
61,0,61,0
0,26,26,14
1,0,1,0
2,0,2,0
13,0,13,0
17,0,17,0
0,55,55,51
12,0,12,0
18,0,18,0
9,0,9,0
0,3,3,1
1,0,1,0
7,0,7,0
1,0,1,0
31,0,31,0
2,0,2,0
177,0,177,0
0,238,238,7
5,0,5,0
8,0,8,0
0,40,40,11
17,0,17,0
6,0,6,0
192,0,192,0
1,0,1,0
0,184,184,6
12,0,12,0
8,0,8,0
0,1,1,0
28,0,28,0
1,0,1,0
1,0,1,0
0,357,357,151
17,0,17,0
0,315,315,13
149,0,149,0
27,0,27,0
76,0,76,0
199,0,199,0
1,0,1,0
2,0,2,0
38,0,38,0
0,14,14,8
0,9,9,197
0,17,17,14
1,0,1,0
0,86,86,33
40,0,40,0
0,36,36,11
9,0,9,0
234,0,234,0
0,37,37,34
33,0,33,0
563,0,563,0
5,0,5,0
5,0,5,0
0,21,21,26
3,0,3,0
0,47,47,112
48,0,48,0
1,0,1,0
0,92,92,14
3,0,3,0
0,163,163,6
30,0,30,0
4,0,4,0
7,0,7,0
0,7,7,39
152,0,152,0
0,68,68,21
3,0,3,0
0,27,27,113
3,0,3,0
21,0,21,0
0,114,114,64
335,0,335,0
49,0,49,0
0,1,1,0
3,0,3,0
0,23,23,2
85,0,85,0
1,0,1,0
420,0,420,0
0,2,2,1
1,0,1,0
1,0,1,0
0,17,17,14
0,5,5,13
21,0,21,0
56,0,56,0
26,0,26,0
0,321,321,21
2,0,2,0
72,0,72,0
72,0,72,0
10,0,10,0
0,55,55,31
0,3,3,49
21,0,21,0
60,0,60,0
1,0,1,0
9,0,9,0
0,4,4,4
0,15,15,17
49,0,49,0
2,0,2,0
12,0,12,0
0,4,4,20
14,0,14,0
0,3,3,3
7,0,7,0
3,0,3,0
22,0,22,0
9,0,9,0
0,1,1,2
3,0,3,0
0,192,192,44
1,0,1,0
0,146,146,2
5,0,5,0
3,0,3,0
31,0,31,0
4,0,4,0
0,74,74,49
351,0,351,0
1,0,1,0
4,0,4,0
1,0,1,0
1,0,1,0
118,0,118,0
2,0,2,0
3,0,3,0
4,0,4,0
52,0,52,0
0,24,24,59
3,0,3,0
107,0,107,0
2,0,2,0
0,42,42,148
26,0,26,0
4,0,4,0
0,2,2,0
25,0,25,0
0,63,63,47
41,0,41,0
8,0,8,0
1,0,1,0
56,0,56,0
35,0,35,0
3,0,3,0
174,0,174,0
0,176,176,2
65,0,65,0
18,0,18,0
0,4,4,53
0,1083,1083,27
170,0,170,0
25,0,25,0
0,36,36,26
0,18,18,17
0,1,1,0
126,0,126,0
0,1,1,3
1,0,1,0
0,106,106,19
53,0,53,0
3,0,3,0
0,39,39,5
0,48,48,8
13,0,13,0
6,0,6,0
0,20,20,15
0,39,39,16
13,0,13,0
0,114,114,18
30,0,30,0
3,0,3,0
4,0,4,0
1,0,1,0
0,1,1,109
0,131,131,23
0,24,24,8
3,0,3,0
0,19,19,39
6,0,6,0
6,0,6,0
9,0,9,0
0,60,60,147
0,2,2,0
0,148,148,27
47,0,47,0
0,9,9,11
0,35,35,17
1,0,1,0
4,0,4,0
1,0,1,0
0,106,106,6
4,0,4,0
93,0,93,0
35,0,35,0
24,0,24,0
0,139,139,63
1,0,1,0
0,31,31,28
0,3,3,2
0,2,2,0
55,0,55,0
0,8,8,13
14,0,14,0
0,311,311,70
239,0,239,0
102,0,102,0
16,0,16,0
3,0,3,0
5,0,5,0
5,0,5,0
2,0,2,0
0,2,2,117
0,16,16,39
7,0,7,0
0,12,12,5
0,119,119,19
0,696,696,57
4,0,4,0
0,5,5,26
6,0,6,0
8,0,8,0
3,0,3,0
0,268,268,56
1,0,1,0
0,25,25,7
0,9,9,6
99,0,99,0
0,35,35,0
24,0,24,0
0,299,299,20
320,0,320,0
0,224,224,21
0,1,1,0
4,0,4,0
0,282,282,81
93,0,93,0
3,0,3,0
295,0,295,0
23,0,23,0
16,0,16,0
0,2,2,5
262,0,262,0
22,0,22,0
18,0,18,0
2,0,2,0
0,61,61,143
45,0,45,0
137,0,137,0
5,0,5,0
0,606,606,51
596,0,596,0
1,0,1,0
0,2,2,14
8,0,8,0
1,0,1,0
3,0,3,0
0,31,31,2
22,0,22,0
0,82,82,7
8,0,8,0
3,0,3,0
0,138,138,28
8,0,8,0
0,98,98,119
3,0,3,0
49,0,49,0
12,0,12,0
2,0,2,0
0,28,28,11
26,0,26,0
0,53,53,38
0,5,5,86
9,0,9,0
1,0,1,0
0,178,178,10
1,0,1,0
0,1495,1495,0
52,0,52,0
1,0,1,0
2,0,2,0
0,105,105,1
0,467,467,21
25,0,25,0
0,130,130,35
9,0,9,0
2,0,2,0
42,0,42,0
2,0,2,0
9,0,9,0
0,360,360,0
0,37,37,0
47,0,47,0
9,0,9,0
115,0,115,0
0,94,94,12
14,0,14,0
66,0,66,0
20,0,20,0
0,1,1,6
23,0,23,0
0,149,149,74
0,1,1,25
198,0,198,0
0,31,31,46
2,0,2,0
0,6,6,5
9,0,9,0
25,0,25,0
0,21,21,25
35,0,35,0
100,0,100,0
0,12,12,57
0,31,31,9
100,0,100,0
0,106,106,11
0,62,62,13
112,0,112,0
13,0,13,0
0,110,110,28
8,0,8,0
2,0,2,0
61,0,61,0
5,0,5,0
11,0,11,0
3,0,3,0
8,0,8,0
24,0,24,0
10,0,10,0
9,0,9,0
21,0,21,0
28,0,28,0
0,175,175,65
129,0,129,0
74,0,74,0
0,35,35,18
0,153,153,24
82,0,82,0
17,0,17,0
0,74,74,17
148,0,148,0
0,133,133,80
0,139,139,62
12,0,12,0
0,8,8,13
0,8,8,51
11,0,11,0
0,78,78,35
108,0,108,0
189,0,189,0
9,0,9,0
4,0,4,0
0,103,103,0
91,0,91,0
25,0,25,0
0,196,196,52
59,0,59,0
341,0,341,0
0,11,11,4
0,19,19,5
2,0,2,0
2,0,2,0
0,88,88,30
27,0,27,0
0,11,11,58
0,60,60,107
33,0,33,0
83,0,83,0
5,0,5,0
0,112,112,66
0,9,9,36
5,0,5,0
3,0,3,0
0,10,10,8
0,2,2,1
1,0,1,0
38,0,38,0
13,0,13,0
21,0,21,0
1,0,1,0
0,6,6,4
0,1884,1884,138
198,0,198,0
34,0,34,0
12,0,12,0
7,0,7,0
0,2,2,14
61,0,61,0
0,15,15,7
2,0,2,0
58,0,58,0
0,80,80,16
113,0,113,0
12,0,12,0
2,0,2,0
116,0,116,0
0,16,16,0
3,0,3,0
0,8,8,27
1,0,1,0
0,82,82,39
36,0,36,0
0,34,34,48
12,0,12,0
59,0,59,0
32,0,32,0
251,0,251,0
2,0,2,0
0,9,9,23
20,0,20,0
0,1,1,0
39,0,39,0
58,0,58,0
0,91,91,5
68,0,68,0
98,0,98,0
0,479,479,0
0,146,146,14
274,0,274,0
0,367,367,74
316,0,316,0
0,14,14,28
8,0,8,0
0,10,10,40
4,0,4,0
5,0,5,0
0,146,146,18
9,0,9,0
1,0,1,0
0,111,111,272
4,0,4,0
25,0,25,0
0,6,6,6
1,0,1,0
0,146,146,31
0,32,32,16
22,0,22,0
0,10,10,14
31,0,31,0
33,0,33,0
230,0,230,0
4,0,4,0
41,0,41,0
26,0,26,0
0,2,2,90
0,779,779,42
0,9,9,0
6,0,6,0
61,0,61,0
3,0,3,0
6,0,6,0
0,86,86,38
6,0,6,0
0,3,3,1
4,0,4,0
48,0,48,0
2,0,2,0
2,0,2,0
12,0,12,0
0,83,83,14
2,0,2,0
8,0,8,0
128,0,128,0
36,0,36,0
0,79,79,90
4,0,4,0
0,11,11,0
35,0,35,0
0,145,145,63
356,0,356,0
6,0,6,0
127,0,127,0
0,51,51,0
1,0,1,0
9,0,9,0
6,0,6,0
0,180,180,50
158,0,158,0
2,0,2,0
0,15,15,13
16,0,16,0
4,0,4,0
0,32,32,1
0,54,54,2
1,0,1,0
0,33,33,55
456,0,456,0
0,3,3,1
10,0,10,0
1,0,1,0
2,0,2,0
6,0,6,0
1,0,1,0
10,0,10,0
0,1649,1649,130
3,0,3,0
7,0,7,0
24,0,24,0
12,0,12,0
2,0,2,0
173,0,173,0
5,0,5,0
20,0,20,0
0,101,101,16
100,0,100,0
4,0,4,0
0,146,146,6
4,0,4,0
1,0,1,0
1,0,1,0
6,0,6,0
1,0,1,0
4,0,4,0
0,5,5,1
78,0,78,0
46,0,46,0
1,0,1,0
46,0,46,0
3,0,3,0
0,3,3,6
5,0,5,0
25,0,25,0
0,1,1,0
10,0,10,0
0,4,4,8
5,0,5,0
86,0,86,0
2,0,2,0
0,3,3,7
0,101,101,37
0,27,27,5
17,0,17,0
3,0,3,0
0,49,49,6
30,0,30,0
2,0,2,0
113,0,113,0
18,0,18,0
6,0,6,0
0,121,121,10
102,0,102,0
14,0,14,0
17,0,17,0
0,11,11,150
25,0,25,0
67,0,67,0
4,0,4,0
118,0,118,0
16,0,16,0
6,0,6,0
0,15,15,151
8,0,8,0
16,0,16,0
0,121,121,64
0,33,33,12
22,0,22,0
0,3,3,18
0,7,7,14
7,0,7,0
12,0,12,0
156,0,156,0
0,19,19,14
10,0,10,0
158,0,158,0
46,0,46,0
3,0,3,0
0,4,4,12
7,0,7,0
208,0,208,0
0,21,21,65
21,0,21,0
17,0,17,0
3,0,3,0
0,29,29,18
3,0,3,0
4,0,4,0
0,14,14,60
98,0,98,0
23,0,23,0
241,0,241,0
4,0,4,0
57,0,57,0
218,0,218,0
0,95,95,47
66,0,66,0
0,22,22,25
22,0,22,0
0,33,33,28
22,0,22,0
68,0,68,0
0,92,92,0
3,0,3,0
1,0,1,0
0,24,24,9
2,0,2,0
4,0,4,0
0,1,1,0
0,55,55,85
0,769,769,46
8,0,8,0
30,0,30,0
26,0,26,0
2,0,2,0
0,215,215,33
0,88,88,0
0,105,105,28
110,0,110,0
1,0,1,0
3,0,3,0
4,0,4,0
0,2,2,15
0,157,157,32
96,0,96,0
0,34,34,2
162,0,162,0
0,3,3,34
91,0,91,0
14,0,14,0
2,0,2,0
8,0,8,0
29,0,29,0
1,0,1,0
0,24,24,11
3,0,3,0
2,0,2,0
0,261,261,9
15,0,15,0
0,1,1,1
0,61,61,27
2,0,2,0
0,106,106,26
0,530,530,151
137,0,137,0
0,29,29,14
0,27,27,6
0,6,6,0
30,0,30,0
43,0,43,0
4,0,4,0
0,10,10,0
7,0,7,0
1,0,1,0
0,7,7,54
2,0,2,0
21,0,21,0
46,0,46,0
1,0,1,0
0,132,132,22
155,0,155,0
11,0,11,0
0,717,717,28
25,0,25,0
0,25,25,37
23,0,23,0
48,0,48,0
4,0,4,0
0,13,13,30
2,0,2,0
2,0,2,0
96,0,96,0
0,37,37,18
0,101,101,33
0,66,66,28
0,36,36,29
33,0,33,0
89,0,89,0
0,5,5,4
0,13,13,2
156,0,156,0
0,6,6,42
2,0,2,0
0,186,186,21
21,0,21,0
0,109,109,73
133,0,133,0
0,8,8,36
0,3,3,2
0,24,24,14
15,0,15,0
11,0,11,0
4,0,4,0
15,0,15,0
3,0,3,0
0,255,255,0
1,0,1,0
3,0,3,0
5,0,5,0
0,8,8,4
4,0,4,0
4,0,4,0
10,0,10,0
33,0,33,0
0,43,43,35
0,4,4,16
5,0,5,0
42,0,42,0
11,0,11,0
1,10,11,18
17,0,17,0
0,13,13,76
0,15,15,6
3,0,3,0
59,0,59,0
0,4,4,12
0,111,111,25
8,0,8,0
0,14,14,27
7,0,7,0
256,0,256,0
6,0,6,0
1,0,1,0
0,534,534,11
64,0,64,0
0,349,349,19
18,0,18,0
0,41,41,23
2,0,2,0
0,5,5,15
0,547,547,56
253,0,253,0
0,1,1,1
2,0,2,0
0,774,774,2
7,0,7,0
458,0,458,0
0,6,6,18
3,0,3,0
1,0,1,0
0,1,1,35
6,0,6,0
0,4,4,2
2,0,2,0
1,0,1,0
1,0,1,0
7,0,7,0
4,0,4,0
0,6,6,1
0,58,58,22
0,26,26,17
12,0,12,0
84,0,84,0
39,0,39,0
3,0,3,0
32,0,32,0
0,88,88,62
2,0,2,0
25,0,25,0
84,0,84,0
23,0,23,0
7,0,7,0
0,111,111,13
2,0,2,0
0,32,32,56
20,0,20,0
0,11,11,0
50,0,50,0
251,0,251,0
48,0,48,0
5,0,5,0
3,0,3,0
0,388,388,79
4,0,4,0
48,0,48,0
4,0,4,0
1,0,1,0
1,0,1,0
2,0,2,0
14,0,14,0
0,29,29,105
0,11,11,17
0,173,173,0
1,0,1,0
51,0,51,0
175,0,175,0
5,0,5,0
113,0,113,0
0,3,3,13
1,0,1,0
0,2673,2673,46
190,0,190,0
27,0,27,0
2,0,2,0
7,0,7,0
7,0,7,0
20,0,20,0
6,0,6,0
4,0,4,0
85,0,85,0
0,22,22,2
12,0,12,0
0,14,14,4
0,106,106,9
2,0,2,0
1,0,1,0
0,61,61,36
19,0,19,0
55,0,55,0
0,92,92,52
4,0,4,0
0,319,319,66
30,0,30,0
1,0,1,0
0,15,15,18
5,0,5,0
4,0,4,0
44,0,44,0
30,0,30,0
4,0,4,0
2,0,2,0
0,140,140,67
3,0,3,0
0,119,119,8
6,0,6,0
304,0,304,0
22,0,22,0
3,0,3,0
12,0,12,0
27,0,27,0
7,0,7,0
6,0,6,0
3,0,3,0
16,0,16,0
7,0,7,0
0,29,29,12
60,0,60,0
0,12,12,50
2,0,2,0
9,0,9,0
10,0,10,0
0,59,59,55
1,0,1,0
19,0,19,0
1,0,1,0
7,0,7,0
0,54,54,4
1,0,1,0
48,0,48,0
0,7,7,2
10,0,10,0
0,6,6,75
3,0,3,0
2,0,2,0
20,0,20,0
0,152,152,131
3,0,3,0
0,21,21,30
0,9,9,15
13,0,13,0
11,0,11,0
0,71,71,37
39,0,39,0
0,71,71,13
14,0,14,0
1,0,1,0
0,13,13,22
1,0,1,0
6,0,6,0
26,0,26,0
6,0,6,0
10,0,10,0
0,16,16,10
1,0,1,0
1,0,1,0
1,0,1,0
3,0,3,0
12,0,12,0
1,0,1,0
0,111,111,112
242,0,242,0
16,0,16,0
1,0,1,0
3,0,3,0
183,0,183,0
0,341,341,14
1680,0,1680,0
7,0,7,0
92,0,92,0
156,0,156,0
19,0,19,0
0,3,3,12
21,0,21,0
2,0,2,0
1,0,1,0
8,0,8,0
0,17,17,1
23,0,23,0
31,0,31,0
4,0,4,0
2,0,2,0
0,4,4,0
0,4,4,11
5,0,5,0
0,137,137,24
46,0,46,0
13,0,13,0
0,14,14,0
1,0,1,0
1,0,1,0
227,0,227,0
0,91,91,4
105,0,105,0
0,1,1,24
5,0,5,0
0,1,1,2
20,0,20,0
0,1,1,11
0,3,3,16
1,0,1,0
4,0,4,0
0,1,1,29
0,326,326,173
279,0,279,0
1,0,1,0
21,0,21,0
0,160,160,9
8,0,8,0
29,0,29,0
0,11,11,4
3,0,3,0
27,0,27,0
37,0,37,0
0,71,71,29
20,0,20,0
57,0,57,0
0,44,44,16
0,3,3,26
94,0,94,0
0,18,18,176
3,0,3,0
0,132,132,36
0,186,186,1
0,4,4,6
30,0,30,0
159,0,159,0
4,0,4,0
41,0,41,0
0,10,10,0
2,0,2,0
0,106,106,7
0,3,3,1
0,15,15,15
2,0,2,0
64,0,64,0
0,11,11,6
7,0,7,0
0,66,66,37
19,0,19,0
0,32,32,9
0,7,7,16
7,0,7,0
2,0,2,0
7,0,7,0
42,0,42,0
0,56,56,38
0,7,7,0
12,0,12,0
11,0,11,0
0,32,32,26
1,0,1,0
0,2,2,16
0,114,114,0
63,0,63,0
0,22,22,27
5,0,5,0
8,0,8,0
1,0,1,0
22,0,22,0
4,0,4,0
0,12,12,9
71,0,71,0
0,15,15,79
0,2,2,6
0,1,1,0
40,0,40,0
0,897,897,100
6,0,6,0
0,10,10,0
0,140,140,9
0,70,70,15
6,0,6,0
0,57,57,31
50,0,50,0
6,0,6,0
0,71,71,67
0,3,3,27
0,134,134,7
44,0,44,0
0,1,1,2
738,0,738,0
15,0,15,0
175,0,175,0
15,0,15,0
0,22,22,36
3,0,3,0
2,0,2,0
1,0,1,0
1,0,1,0
9,0,9,0
11,0,11,0
2,0,2,0
1,0,1,0
2,0,2,0
0,7,7,28
0,106,106,9
0,124,124,24
0,16,16,36
75,0,75,0
2,0,2,0
2,0,2,0
1,0,1,0
16,0,16,0
5,0,5,0
3,0,3,0
173,0,173,0
1,0,1,0
5,0,5,0
11,0,11,0
0,5,5,2
1,0,1,0
0,30,30,15
0,1,1,17
43,0,43,0
24,0,24,0
0,119,119,35
11,0,11,0
109,0,109,0
0,5,5,14
32,0,32,0
384,0,384,0
33,0,33,0
14,0,14,0
41,0,41,0
1,0,1,0
26,0,26,0
21,0,21,0
44,0,44,0
10,0,10,0
2,0,2,0
0,81,81,8
49,0,49,0
8,0,8,0
1,0,1,0
1,0,1,0
4,0,4,0
222,0,222,0
0,8,8,6
1,0,1,0
0,2,2,59
238,0,238,0
2,0,2,0
167,0,167,0
0,20,20,8
0,7,7,15
0,141,141,16
0,21,21,4
240,0,240,0
4,0,4,0
0,3,3,1
0,14,14,28
0,4,4,8
5,0,5,0
31,0,31,0
0,45,45,42
13,0,13,0
1,0,1,0
0,33,33,8
45,0,45,0
2,0,2,0
2,0,2,0
0,2,2,13
25,0,25,0
0,96,96,12
2,0,2,0
0,60,60,5
0,57,57,11
3,0,3,0
1,0,1,0
2,0,2,0
0,6,6,13
15,0,15,0
1,0,1,0
1,0,1,0
2,0,2,0
57,0,57,0
0,4,4,97
0,45,45,7
0,7,7,3
0,227,227,47
0,118,118,64
6,0,6,0
1,0,1,0
24,0,24,0
0,16,16,35
14,0,14,0
0,11,11,4
1,0,1,0
0,113,113,76
3,0,3,0
9,0,9,0
4,0,4,0
0,1,1,6
0,15,15,0
6,0,6,0
0,20,20,4
18,0,18,0
70,0,70,0
5,0,5,0
0,23,23,40
29,0,29,0
50,0,50,0
0,4,4,1
8,0,8,0
12,0,12,0
29,0,29,0
4,0,4,0
12,0,12,0
4,0,4,0
0,1,1,1
28,0,28,0
1,0,1,0
0,20,20,127
6,0,6,0
25,0,25,0
0,253,253,22
0,204,204,12
0,4,4,4
56,0,56,0
6,0,6,0
155,0,155,0
1,0,1,0
0,2,2,20
0,5,5,63
34,0,34,0
0,16,16,26
4,0,4,0
0,1,1,3
13,0,13,0
13,0,13,0
5,0,5,0
91,0,91,0
0,2,2,18
1,0,1,0
272,0,272,0
33,0,33,0
0,1,1,3
5,0,5,0
80,0,80,0
0,97,97,0
6,0,6,0
23,0,23,0
0,216,216,133
10,0,10,0
1,0,1,0
113,0,113,0
0,66,66,0
100,0,100,0
2,0,2,0
0,380,380,58
8,0,8,0
0,155,155,4
3,0,3,0
32,0,32,0
4,0,4,0
0,194,194,114
0,1178,1178,345
1214,0,1214,0
0,3,3,63
116,0,116,0
0,31,31,30
14,0,14,0
8,0,8,0
0,55,55,0
61,0,61,0
0,5,5,37
1,0,1,0
0,58,58,13
1,0,1,0
87,0,87,0
0,189,189,1
218,0,218,0
3,0,3,0
6,0,6,0
4,0,4,0
4,0,4,0
29,0,29,0
35,0,35,0
0,35,35,76
18,0,18,0
5,0,5,0
66,0,66,0
9,0,9,0
0,151,151,33
22,0,22,0
0,137,137,1
10,0,10,0
11,0,11,0
2,0,2,0
0,94,94,12
70,0,70,0
0,9,9,35
1,0,1,0
1,0,1,0
0,56,56,14
49,0,49,0
103,0,103,0
4,0,4,0
0,27,27,11
1,0,1,0
1,0,1,0
1,0,1,0
1,0,1,0
1,0,1,0
0,533,533,69
5,0,5,0
46,0,46,0
0,15,15,55
6,0,6,0
71,0,71,0
30,0,30,0
11,0,11,0
8,0,8,0
7,0,7,0
8,0,8,0
0,4,4,2
2,0,2,0
0,431,431,48
0,75,75,29
0,131,131,39
133,0,133,0
8,0,8,0
2,0,2,0
21,0,21,0
4,0,4,0
0,12,12,13
16,0,16,0
63,0,63,0
2,0,2,0
1,0,1,0
15,0,15,0
0,10,10,31
37,0,37,0
0,5,5,1
0,37,37,26
498,0,498,0
21,0,21,0
0,12,12,16
35,0,35,0
4,0,4,0
6,0,6,0
0,526,526,92
4,0,4,0
157,0,157,0
0,72,72,65
2,0,2,0
80,0,80,0
130,0,130,0
173,0,173,0
0,4,4,1
1,0,1,0
0,10,10,10
54,0,54,0
4,0,4,0
0,175,175,19
0,667,667,70
16,0,16,0
0,4,4,0
23,0,23,0
38,0,38,0
0,131,131,18
3,0,3,0
1,0,1,0
3,0,3,0
0,227,227,9
217,0,217,0
69,0,69,0
0,50,50,24
0,1099,1099,137
52,0,52,0
32,0,32,0
8,0,8,0
0,395,395,36
30,0,30,0
0,2,2,0
0,26,26,9
18,0,18,0
20,0,20,0
2,29,31,120
21,0,21,0
0,356,356,81
28,0,28,0
27,0,27,0
0,45,45,25
3,0,3,0
0,17,17,0
4,0,4,0
69,0,69,0
0,51,51,7
26,0,26,0
0,290,290,19
3,0,3,0
19,0,19,0
36,0,36,0
9,0,9,0
235,0,235,0
9,0,9,0
0,76,76,4
3,0,3,0
0,4,4,7
6,0,6,0
1,0,1,0
3,0,3,0
102,0,102,0
3,0,3,0
2,0,2,0
22,0,22,0
2,0,2,0
0,74,74,35
7,0,7,0
5,0,5,0
0,24,24,9
9,0,9,0
19,0,19,0
0,66,66,35
117,0,117,0
1,0,1,0
10,0,10,0
182,0,182,0
0,6,6,0
0,193,193,18
108,0,108,0
0,1,1,1
0,131,131,38
48,0,48,0
0,21,21,3
1,0,1,0
1,0,1,0
7,0,7,0
0,58,58,2
39,0,39,0
3,0,3,0
1,0,1,0
173,0,173,0
29,0,29,0
0,36,36,34
25,0,25,0
0,68,68,215
388,0,388,0
15,0,15,0
2,0,2,0
0,53,53,14
9,0,9,0
54,0,54,0
0,2,2,6
2,417,419,24
9,0,9,0
1,0,1,0
11,0,11,0
5,0,5,0
8,0,8,0
7,0,7,0
13,0,13,0
2,0,2,0
20,0,20,0
0,20,20,3
47,0,47,0
5,0,5,0
19,0,19,0
2,0,2,0
11,0,11,0
87,0,87,0
0,99,99,23
1,0,1,0
45,0,45,0
163,0,163,0
105,0,105,0
1,0,1,0
2,0,2,0
0,17,17,13
11,0,11,0
3,0,3,0
11,0,11,0
24,0,24,0
30,0,30,0
4,0,4,0
0,109,109,22
1,0,1,0
0,12,12,0
7,0,7,0
0,78,78,3
72,0,72,0
77,0,77,0
0,17,17,18
39,0,39,0
4,0,4,0
114,0,114,0
3,0,3,0
3,0,3,0
0,97,97,36
274,0,274,0
5,0,5,0
149,0,149,0
59,0,59,0
0,196,196,20
7,0,7,0
29,0,29,0
2,0,2,0
0,320,320,29
0,32,32,8
3,0,3,0
0,1,1,14
16,0,16,0
6,0,6,0
7,0,7,0
6,0,6,0
4,0,4,0
0,87,87,141
3,0,3,0
16,0,16,0
0,45,45,65
4,0,4,0
7,0,7,0
133,0,133,0
0,218,218,1
74,0,74,0
0,27,27,17
6,0,6,0
0,110,110,12
0,4,4,1
10,0,10,0
0,1,1,23
483,0,483,0
0,1,1,92
11,0,11,0
0,4,4,8
1,0,1,0
0,55,55,13
192,0,192,0
175,0,175,0
70,0,70,0
1,0,1,0
0,10,10,10
177,0,177,0
0,113,113,91
88,0,88,0
0,47,47,96
11,0,11,0
1,0,1,0
0,56,56,16
1,0,1,0
2,0,2,0
23,0,23,0
5,0,5,0
3,0,3,0
1,0,1,0
0,2,2,10
28,0,28,0
0,14,14,7
47,0,47,0
0,70,70,16
8,0,8,0
0,20,20,7
17,0,17,0
1,0,1,0
0,103,103,56
27,0,27,0
0,2,2,8
23,0,23,0
21,0,21,0
0,6,6,52
7,0,7,0
7,0,7,0
0,24,24,12
12,0,12,0
0,11,11,31
2,0,2,0
1,0,1,0
120,0,120,0
4,0,4,0
0,83,83,56
153,0,153,0
25,0,25,0
24,0,24,0
41,0,41,0
1,0,1,0
7,0,7,0
0,13,13,151
14,0,14,0
24,0,24,0
0,6,6,39
244,0,244,0
63,0,63,0
4,0,4,0
17,0,17,0
0,65,65,49
6,0,6,0
53,0,53,0
2,0,2,0
0,20,20,44
21,0,21,0
95,0,95,0
0,80,80,122
37,0,37,0
2,0,2,0
1,0,1,0
22,0,22,0
0,202,202,4
87,0,87,0
0,109,109,1
0,10,10,65
0,72,72,120
7,0,7,0
15,0,15,0
10,0,10,0
0,7,7,161
4,0,4,0
77,0,77,0
4,0,4,0
6,0,6,0
0,132,132,1
7,0,7,0
0,20,20,20
1,0,1,0
10,0,10,0
10,0,10,0
0,2,2,4
4,0,4,0
0,121,121,7
2,0,2,0
0,22,22,40
8,0,8,0
29,0,29,0
4,0,4,0
1,0,1,0
42,0,42,0
88,0,88,0
3,0,3,0
0,170,170,2
7,0,7,0
14,0,14,0
6,0,6,0
4,0,4,0
0,7,7,10
9,0,9,0
4,0,4,0
17,0,17,0
0,3,3,5
391,0,391,0
1,0,1,0
1,0,1,0
0,27,27,21
127,0,127,0
0,52,52,33
30,0,30,0
11,0,11,0
2,0,2,0
0,10,10,6
51,0,51,0
0,95,95,21
127,0,127,0
2,0,2,0
0,56,56,51
119,0,119,0
1,0,1,0
0,180,180,28
318,0,318,0
28,0,28,0
0,3,3,2
39,0,39,0
0,224,224,57
14,0,14,0
5,0,5,0
5,0,5,0
33,0,33,0
9,0,9,0
0,16,16,19
58,0,58,0
0,10,10,0
0,12,12,38
6,0,6,0
90,0,90,0
18,0,18,0
0,17,17,26
0,55,55,30
3,0,3,0
38,0,38,0
2,0,2,0
12,0,12,0
0,17,17,8
1,0,1,0
0,21,21,38
1,0,1,0
0,2,2,21
1,0,1,0
0,10,10,13
2,0,2,0
0,35,35,29
0,5,5,103
7,0,7,0
102,0,102,0
74,0,74,0
0,81,81,22
10,0,10,0
40,0,40,0
125,0,125,0
4,0,4,0
0,38,38,23
154,0,154,0
4,0,4,0
1,0,1,0
1,0,1,0
1,0,1,0
0,159,159,5
80,0,80,0
8,0,8,0
0,7,7,19
70,0,70,0
41,0,41,0
0,30,30,20
3,0,3,0
6,0,6,0
0,18,18,4
15,0,15,0
11,0,11,0
28,0,28,0
0,13,13,5
51,0,51,0
0,10,10,3
17,0,17,0
7,0,7,0
3,0,3,0
2,0,2,0
9,0,9,0
2,0,2,0
0,4,4,24
33,0,33,0
2,0,2,0
0,872,872,50
0,3,3,3
0,99,99,22
19,0,19,0
0,7,7,27
14,0,14,0
1,0,1,0
15,0,15,0
0,47,47,9
20,0,20,0
0,1,1,51
8,0,8,0
1,0,1,0
0,17,17,2
13,0,13,0
9,0,9,0
2,0,2,0
55,0,55,0
6,0,6,0
1,0,1,0
2,0,2,0
7,0,7,0
1,0,1,0
42,0,42,0
0,13,13,46
13,0,13,0
0,28,28,25
73,0,73,0
8,0,8,0
3,0,3,0
6,0,6,0
107,0,107,0
11,0,11,0
27,0,27,0
0,51,51,35
146,0,146,0
0,170,170,8
30,0,30,0
7,0,7,0
3,0,3,0
134,0,134,0
10,0,10,0
10,0,10,0
0,90,90,12
28,0,28,0
57,0,57,0
42,0,42,0
0,50,50,33
47,0,47,0
0,6,6,78
4,0,4,0
2,0,2,0
1,0,1,0
0,67,67,23
37,0,37,0
133,0,133,0
4,0,4,0
0,194,194,41
0,113,113,3
27,0,27,0
0,2,2,32
0,515,515,45
55,0,55,0
6,0,6,0
22,0,22,0
11,0,11,0
0,150,150,0
38,0,38,0
0,2,2,0
4,0,4,0
44,0,44,0
10,0,10,0
0,11,11,25
1,0,1,0
41,0,41,0
24,0,24,0
101,0,101,0
7,0,7,0
0,26,26,13
6,0,6,0
11,0,11,0
5,0,5,0
0,30,30,29
11,0,11,0
2,0,2,0
28,0,28,0
4,0,4,0
57,0,57,0
2,0,2,0
1,0,1,0
779,0,779,0
16,0,16,0
3,0,3,0
20,0,20,0
2,0,2,0
0,15,15,6
5,0,5,0
1,0,1,0
2,0,2,0
1,0,1,0
6,0,6,0
6,0,6,0
4,0,4,0
18,0,18,0
73,0,73,0
13,0,13,0
9,0,9,0
1,0,1,0
9,0,9,0
0,11,11,17
259,0,259,0
2,0,2,0
2,0,2,0
125,0,125,0
0,41,41,45
10,0,10,0
255,0,255,0
0,30,30,35
9,0,9,0
22,0,22,0
48,0,48,0
0,3,3,17
21,0,21,0
0,21,21,17
2,0,2,0
0,25,25,40
22,0,22,0
58,0,58,0
0,60,60,22
1,0,1,0
246,0,246,0
0,15,15,10
1,0,1,0
20,0,20,0
0,285,285,22
31,0,31,0
31,0,31,0
0,18,18,28
16,0,16,0
2,0,2,0
0,27,27,39
21,0,21,0
1,0,1,0
0,3,3,1
0,4,4,2
0,2,2,8
71,0,71,0
6,0,6,0
0,8,8,2
9,0,9,0
11,0,11,0
97,0,97,0
189,0,189,0
40,0,40,0
9,0,9,0
0,182,182,40
25,0,25,0
0,56,56,36
49,0,49,0
0,10,10,97
0,2,2,18
12,0,12,0
1,0,1,0
36,0,36,0
0,19,19,46
2,0,2,0
18,0,18,0
2,0,2,0
0,55,55,4
2,0,2,0
0,30,30,15
6,0,6,0
1,0,1,0
0,3,3,4
0,276,276,7
15,0,15,0
19,0,19,0
0,208,208,8
6,0,6,0
7,0,7,0
0,25,25,54
13,0,13,0
0,8,8,0
5,0,5,0
224,0,224,0
0,8,8,44
20,0,20,0
0,3,3,2
0,374,374,21
0,13,13,2
0,35,35,4
20,0,20,0
0,66,66,13
1,0,1,0
0,7,7,0
1,0,1,0
42,0,42,0
1,0,1,0
26,0,26,0
10,0,10,0
0,684,684,31
106,0,106,0
0,55,55,1
0,82,82,6
121,0,121,0
0,11,11,23
93,0,93,0
0,11,11,3
0,158,158,68
45,0,45,0
0,33,33,78
14,0,14,0
8,0,8,0
0,64,64,18
11,0,11,0
0,43,43,79
13,0,13,0
10,0,10,0
10,0,10,0
24,0,24,0
24,0,24,0
0,99,99,196
9,0,9,0
0,79,79,29
1,0,1,0
0,256,256,35
2,0,2,0
0,312,312,25
285,0,285,0
23,0,23,0
2,0,2,0
1,0,1,0
0,59,59,9
2,0,2,0
0,17,17,1
12,0,12,0
0,14,14,16
22,0,22,0
7,0,7,0
198,0,198,0
38,0,38,0
5,0,5,0
39,0,39,0
14,0,14,0
5,0,5,0
6,0,6,0
225,0,225,0
0,32,32,55
6,0,6,0
1,0,1,0
231,0,231,0
43,0,43,0
0,8,8,4
18,0,18,0
0,33,33,8
10,0,10,0
33,0,33,0
0,2,2,6
12,0,12,0
3,0,3,0
0,236,236,71
0,75,75,47
3,0,3,0
6,0,6,0
0,13,13,38
4,0,4,0
16,0,16,0
0,24,24,19
23,0,23,0
1,0,1,0
19,0,19,0
0,275,275,238
3,0,3,0
14,0,14,0
40,0,40,0
0,84,84,0
159,0,159,0
24,0,24,0
69,0,69,0
21,0,21,0
31,0,31,0
0,2,2,12
0,21,21,25
1,0,1,0
0,16,16,17
0,18,18,1
2,0,2,0
0,8,8,20
2,0,2,0
29,0,29,0
0,62,62,32
225,0,225,0
1,0,1,0
0,10,10,2
84,0,84,0
88,0,88,0
13,0,13,0
0,21,21,4
9,0,9,0
0,91,91,19
1,0,1,0
0,96,96,95
6,0,6,0
5,0,5,0
84,0,84,0
9,0,9,0
0,63,63,32
0,57,57,44
15,0,15,0
44,0,44,0
0,24,24,2
0,110,110,38
1,0,1,0
1,0,1,0
2,0,2,0
5,0,5,0
0,6,6,1
12,0,12,0
1,0,1,0
0,106,106,32
51,0,51,0
0,18,18,14
88,0,88,0
0,274,274,70
16,0,16,0
47,0,47,0
0,7,7,1
0,217,217,4
210,0,210,0
17,0,17,0
0,30,30,42
1,0,1,0
15,0,15,0
2,0,2,0
0,154,154,6
138,0,138,0
13,0,13,0
0,22,22,33
7,0,7,0
3,0,3,0
0,7,7,8
0,10,10,29
33,0,33,0
7,0,7,0
0,152,152,6
0,272,272,83
0,3,3,14
10,0,10,0
0,95,95,21
10,0,10,0
95,0,95,0
13,0,13,0
1,0,1,0
8,0,8,0
10,0,10,0
1,0,1,0
5,0,5,0
15,0,15,0
0,12,12,11
0,2,2,1
13,0,13,0
0,35,35,21
3,0,3,0
1,0,1,0
12,0,12,0
4,0,4,0
4,0,4,0
4,0,4,0
6,0,6,0
3,0,3,0
1,0,1,0
4,0,4,0
6,0,6,0
79,0,79,0
0,123,123,18
0,389,389,21
0,4,4,3
2,0,2,0
28,0,28,44
42,0,42,0
0,826,826,49
25,0,25,0
4,0,4,0
27,0,27,0
5,0,5,0
0,78,78,16
203,0,203,0
53,0,53,0
26,0,26,0
117,0,117,0
14,0,14,0
0,86,86,18
87,0,87,0
0,9,9,4
0,1,1,2
3,0,3,0
1,0,1,0
1,0,1,0
0,78,78,41
47,0,47,0
19,0,19,0
5,0,5,0
0,23,23,2
8,0,8,0
0,12,12,9
108,0,108,0
0,15,15,8
11,0,11,0
9,0,9,0
5,0,5,0
11,0,11,0
1,0,1,0
2,0,2,0
3,0,3,0
51,0,51,0
0,25,25,45
1,0,1,0
1,0,1,0
0,213,213,89
0,39,39,3
24,0,24,0
1,0,1,0
0,56,56,17
46,0,46,0
3,0,3,0
0,114,114,20
35,0,35,0
0,6,6,16
0,68,68,98
51,0,51,0
0,103,103,13
20,0,20,0
0,53,53,0
18,0,18,0
17,0,17,0
0,1,1,5
2,0,2,0
0,12,12,3
0,4,4,10
104,0,104,0
10,0,10,0
2,0,2,0
41,0,41,0
228,0,228,0
29,0,29,0
7,0,7,0
0,21,21,2
8,0,8,0
5,0,5,0
2,0,2,0
0,120,120,44
17,0,17,0
46,0,46,0
0,42,42,7
451,0,451,0
6,0,6,0
0,80,80,49
0,12,12,63
1,0,1,0
27,0,27,0
16,0,16,0
2,0,2,0
1,0,1,0
19,0,19,0
2,0,2,0
33,0,33,0
0,30,30,3
11,0,11,0
10,0,10,0
6,0,6,0
0,150,150,8
355,0,355,0
26,0,26,0
10,0,10,0
2,0,2,0
15,0,15,0
0,7,7,13
4,0,4,0
0,212,212,30
143,0,143,0
8,0,8,0
5,0,5,0
5,0,5,0
1,0,1,0
0,103,103,33
1,0,1,0
45,0,45,0
7,0,7,0
1,0,1,0
0,50,50,14
51,0,51,0
0,111,111,20
20,0,20,0
12,0,12,0
108,0,108,0
29,0,29,0
0,10,10,28
0,2,2,4
65,0,65,0
43,0,43,0
0,35,35,61
1,0,1,0
23,0,23,0
0,34,34,29
10,0,10,0
0,85,85,26
3,0,3,0
0,40,40,26
34,0,34,0
0,7,7,10
111,0,111,0
60,0,60,0
11,0,11,0
0,32,32,35
0,8,8,13
4,0,4,0
16,0,16,0
0,1,1,3
0,5,5,10
1,0,1,0
0,18,18,17
3,0,3,0
0,1,1,13
12,0,12,0
0,7,7,20
0,24,24,82
0,202,202,17
0,17,17,6
4,0,4,0
137,0,137,0
0,55,55,27
0,3,3,11
0,21,21,9
8,0,8,0
23,0,23,0
11,0,11,0
0,222,222,34
0,530,530,15
1,0,1,0
16,0,16,0
0,117,117,8
1,0,1,0
0,696,696,36
0,3,3,9
0,2,2,4
0,157,157,19
0,71,71,4
2,0,2,0
0,8,8,53
4,0,4,0
0,3,3,45
2,0,2,0
3,0,3,0
619,0,619,0
0,621,621,27
0,6,6,158
0,99,99,36
80,0,80,0
7,0,7,0
111,0,111,0
0,152,152,8
1,0,1,0
2,0,2,0
7,0,7,0
47,0,47,0
0,9,9,96
1,0,1,0
9,0,9,0
0,54,54,20
2,0,2,0
14,0,14,0
42,0,42,0
0,3,3,1
0,23,23,106
1,0,1,0
0,1,1,39
39,0,39,0
2,0,2,0
39,0,39,0
5,0,5,0
2,0,2,0
1,0,1,0
0,471,471,30
456,0,456,0
0,411,411,69
411,0,411,0
1211,0,1211,0
89,0,89,0
0,3,3,0
58,0,58,0
0,118,118,13
57,0,57,0
0,79,79,14
3,0,3,0
16,0,16,0
0,344,344,2
302,0,302,0
0,61,61,360
11,0,11,0
0,9,9,7
433,0,433,0
0,298,298,37
14,0,14,0
3,0,3,0
62,0,62,0
32,0,32,0
1,0,1,0
159,0,159,0
229,0,229,0
0,154,154,8
142,0,142,0
0,51,51,110
1,0,1,0
136,0,136,0
82,0,82,0
73,0,73,0
7,0,7,0
46,0,46,0
0,18,18,0
29,0,29,0
2037,0,2037,0
0,641,641,65
5,0,5,0
6,0,6,0
0,31,31,0
3,0,3,0
4,0,4,0
0,63,63,2
0,38,38,33
14,0,14,0
190,0,190,0
0,2,2,4
2,0,2,0
6,0,6,0
0,30,30,21
0,171,171,37
6,0,6,0
1,0,1,0
38,0,38,0
0,63,63,14
0,1,1,37
3,0,3,0
4,0,4,0
2,0,2,0
8,0,8,0
47,0,47,0
0,43,43,2
4,0,4,0
4,0,4,0
0,3,3,13
1,0,1,0
323,0,323,0
45,0,45,0
0,27,27,20
2,0,2,0
0,148,148,22
73,0,73,0
2,0,2,0
0,2,2,10
0,8,8,0
2,0,2,0
0,12,12,17
2,0,2,0
0,173,173,13
18,0,18,0
0,12,12,0
6,0,6,0
3,0,3,0
0,96,96,126
61,0,61,0
3,0,3,0
64,0,64,0
145,0,145,0
0,11,11,6
5,0,5,0
1,0,1,0
0,7,7,7
1,0,1,0
50,0,50,0
30,0,30,0
14,0,14,0
0,82,82,17
76,0,76,0
10,0,10,0
2,0,2,0
0,2,2,2
227,0,227,0
39,0,39,0
18,0,18,0
0,163,163,28
2,0,2,0
8,0,8,0
33,0,33,0
5,0,5,0
1,0,1,0
0,2,2,26
5,0,5,0
0,38,38,4
18,0,18,0
7,0,7,0
54,0,54,0
0,148,148,12
1,0,1,0
2,0,2,0
0,4,4,7
7,0,7,0
2,0,2,0
7,0,7,0
39,0,39,0
3,0,3,0
0,21,21,2
3,0,3,0
33,0,33,0
3,0,3,0
5,0,5,0
0,1,1,8
4,0,4,0
0,6,6,0
5,0,5,0
54,0,54,0
17,0,17,0
124,0,124,0
17,0,17,0
0,74,74,71
80,0,80,0
1,0,1,0
1,0,1,0
0,456,456,28
1,0,1,0
0,3,3,4
4,0,4,0
1,0,1,0
0,287,287,44
301,0,301,0
0,75,75,28
93,0,93,0
2,0,2,0
3,0,3,0
7,0,7,0
17,0,17,0
36,0,36,0
42,0,42,0
1,0,1,0
43,0,43,0
29,0,29,0
1,0,1,0
0,61,61,64
0,109,109,0
128,0,128,0
0,187,187,29
5,0,5,0
1,0,1,0
0,1361,1361,102
23,0,23,0
0,2,2,46
0,142,142,13
0,95,95,6
754,0,754,0
14,0,14,0
0,53,53,0
0,357,357,54
171,0,171,0
0,24,24,131
1,0,1,0
1,0,1,0
0,8,8,31
6,0,6,0
0,43,43,15
8,0,8,0
36,0,36,0
0,20,20,8
1,0,1,0
7,0,7,0
6,0,6,0
0,22,22,47
1,0,1,0
89,0,89,0
0,5,5,3
0,2,2,6
54,0,54,0
0,4,4,27
1,0,1,0
5,0,5,0
2,0,2,0
0,42,42,0
29,0,29,0
2,0,2,0
5,0,5,0
0,240,240,1
1,0,1,0
0,148,148,41
8,0,8,0
1,0,1,0
75,0,75,0
3,0,3,0
10,0,10,0
3,0,3,0
236,0,236,0
12,0,12,0
9,0,9,0
2,0,2,0
9,0,9,0
0,58,58,14
98,0,98,0
385,0,385,0
0,564,564,42
9,0,9,0
4,0,4,0
24,0,24,0
1,0,1,0
1,0,1,0
1,0,1,0
13,0,13,0
0,3,3,15
1,0,1,0
23,0,23,0
1,0,1,0
0,20,20,50
2,0,2,0
50,0,50,0
2,0,2,0
15,0,15,0
44,0,44,0
0,54,54,4
16,0,16,0
1,0,1,0
1,0,1,0
2,0,2,0
1,0,1,0
99,0,99,0
1,0,1,0
39,0,39,0
14,0,14,0
1,0,1,0
1,0,1,0
0,1,1,0
11,0,11,0
1,0,1,0
5,0,5,0
7,0,7,0
4,0,4,0
1,0,1,0
0,54,54,9
23,0,23,0
29,0,29,0
1,0,1,0
4,0,4,0
5,0,5,0
0,44,44,58
0,182,182,37
31,0,31,0
19,0,19,0
1,0,1,0
2,0,2,0
2,0,2,0
0,90,90,50
1,0,1,0
0,57,57,14
45,0,45,0
0,19,19,26
33,0,33,0
0,1,1,11
73,0,73,0
10,0,10,0
14,0,14,0
49,0,49,0
0,82,82,69
0,711,711,9
10,0,10,0
2,0,2,0
0,15,15,5
4,0,4,0
0,132,132,12
1,0,1,0
1,0,1,0
71,0,71,0
3,0,3,0
0,144,144,10
35,0,35,0
37,0,37,0
5,0,5,0
1,0,1,0
2,0,2,0
7,0,7,0
18,0,18,0
147,0,147,0
23,0,23,0
4,0,4,0
0,70,70,24
27,0,27,0
0,245,245,21
5,0,5,0
3,0,3,0
0,68,68,6
25,0,25,0
9,0,9,0
146,0,146,0
0,5,5,4
9,0,9,0
26,0,26,0
0,1,1,42
98,0,98,0
8,0,8,0
42,0,42,0
0,20,20,20
9,0,9,0
2,0,2,0
0,17,17,1
5,0,5,0
0,4,4,109
23,0,23,0
35,0,35,0
11,0,11,0
0,131,131,26
77,0,77,0
1,0,1,0
3,0,3,0
11,0,11,0
273,0,273,0
16,0,16,0
6,0,6,0
2,0,2,0
0,25,25,13
1,0,1,0
0,3,3,6
51,0,51,0
87,0,87,0
0,16,16,11
0,3,3,4
0,20,20,1
30,0,30,0
0,12,12,3
5,0,5,0
0,137,137,0
13,0,13,0
117,0,117,0
0,46,46,46
203,0,203,0
0,29,29,79
3,0,3,0
0,1,1,29
8,0,8,0
2,0,2,0
0,18,18,8
23,0,23,0
5,0,5,0
1,0,1,0
21,0,21,0
17,0,17,0
7,0,7,0
3,0,3,0
9,0,9,0
1,0,1,0
16,0,16,0
9,0,9,0
0,25,25,23
15,0,15,0
23,0,23,0
3,0,3,0
0,1,1,12
5,0,5,0
11,0,11,0
86,0,86,0
7,0,7,0
18,0,18,0
7,0,7,0
24,0,24,0
2,0,2,0
0,282,282,18
7,0,7,0
0,7,7,39
239,0,239,0
97,0,97,0
0,49,49,136
0,37,37,4
0,51,51,5
33,0,33,0
13,0,13,0
15,0,15,0
1,0,1,0
21,0,21,0
1,0,1,0
0,13,13,2
3,0,3,0
1,0,1,0
28,0,28,0
0,61,61,4
0,5,5,25
9,0,9,0
1,0,1,0
0,17,17,5
10,0,10,0
7,0,7,0
0,723,723,117
38,0,38,0
0,80,80,48
1,0,1,0
0,34,34,20
9,0,9,0
19,0,19,0
0,1,1,2
33,0,33,0
2,0,2,0
1,0,1,0
1,0,1,0
21,0,21,0
0,246,246,6
0,21,21,23
9,0,9,0
2,0,2,0
2,0,2,0
21,0,21,0
0,90,90,85
31,0,31,0
63,0,63,0
2,0,2,0
2,0,2,0
2,0,2,0
0,67,67,10
1,0,1,0
1,0,1,0
0,5,5,52
12,0,12,0
7,0,7,0
2,0,2,0
2,0,2,0
3,0,3,0
76,0,76,0
2,0,2,0
2,0,2,0
0,4,4,7
3,0,3,0
3,0,3,0
4,0,4,0
0,15,15,6
0,19,19,4
8,0,8,0
1,0,1,0
8,0,8,0
0,36,36,16
2,0,2,0
76,0,76,0
8,0,8,0
0,12,12,2
5,0,5,0
1,0,1,0
3,0,3,0
1,0,1,0
44,0,44,0
5,0,5,0
13,0,13,0
0,57,57,13
0,175,175,22
55,0,55,0
28,0,28,0
13,0,13,0
2,0,2,0
18,0,18,0
27,0,27,0
38,0,38,0
3,0,3,0
4,0,4,0
66,0,66,0
121,0,121,0
0,21,21,12
1,0,1,0
0,94,94,29
80,0,80,0
4,0,4,0
10,0,10,0
0,159,159,56
3,0,3,0
0,137,137,55
17,0,17,0
7,0,7,0
0,5,5,14
2,0,2,0
0,82,82,8
32,0,32,0
1,0,1,0
0,6,6,45
3,0,3,0
7,0,7,0
0,55,55,10
69,0,69,0
7,0,7,0
22,0,22,0
1,0,1,0
13,0,13,0
2,0,2,0
0,10,10,8
10,0,10,0
4,0,4,0
0,36,36,15
23,0,23,0
1,0,1,0
59,0,59,0
0,241,241,14
23,0,23,0
5,0,5,0
0,168,168,4
3,0,3,0
14,0,14,0
13,0,13,0
8,0,8,0
33,0,33,0
0,3,3,18
7,0,7,0
0,14,14,9
7,0,7,0
0,148,148,10
9,0,9,0
1,0,1,0
4,0,4,0
0,67,67,2
160,0,160,0
0,7,7,34
31,0,31,0
0,90,90,61
0,197,197,45
9,0,9,0
1,0,1,0
1,0,1,0
2,0,2,0
15,0,15,0
0,137,137,11
14,0,14,0
6,0,6,0
31,0,31,0
5,0,5,0
0,82,82,15
0,2,2,3
10,0,10,0
0,81,81,11
0,1,1,180
194,0,194,0
0,51,51,4
0,39,39,3
40,0,40,0
83,0,83,0
1,0,1,0
0,108,108,1
0,1,1,74
48,0,48,0
91,0,91,0
34,0,34,0
2,0,2,0
34,0,34,0
0,3,3,0
0,8,8,1
9,0,9,0
23,0,23,0
0,61,61,12
56,0,56,0
9,0,9,0
24,0,24,0
16,0,16,0
1,0,1,0
0,24,24,9
220,0,220,0
0,182,182,4
187,0,187,0
3,0,3,0
5,0,5,0
3,0,3,0
2,0,2,0
68,0,68,0
1,0,1,0
0,68,68,11
108,0,108,0
27,0,27,0
31,0,31,0
8,0,8,0
63,0,63,0
0,14,14,82
2,0,2,0
2,0,2,0
0,152,152,29
4,0,4,0
319,0,319,0
1,0,1,0
1,0,1,0
2,0,2,0
0,120,120,10
147,0,147,0
1,0,1,0
2,0,2,0
128,0,128,0
0,3,3,1
1,0,1,0
0,3,3,5
6,0,6,0
23,0,23,0
0,747,747,92
11,0,11,0
0,4,4,3
79,0,79,0
0,2,2,64
1,0,1,0
0,10,10,31
0,64,64,14
701,0,701,0
0,58,58,3
97,0,97,0
1,0,1,0
0,40,40,1
73,0,73,0
1,0,1,0
71,0,71,0
9,0,9,0
8,0,8,0
11,0,11,0
0,49,49,6
9,0,9,0
0,14,14,40
63,0,63,0
16,0,16,0
0,12,12,19
2,0,2,0
1,0,1,0
70,0,70,0
11,0,11,0
7,0,7,0
0,2,2,11
99,0,99,0
9,0,9,0
0,116,116,23
1,0,1,0
126,0,126,0
0,24,24,67
98,0,98,0
1,0,1,0
0,272,272,38
1,0,1,0
10,0,10,0
0,33,33,24
11,0,11,0
23,0,23,0
8,0,8,0
25,0,25,0
9,0,9,0
5,0,5,0
2,0,2,0
1,0,1,0
6,0,6,0
0,2,2,10
1,0,1,0
59,0,59,0
48,0,48,0
0,169,169,66
131,0,131,0
22,0,22,0
0,23,23,7
4,0,4,0
2,0,2,0
0,3,3,32
0,15,15,3
76,0,76,0
0,1,1,0
2,0,2,0
10,0,10,0
0,5,5,62
61,0,61,0
2,0,2,0
0,34,34,102
0,90,90,3
79,0,79,0
5,0,5,0
302,0,302,0
6,0,6,0
8,0,8,0
19,0,19,0
0,32,32,4
1,0,1,0
17,0,17,0
1,0,1,0
15,0,15,0
135,0,135,0
0,35,35,5
147,0,147,0
0,61,61,19
6,0,6,0
4,0,4,0
85,0,85,0
0,9,9,27
0,151,151,40
4,0,4,0
0,2,2,3
11,0,11,0
46,0,46,0
7,0,7,0
0,9,9,18
306,0,306,0
1,0,1,0
0,19,19,1
81,0,81,0
6,0,6,0
40,0,40,0
15,0,15,0
0,51,51,67
23,0,23,0
14,0,14,0
11,0,11,0
0,114,114,12
29,0,29,0
5,0,5,0
0,5,5,10
9,0,9,0
2,0,2,0
0,63,63,150
2,0,2,0
0,5,5,34
1,0,1,0
0,22,22,5
14,0,14,0
0,1,1,11
10,0,10,0
1,0,1,0
0,145,145,29
136,0,136,0
0,29,29,29
1,0,1,0
16,0,16,0
2,0,2,0
136,0,136,0
5,0,5,0
2,0,2,0
14,0,14,0
12,0,12,0
4,0,4,0
0,354,354,16
316,0,316,0
0,53,53,12
0,25,25,1
16,0,16,0
87,0,87,0
4,0,4,0
0,9,9,1
2,0,2,0
1,0,1,0
18,0,18,0
3,0,3,0
5,0,5,0
4,0,4,0
6,0,6,0
0,2,2,30
0,99,99,3
9,0,9,0
0,2,2,32
1,0,1,0
2,0,2,0
1,0,1,0
15,0,15,0
0,214,214,467
1,0,1,0
0,103,103,65
37,0,37,0
32,0,32,0
104,0,104,0
3,0,3,0
4,0,4,0
0,201,201,166
127,0,127,0
4,0,4,0
2,0,2,0
0,10,10,0
10,0,10,0
0,49,49,11
29,0,29,0
26,0,26,0
1,0,1,0
2,0,2,0
6,0,6,0
1,0,1,0
0,4,4,37
0,150,150,16
150,0,150,0
0,18,18,8
18,0,18,0
6,0,6,0
289,0,289,0
46,0,46,0
6,0,6,0
0,173,173,63
16,0,16,0
0,37,37,10
316,0,316,0
9,0,9,0
258,0,258,0
69,0,69,0
0,18,18,22
3,0,3,0
13,0,13,0
129,0,129,0
2,0,2,0
24,0,24,0
43,0,43,0
0,22,22,6
5,0,5,0
6,0,6,0
3,0,3,0
3,0,3,0
5,0,5,0
1,0,1,0
41,0,41,0
0,283,283,35
21,0,21,0
9,0,9,0
0,37,37,23
14,0,14,0
1,0,1,0
0,14,14,2
52,0,52,0
8,0,8,0
3,0,3,0
0,418,418,28
23,0,23,0
0,19,19,1
3,0,3,0
1,0,1,0
19,0,19,0
4,0,4,0
0,21,21,13
6,0,6,0
1,0,1,0
20,0,20,0
15,0,15,0
0,2,2,19
107,0,107,0
164,0,164,0
128,0,128,0
0,5,5,16
0,17,17,46
3,0,3,0
0,2,2,13
18,0,18,0
0,120,120,119
17,0,17,0
0,50,50,6
2,0,2,0
0,382,382,92
44,0,44,0
17,0,17,0
0,13,13,15
0,6,6,6
11,0,11,0
1,0,1,0
20,0,20,0
0,7,7,7
1,0,1,0
5,0,5,0
9,0,9,0
5,0,5,0
0,3,3,1
146,0,146,0
0,2,2,49
0,47,47,3
1,0,1,0
0,1,1,0
31,0,31,0
0,23,23,33
128,0,128,0
1,0,1,0
28,0,28,0
15,0,15,0
1,0,1,0
8,0,8,0
35,0,35,0
1,0,1,0
0,5,5,2
0,5,5,8
1,0,1,0
5,0,5,0
142,0,142,0
3,0,3,0
178,0,178,0
0,2,2,1
3,0,3,0
0,141,141,21
4,0,4,0
21,0,21,0
0,77,77,30
44,0,44,0
46,0,46,0
0,295,295,15
109,0,109,0
20,0,20,0
1,0,1,0
80,0,80,0
9,0,9,0
1,0,1,0
0,11,11,97
1,0,1,0
27,0,27,0
78,0,78,0
7,0,7,0
0,51,51,38
0,148,148,177
7,0,7,0
42,0,42,0
0,2,2,0
31,0,31,0
1,0,1,0
0,15,15,33
9,0,9,0
0,4,4,0
1,0,1,0
23,0,23,0
40,0,40,0
22,0,22,0
0,25,25,4
20,0,20,0
4,0,4,0
9,0,9,0
13,0,13,0
3,0,3,0
0,147,147,59
61,0,61,0
1,0,1,0
51,0,51,0
0,49,49,35
20,0,20,0
1,0,1,0
0,104,104,51
5,0,5,0
0,39,39,55
2,0,2,0
57,0,57,0
35,0,35,0
11,0,11,0
0,266,266,48
0,20,20,5
4,0,4,0
33,0,33,0
0,64,64,20
46,0,46,0
5,0,5,0
24,0,24,0
1,0,1,0
7,0,7,0
79,0,79,0
6,0,6,0
6,0,6,0
0,57,57,18
3,0,3,0
0,46,46,66
8,0,8,0
2,0,2,0
4,0,4,0
1,0,1,0
0,12,12,14
15,0,15,0
45,0,45,0
0,108,108,124
14,0,14,0
25,0,25,0
1,0,1,0
33,0,33,0
88,0,88,0
7,0,7,0
0,2,2,1
7,0,7,0
25,0,25,0
0,2,2,0
1,0,1,0
33,0,33,0
4,0,4,0
3,0,3,0
3,0,3,0
13,0,13,0
20,0,20,0
0,9,9,26
11,0,11,0
4,0,4,0
39,0,39,0
0,1,1,6
13,0,13,0
0,84,84,16
67,0,67,0
17,0,17,0
83,0,83,0
0,226,226,72
215,0,215,0
0,7,7,8
1,0,1,0
0,71,71,0
1,0,1,0
0,140,140,0
1,0,1,0
1,0,1,0
1,0,1,0
35,0,35,0
0,384,384,81
18,0,18,0
6,0,6,0
0,65,65,26
8,0,8,0
1,0,1,0
26,0,26,0
2,0,2,0
50,0,50,0
0,8,8,0
22,0,22,0
4,0,4,0
0,35,35,13
4,0,4,0
0,502,502,29
0,4,4,0
3,0,3,0
2,0,2,0
9,0,9,0
3,0,3,0
2,0,2,0
14,0,14,0
0,9,9,46
1,0,1,0
2,0,2,0
42,0,42,0
0,47,47,5
50,0,50,0
65,0,65,0
0,72,72,51
8,0,8,0
19,0,19,0
21,0,21,0
2,0,2,0
0,47,47,96
3,0,3,0
259,0,259,0
2,0,2,0
2,0,2,0
12,0,12,0
4,0,4,0
0,335,335,14
17,0,17,0
0,515,515,16
0,37,37,33
179,0,179,0
0,187,187,15
328,0,328,0
0,4,4,67
6,0,6,0
134,0,134,0
2,0,2,0
155,0,155,0
0,2,2,5
13,0,13,0
155,0,155,0
9,0,9,0
75,0,75,0
179,0,179,0
0,57,57,6
85,0,85,0
3,0,3,0
6,0,6,0
30,0,30,0
6,0,6,0
1,0,1,0
28,0,28,0
2,0,2,0
0,17,17,14
75,0,75,0
123,0,123,0
72,0,72,0
41,0,41,0
0,23,23,15
4,0,4,0
11,0,11,0
0,4,4,2
8,0,8,0
2,0,2,0
4,0,4,0
0,41,41,0
3,0,3,0
0,76,76,11
1,0,1,0
37,0,37,0
4,0,4,0
5,0,5,0
0,279,279,51
0,239,239,34
217,0,217,0
37,0,37,0
6,0,6,0
24,0,24,0
1,0,1,0
2,0,2,0
2,0,2,0
0,26,26,33
24,0,24,0
26,0,26,0
59,0,59,0
0,1,1,2
5,0,5,0
10,0,10,0
5,0,5,0
5,0,5,0
0,76,76,6
2,0,2,0
19,0,19,0
5,0,5,0
7,0,7,0
1,0,1,0
2,0,2,0
2,0,2,0
0,41,41,69
0,17,17,7
0,55,55,52
2,0,2,0
0,34,34,6
15,0,15,0
0,2,2,2
2,0,2,0
0,14,14,1
4,0,4,0
26,0,26,0
0,15,15,5
34,0,34,0
35,0,35,0
5,0,5,0
19,0,19,0
0,68,68,21
30,0,30,0
27,0,27,0
0,7,7,536
112,0,112,0
9,0,9,0
1,0,1,0
0,5,5,25
0,8,8,27
3,0,3,0
4,0,4,0
7,0,7,0
73,0,73,0
3,0,3,0
36,0,36,0
1,0,1,0
24,0,24,0
8,0,8,0
0,83,83,8
79,0,79,0
44,0,44,0
1,0,1,0
3,0,3,0
0,4,4,240
0,13,13,2
86,0,86,0
24,0,24,0
15,0,15,0
0,36,36,53
1,0,1,0
7,0,7,0
2,0,2,0
234,0,234,0
22,0,22,0
2,0,2,0
0,18,18,30
3,0,3,0
59,0,59,0
2,0,2,0
34,0,34,0
173,0,173,0
0,20,20,2
20,0,20,0
0,10,10,3
1,0,1,0
0,46,46,7
54,0,54,0
1,0,1,0
1,0,1,0
60,0,60,0
0,299,299,48
83,0,83,0
0,13,13,14
3,0,3,0
11,0,11,0
2,0,2,0
0,36,36,41
24,0,24,0
2,0,2,0
0,124,124,5
3,0,3,0
6,0,6,0
0,3,3,29
4,0,4,0
22,0,22,0
1,0,1,0
0,19,19,18
2,0,2,0
2,0,2,0
0,314,314,52
0,105,105,169
124,0,124,0
1,0,1,0
0,10,10,4
14,0,14,0
64,0,64,0
39,0,39,0
37,0,37,0
4,0,4,0
0,4,4,9
0,125,125,29
126,0,126,0
69,0,69,0
2,0,2,0
1,0,1,0
0,7,7,9
0,537,537,52
2,0,2,0
26,0,26,0
4,0,4,0
3,0,3,0
0,33,33,35
11,0,11,0
1,0,1,0
3,0,3,0
17,0,17,0
21,0,21,0
2,0,2,0
0,29,29,16
2,0,2,0
24,0,24,0
0,18,18,52
18,0,18,0
0,149,149,38
85,0,85,0
43,0,43,0
73,0,73,0
2,0,2,0
6,0,6,0
0,87,87,16
31,0,31,0
0,28,28,40
68,0,68,0
35,0,35,0
0,50,50,108
3,0,3,0
0,20,20,5
25,0,25,0
0,2,2,103
4,0,4,0
0,45,45,73
56,0,56,0
9,0,9,0
27,0,27,0
2,0,2,0
7,0,7,0
0,5,5,0
52,0,52,0
1,0,1,0
2,0,2,0
0,10,10,24
5,0,5,0
9,0,9,0
23,0,23,0
28,0,28,0
0,2,2,18
1,0,1,0
0,19,19,8
28,0,28,0
7,0,7,0
55,0,55,0
0,38,38,8
11,0,11,0
113,0,113,0
0,16,16,19
1,0,1,0
24,0,24,0
0,209,209,28
3,0,3,0
4,0,4,0
211,0,211,0
0,7,7,2
79,0,79,0
80,0,80,0
47,0,47,0
0,87,87,1
91,0,91,0
36,0,36,0
126,0,126,0
0,7,7,33
5,0,5,0
0,21,21,37
4,0,4,0
140,0,140,0
0,28,28,10
24,0,24,0
2,0,2,0
110,0,110,0
2,0,2,0
104,0,104,0
0,3,3,0
7,0,7,0
0,60,60,78
46,0,46,0
2,0,2,0
0,14,14,25
22,0,22,0
0,28,28,25
37,0,37,0
5,0,5,0
0,2,2,15
29,0,29,0
13,0,13,0
44,0,44,0
7,0,7,0
1,0,1,0
0,6,6,79
70,0,70,0
3,0,3,0
2,0,2,0
1,0,1,0
0,1,1,31
1,0,1,0
6,0,6,0
15,0,15,0
2,0,2,0
5,0,5,0
11,0,11,0
21,0,21,0
0,9,9,82
2,0,2,0
138,0,138,0
0,526,526,95
5,0,5,0
5,0,5,0
30,0,30,0
3,0,3,0
0,34,34,24
64,0,64,0
2,0,2,0
3,0,3,0
8,0,8,0
2,0,2,0
3,0,3,0
0,10,10,57
29,0,29,0
2,0,2,0
0,5,5,15
8,0,8,0
13,0,13,0
0,15,15,79
9,0,9,0
0,23,23,1
39,0,39,0
5,0,5,0
2,0,2,0
9,0,9,0
0,78,78,26
5,0,5,0
20,0,20,0
9,0,9,0
615,0,615,0
3,0,3,0
1,0,1,0
2,0,2,0
0,171,171,27
0,31,31,5
3,0,3,0
0,7,7,10
5,0,5,0
1,0,1,0
2,0,2,0
0,61,61,10
23,0,23,0
0,24,24,4
0,8,8,0
5,0,5,0
90,0,90,0
34,0,34,0
38,0,38,0
0,35,35,83
4,0,4,0
19,0,19,0
4,0,4,0
6,0,6,0
70,0,70,0
1,0,1,0
0,123,123,177
0,9,9,14
24,0,24,0
0,558,558,235
102,0,102,0
1,0,1,0
0,84,84,15
1154,0,1154,0
0,2,2,41
0,162,162,75
0,10,10,15
6,0,6,0
177,0,177,0
5,0,5,0
95,0,95,0
10,0,10,0
1,0,1,0
0,61,61,14
5,0,5,0
1,0,1,0
0,5,5,3
35,0,35,0
0,40,40,105
3,0,3,0
1,0,1,0
131,0,131,0
2,0,2,0
0,1,1,26
22,0,22,0
0,91,91,87
117,0,117,0
142,0,142,0
38,0,38,0
4,0,4,0
0,104,104,8
16,0,16,0
8,0,8,0
0,1,1,24
2,0,2,0
6,0,6,0
173,0,173,0
0,465,465,74
134,0,134,0
0,2,2,25
1,0,1,0
499,0,499,0
8,0,8,0
1,0,1,0
0,593,593,17
0,3,3,8
84,0,84,0
0,16,16,36
36,0,36,0
6,0,6,0
1,0,1,0
0,1,1,38
3,0,3,0
29,0,29,0
0,36,36,29
4,0,4,0
48,0,48,0
0,172,172,84
115,0,115,0
0,5,5,29
29,0,29,0
0,30,30,2
5,0,5,0
0,3,3,5
22,0,22,0
1,0,1,0
66,0,66,0
140,0,140,0
0,130,130,11
4,0,4,0
0,8,8,23
9,0,9,0
1,0,1,0
2,0,2,0
1,0,1,0
0,30,30,32
2,0,2,0
8,0,8,0
1,0,1,0
0,813,813,144
14,0,14,0
0,22,22,32
9,0,9,0
8,0,8,0
5,0,5,0
22,0,22,0
24,0,24,0
52,0,52,0
12,0,12,0
0,42,42,124
39,0,39,0
3,0,3,0
0,192,192,52
7,0,7,0
1,0,1,0
22,0,22,0
1,0,1,0
0,2,2,15
0,48,48,4
11,0,11,0
1,0,1,0
11,0,11,0
0,1,1,37
0,14,14,24
0,241,241,35
0,72,72,8
4,0,4,0
0,9,9,6
56,0,56,0
41,0,41,0
2,0,2,0
1,0,1,0
3,0,3,0
29,0,29,0
5,0,5,0
5,0,5,0
11,0,11,0
4,0,4,0
0,363,363,11
7,0,7,0
10,0,10,0
81,0,81,0
1,0,1,0
1254,0,1254,0
20,0,20,0
0,4,4,10
1,0,1,0
0,146,146,35
56,0,56,0
0,23,23,41
14,0,14,0
0,6,6,8
1,0,1,0
0,51,51,32
34,0,34,0
0,43,43,28
21,0,21,0
1,0,1,0
2,0,2,0
16,0,16,0
2,0,2,0
232,0,232,0
0,5,5,5
29,0,29,0
0,300,300,2
10,0,10,0
12,0,12,0
0,66,66,3
0,30,30,17
2,0,2,0
3,0,3,0
0,11,11,75
116,0,116,0
11,0,11,0
1,0,1,0
2,0,2,0
34,0,34,0
59,0,59,0
3,0,3,0
0,79,79,28
26,0,26,0
0,29,29,47
99,0,99,0
2,0,2,0
1,0,1,0
9,0,9,0
9,0,9,0
5,0,5,0
1,0,1,0
2,0,2,0
3,0,3,0
0,52,52,7
2,0,2,0
3,0,3,0
121,0,121,0
2,0,2,0
0,13,13,21
4,0,4,0
4,0,4,0
6,0,6,0
9,0,9,0
0,293,293,42
0,59,59,72
6,0,6,0
2,0,2,0
0,90,90,24
1,0,1,0
0,119,119,26
109,0,109,0
10,0,10,0
0,469,469,129
8,0,8,0
35,0,35,0
2,0,2,0
110,0,110,0
3,0,3,0
0,23,23,13
29,0,29,0
2,0,2,0
0,106,106,30
72,0,72,0
3,0,3,0
0,15,15,22
44,0,44,0
46,0,46,0
8,0,8,0
172,0,172,0
44,0,44,0
0,242,242,4
35,0,35,0
7,0,7,0
22,0,22,0
26,0,26,0
9,0,9,0
12,0,12,0
12,0,12,0
64,0,64,0
23,0,23,0
5,0,5,0
0,78,78,18
11,0,11,0
0,8,8,2
10,0,10,0
27,0,27,0
15,0,15,0
4,0,4,0
0,181,181,40
24,0,24,0
0,2,2,1
5,0,5,0
0,6,6,33
0,140,140,10
101,0,101,0
9,0,9,0
4,0,4,0
0,5,5,43
58,0,58,0
0,1,1,0
0,2,2,0
0,34,34,16
0,93,93,43
18,0,18,0
0,32,32,7
6,0,6,0
49,0,49,0
0,1,1,0
7,0,7,0
10,0,10,0
61,0,61,0
2,0,2,0
1,0,1,0
3,0,3,0
1,0,1,0
0,10,10,6
2,0,2,0
3,0,3,0
0,51,51,54
44,0,44,0
0,234,234,21
138,0,138,0
22,0,22,0
0,2,2,16
1,0,1,0
0,127,127,4
0,605,605,41
47,0,47,0
36,0,36,0
0,38,38,26
95,0,95,0
87,0,87,0
0,2,2,0
10,0,10,0
0,21,21,26
1,0,1,0
1,0,1,0
3,0,3,0
0,17,17,0
34,0,34,0
25,0,25,0
0,100,100,31
2,0,2,0
120,0,120,0
1,0,1,0
0,172,172,60
30,0,30,0
25,0,25,0
60,0,60,0
976,0,976,0
1,0,1,0
18,0,18,0
0,1,1,0
9,0,9,0
327,0,327,0
0,284,284,51
4,0,4,0
1,0,1,0
0,5,5,11
398,0,398,0
14,0,14,0
117,0,117,0
99,0,99,0
0,775,775,31
719,0,719,0
106,0,106,0
10,0,10,0
0,9,9,139
3,0,3,0
0,24,24,24
11,0,11,0
0,37,37,90
1,0,1,0
2,0,2,0
43,0,43,0
8,0,8,0
0,10,10,27
1,0,1,0
474,0,474,0
129,0,129,0
32,0,32,0
0,210,210,47
211,0,211,0
0,205,205,30
216,0,216,0
79,0,79,0
1,0,1,0
4,0,4,0
0,504,504,27
2,0,2,0
3,0,3,0
8,0,8,0
0,236,236,0
2,0,2,0
4,0,4,0
0,13,13,0
12,0,12,0
57,0,57,0
0,411,411,59
365,0,365,0
25,0,25,0
14,0,14,0
26,0,26,0
154,0,154,0
2,0,2,0
2,0,2,0
3,0,3,0
2,0,2,0
51,0,51,0
0,48,48,141
9,0,9,0
0,18,18,4
0,84,84,5
144,0,144,0
0,49,49,5
4,0,4,0
5,0,5,0
5,0,5,0
0,16,16,46
0,1,1,17
92,0,92,0
1,0,1,0
4,0,4,0
0,14,14,66
41,0,41,0
49,0,49,0
0,57,57,4
1,0,1,0
22,0,22,0
63,0,63,0
3,0,3,0
110,0,110,0
102,0,102,0
0,124,124,37
76,0,76,0
5,0,5,0
2,0,2,0
0,6,6,52
7,0,7,0
2,0,2,0
0,3,3,1
73,0,73,0
22,0,22,0
0,3,3,118
0,57,57,22
32,0,32,0
69,0,69,0
22,0,22,0
2,0,2,0
5,0,5,0
4,0,4,0
0,109,109,10
0,2,2,0
194,0,194,0
14,0,14,0
40,0,40,0
0,69,69,90
36,0,36,0
89,0,89,0
0,3,3,2
5,0,5,0
16,0,16,0
2,0,2,0
0,8,8,24
0,8,8,2
4,0,4,0
6,0,6,0
1,0,1,0
0,108,108,8
5,0,5,0
1,0,1,0
0,7,7,6
0,33,33,5
0,33,33,31
7,0,7,0
0,35,35,19
0,32,32,21
36,0,36,0
0,8,8,47
8,0,8,0
0,55,55,165
2,0,2,0
41,0,41,0
17,0,17,0
69,0,69,0
17,0,17,0
3,0,3,0
0,5,5,149
6,0,6,0
1,0,1,0
0,40,40,1
27,0,27,0
1,0,1,0
34,0,34,0
3,0,3,0
23,0,23,0
13,0,13,0
2,0,2,0
0,5,5,0
17,0,17,0
0,195,195,76
4,0,4,0
0,17,17,2
18,0,18,0
0,111,111,10
9,0,9,0
0,42,42,52
249,0,249,0
0,22,22,36
6,0,6,0
24,0,24,0
0,17,17,1
8,0,8,0
1,0,1,0
0,109,109,107
23,0,23,0
44,0,44,0
0,1,1,1
3,0,3,0
37,0,37,0
104,0,104,0
8,0,8,0
1,0,1,0
28,0,28,0
11,0,11,0
541,0,541,0
0,86,86,11
1,0,1,0
0,70,70,17
2,0,2,0
9,0,9,0
0,24,24,76
34,0,34,0
1,0,1,0
5,0,5,0
0,66,66,1
0,19,19,3
2,0,2,0
0,506,506,49
1,0,1,0
263,0,263,0
16,0,16,0
5,0,5,0
0,1,1,0
3,0,3,0
0,167,167,79
0,3,3,27
40,0,40,0
0,3,3,5
24,0,24,0
105,0,105,0
29,0,29,0
3,0,3,0
0,1,1,1
12,0,12,0
6,0,6,0
1,0,1,0
2,0,2,0
0,210,210,158
2,0,2,0
7,0,7,0
0,19,19,0
1,0,1,0
1,0,1,0
16,0,16,0
0,1,1,1
10,0,10,0
14,0,14,0
3,0,3,0
2,0,2,0
3,0,3,0
0,33,33,37
9,0,9,0
18,0,18,0
0,5,5,1
1,0,1,0
0,394,394,25
10,0,10,0
6,0,6,0
49,0,49,0
0,56,56,127
53,0,53,0
0,59,59,38
63,0,63,0
2,0,2,0
0,60,60,35
2,0,2,0
11,0,11,0
1,0,1,0
0,16,16,48
1,0,1,0
110,0,110,0
14,0,14,0
4,0,4,0
28,0,28,0
0,3,3,10
123,0,123,0
0,22,22,74
16,0,16,0
0,35,35,9
42,0,42,0
438,0,438,0
0,20,20,19
221,0,221,0
0,55,55,42
4,0,4,0
17,0,17,0
0,238,238,23
5,0,5,0
13,0,13,0
125,0,125,0
4,0,4,0
0,45,45,56
2,0,2,0
0,54,54,59
41,0,41,0
1,0,1,0
25,0,25,0
0,60,60,19
67,0,67,0
41,0,41,0
14,0,14,0
4,0,4,0
0,502,502,7
489,0,489,0
33,0,33,0
0,192,192,146
5,0,5,0
1,0,1,0
2,0,2,0
2,0,2,0
179,0,179,0
11,0,11,0
8,0,8,0
0,385,385,73
0,109,109,25
10,0,10,0
1,0,1,0
20,0,20,0
0,209,209,9
6,0,6,0
2,0,2,0
0,107,107,55
5,0,5,0
0,27,27,79
1,0,1,0
0,2,2,30
1,0,1,0
0,8,8,8
1,0,1,0
28,0,28,0
6,0,6,0
116,0,116,0
0,88,88,48
24,0,24,0
24,0,24,0
14,0,14,0
4,0,4,0
1,0,1,0
0,74,74,71
2,0,2,0
260,0,260,0
211,0,211,0
0,69,69,97
8,0,8,0
1,0,1,0
12,0,12,0
18,0,18,0
3,0,3,0
4,0,4,0
0,6,6,19
152,0,152,0
2,0,2,0
0,24,24,9
6,0,6,0
1,0,1,0
0,10,10,9
0,14,14,7
15,0,15,0
0,35,35,30
0,36,36,4
11,0,11,0
0,8,8,40
62,0,62,0
0,29,29,35
1,0,1,0
11,0,11,0
13,0,13,0
3,0,3,0
0,156,156,8
3,0,3,0
35,0,35,0
3,0,3,0
0,56,56,6
0,1,1,6
22,0,22,0
2,0,2,0
0,148,148,16
0,73,73,32
11,0,11,0
0,493,493,21
108,0,108,0
3,0,3,0
2,0,2,0
6,0,6,0
0,1,1,10
8,0,8,0
0,9,9,53
8,0,8,0
0,4,4,20
5,0,5,0
0,103,103,12
0,414,414,18
5,0,5,0
0,1,1,11
3,0,3,0
4,0,4,0
0,21,21,13
0,69,69,83
15,0,15,0
8,0,8,0
13,0,13,0
0,16,16,18
0,46,46,6
2,0,2,0
0,486,486,57
0,2,2,42
0,1,1,1
2,0,2,0
154,0,154,0
6,0,6,0
4,0,4,0
0,6,6,0
138,0,138,0
0,2,2,5
15,0,15,0
8,152,160,46
146,0,146,0
0,53,53,11
16,0,16,0
1,0,1,0
1,0,1,0
15,0,15,0
0,9,9,25
12,0,12,0
4,0,4,0
182,0,182,0
0,24,24,85
59,0,59,0
24,0,24,0
0,19,19,8
158,0,158,0
17,0,17,0
0,7,7,0
16,0,16,0
0,19,19,29
0,306,306,21
7,0,7,0
4,0,4,0
1,0,1,0
2,0,2,0
227,0,227,0
0,4,4,22
6,0,6,0
0,86,86,17
76,0,76,0
1,0,1,0
28,0,28,0
3,0,3,0
0,4,4,39
0,74,74,26
1,0,1,0
4,0,4,0
15,0,15,0
17,0,17,0
5,0,5,0
14,0,14,0
0,150,150,19
27,0,27,0
32,0,32,0
11,0,11,0
2,0,2,0
0,32,32,26
66,0,66,0
2,0,2,0
3,0,3,0
2,0,2,0
0,326,326,9
198,0,198,0
29,0,29,0
4,0,4,0
4,0,4,0
5,0,5,0
11,0,11,0
1,0,1,0
267,0,267,0
1,0,1,0
0,14,14,4
159,0,159,0
27,0,27,0
0,33,33,11
40,0,40,0
3,0,3,0
11,0,11,0
3,0,3,0
1,0,1,0
0,16,16,16
2,0,2,0
58,0,58,0
2,0,2,0
0,2,2,5
14,0,14,0
1,0,1,0
0,14,14,95
1,0,1,0
57,0,57,0
1,0,1,0
1,0,1,0
2,0,2,0
2,0,2,0
23,0,23,0
1,0,1,0
127,0,127,0
0,5,5,17
1,0,1,0
83,0,83,0
1,0,1,0
5,0,5,0
4,0,4,0
1,0,1,0
1,0,1,0
0,54,54,10
1,0,1,0
0,7,7,1
2,0,2,0
1,0,1,0
0,161,161,49
0,255,255,7
226,0,226,0
28,0,28,0
0,1,1,5
0,21,21,25
3,0,3,0
15,0,15,0
0,121,121,26
126,0,126,0
39,0,39,0
0,39,39,2
13,0,13,0
2,0,2,0
0,127,127,16
82,0,82,0
5,0,5,0
1,0,1,0
0,123,123,71
1,0,1,0
66,0,66,0
1,0,1,0
0,59,59,2
1,0,1,0
99,0,99,0
1,0,1,0
6,0,6,0
0,20,20,1
0,80,80,17
62,0,62,0
1,125,126,24
12,0,12,0
0,39,39,2
27,0,27,0
0,1,1,97
38,0,38,0
60,0,60,0
16,0,16,0
0,4,4,17
10,0,10,0
0,3,3,6
2,0,2,0
0,11,11,9
0,8,8,7
79,0,79,0
7,0,7,0
7,0,7,0
23,0,23,0
0,11,11,8
19,0,19,0
4,0,4,0
186,0,186,0
1,0,1,0
36,0,36,0
0,2,2,6
24,0,24,0
0,33,33,8
8,0,8,0
4,0,4,0
89,0,89,0
20,0,20,0
4,0,4,0
0,40,40,14
1,0,1,0
0,43,43,31
0,5,5,7
2,0,2,0
5,0,5,0
1,0,1,0
10,0,10,0
8,0,8,0
3,0,3,0
0,3,3,4
1,0,1,0
4,0,4,0
0,22,22,21
0,14,14,4
3,0,3,0
0,119,119,41
2,0,2,0
164,0,164,0
117,0,117,0
0,124,124,605
25,0,25,0
95,0,95,0
85,0,85,0
0,31,31,6
16,0,16,0
5,0,5,0
3,0,3,0
4,0,4,0
0,22,22,1
5,0,5,0
4,0,4,0
0,18,18,3
5,0,5,0
6,0,6,0
0,7,7,84
9,0,9,0
1,0,1,0
0,2,2,0
1,0,1,0
26,0,26,0
1,0,1,0
0,779,779,15
62,0,62,0
3,0,3,0
7,0,7,0
1,0,1,0
6,0,6,0
0,7,7,9
51,0,51,0
3,0,3,0
374,0,374,0
39,0,39,0
0,7,7,3
2,0,2,0
4,0,4,0
8,0,8,0
0,611,611,39
0,35,35,45
6,0,6,0
1,0,1,0
4,0,4,0
1,0,1,0
3,0,3,0
0,4,4,29
2,0,2,0
1,0,1,0
6,0,6,0
12,0,12,0
0,3,3,27
3,0,3,0
15,0,15,0
0,35,35,21
10,0,10,0
43,0,43,0
2,0,2,0
3,0,3,0
0,1,1,3
46,0,46,0
14,0,14,0
21,0,21,0
0,21,21,9
27,0,27,0
0,2,2,0
0,32,32,0
4,0,4,0
21,0,21,0
442,0,442,0
0,6,6,5
46,0,46,0
2,0,2,0
0,66,66,80
0,2,2,0
22,0,22,0
4,0,4,0
5,0,5,0
0,2,2,3
43,0,43,0
2,0,2,0
1,0,1,0
0,13,13,9
16,0,16,0
10,0,10,0
10,0,10,0
0,98,98,39
29,0,29,0
1,0,1,0
83,0,83,0
4,0,4,0
4,0,4,0
8,0,8,0
2,0,2,0
0,97,97,31
98,0,98,0
35,0,35,0
279,0,279,0
3,0,3,0
2,0,2,0
0,3,3,20
6,0,6,0
0,113,113,16
36,0,36,0
14,0,14,0
0,44,44,27
0,3,3,82
42,0,42,0
2,0,2,0
342,0,342,0
10,0,10,0
1,0,1,0
79,0,79,0
8,0,8,0
0,148,148,2
20,0,20,0
0,876,876,116
3,0,3,0
115,0,115,0
4,0,4,0
83,0,83,0
0,5,5,20
6,0,6,0
3,0,3,0
92,0,92,0
3,0,3,0
6,0,6,0
20,0,20,0
1,0,1,0
0,135,135,62
12,0,12,0
0,1,1,6
0,210,210,33
167,0,167,0
88,0,88,0
3,0,3,0
1,0,1,0
40,0,40,0
2,0,2,0
2,0,2,0
61,0,61,0
7,0,7,0
23,0,23,0
2,0,2,0
1,0,1,0
4,0,4,0
13,0,13,0
0,16,16,23
92,0,92,0
149,0,149,0
3,0,3,0
12,0,12,0
0,55,55,15
12,0,12,0
0,8,8,21
3,0,3,0
41,0,41,0
140,0,140,0
0,184,184,13
195,0,195,0
4,0,4,0
0,33,33,44
12,0,12,0
8,0,8,0
1,0,1,0
0,2,2,9
35,0,35,0
9,0,9,0
53,0,53,0
1,0,1,0
0,5,5,27
1,0,1,0
0,71,71,39
0,1,1,0
75,0,75,0
0,5,5,29
24,0,24,0
2,0,2,0
0,12,12,17
0,4,4,1
1,0,1,0
0,538,538,2
0,33,33,17
3,0,3,0
46,0,46,0
0,32,32,26
4,0,4,0
0,61,61,4
4,0,4,0
49,0,49,0
0,6,6,9
7,0,7,0
0,60,60,6
5,0,5,0
2,0,2,0
0,28,28,17
2,0,2,0
19,0,19,0
0,28,28,25
1,0,1,0
12,0,12,0
0,4,4,9
5,0,5,0
0,1,1,4
2,0,2,0
0,103,103,9
57,0,57,0
3,0,3,0
2,0,2,0
0,166,166,3
2,0,2,0
21,0,21,0
0,4,4,33
3,0,3,0
0,26,26,5
37,0,37,0
2,0,2,0
0,223,223,1
121,0,121,0
4,0,4,0
0,2,2,3
3,0,3,0
4,0,4,0
0,63,63,86
40,0,40,0
0,4,4,0
43,0,43,0
2,0,2,0
11,0,11,0
0,216,216,12
3,0,3,0
893,0,893,0
1,0,1,0
0,122,122,2
7,0,7,0
0,53,53,4
104,0,104,0
0,69,69,8
109,0,109,0
0,1,1,9
3,0,3,0
0,472,472,3
461,0,461,0
25,0,25,0
1406,0,1406,0
0,54,54,0
9,0,9,0
0,164,164,7
115,0,115,0
74,0,74,0
15,0,15,0
0,65,65,7
37,0,37,0
1,0,1,0
0,25,25,37
22,0,22,0
2,0,2,0
21,0,21,0
0,285,285,67
8,0,8,0
3,0,3,0
0,1,1,5
17,0,17,0
1,0,1,0
0,8,8,69
24,0,24,0
0,35,35,34
17,0,17,0
1,0,1,0
2,0,2,0
0,86,86,44
0,114,114,52
113,0,113,0
3,0,3,0
0,48,48,22
14,0,14,0
14,0,14,0
0,11,11,3
7,0,7,0
6,0,6,0
4,0,4,0
0,71,71,48
1,0,1,0
4,0,4,0
0,12,12,9
0,47,47,1
1,0,1,0
8,0,8,0
3,0,3,0
1,0,1,0
1,0,1,0
8,0,8,0
6,0,6,0
1,0,1,0
2,0,2,0
11,0,11,0
3,0,3,0
0,27,27,4
0,2,2,10
6,0,6,0
5,0,5,0
1,0,1,0
0,1,1,6
7,0,7,0
13,0,13,0
7,0,7,0
1,0,1,0
0,18,18,1
3,0,3,0
149,0,149,0
6,0,6,0
4,0,4,0
0,1,1,7
0,9,9,1
10,0,10,0
195,0,195,0
31,0,31,0
34,0,34,0
0,8,8,57
4,0,4,0
66,0,66,0
147,0,147,0
110,0,110,0
2,0,2,0
8,0,8,0
13,0,13,0
0,1,1,6
133,0,133,0
0,9,9,1
283,0,283,0
0,4,4,1
33,0,33,0
10,0,10,0
5,0,5,0
0,3,3,13
0,42,42,102
0,4,4,2
1,0,1,0
2,0,2,0
1,0,1,0
0,13,13,0
0,30,30,25
9,0,9,0
0,8,8,80
1,0,1,0
1,0,1,0
0,18,18,130
11,0,11,0
0,120,120,50
97,0,97,0
36,0,36,0
13,0,13,0
0,8,8,33
59,0,59,0
1,0,1,0
23,0,23,0
7,0,7,0
2,0,2,0
4,0,4,0
16,0,16,0
0,38,38,9
1,0,1,0
260,0,260,0
3,0,3,0
2,0,2,0
1,0,1,0
27,0,27,0
24,0,24,0
14,0,14,0
0,24,24,93
35,0,35,0
10,0,10,0
0,150,150,32
68,0,68,0
10,0,10,0
1,0,1,0
2,0,2,0
5,0,5,0
0,9,9,61
0,29,29,8
7,0,7,0
0,102,102,23
14,0,14,0
208,0,208,0
101,0,101,0
35,0,35,0
3,0,3,0
70,0,70,0
244,0,244,0
55,0,55,0
0,105,105,2
0,60,60,75
21,0,21,0
0,6,6,47
4,0,4,0
0,47,47,8
0,4,4,13
4,0,4,0
1,0,1,0
2,0,2,0
35,0,35,0
0,13,13,10
8,0,8,0
0,76,76,19
2,0,2,0
4,0,4,0
32,0,32,0
1,0,1,0
0,120,120,12
8,0,8,0
0,5,5,17
0,8,8,39
57,0,57,0
88,0,88,0
4,0,4,0
1,0,1,0
6,0,6,0
2,0,2,0
0,3,3,2
14,0,14,0
4,0,4,0
81,0,81,0
22,0,22,0
4,0,4,0
3,0,3,0
1,0,1,0
3,0,3,0
0,1,1,1
2,0,2,0
0,21,21,5
8,0,8,0
5,0,5,0
0,4,4,55
1,0,1,0
1,0,1,0
3,0,3,0
1,0,1,0
0,2,2,0
0,3,3,60
1,0,1,0
2,0,2,0
1,0,1,0
1,0,1,0
8,0,8,0
0,50,50,9
0,9,9,8
71,0,71,0
0,8,8,8
33,0,33,0
1,0,1,0
29,0,29,0
48,0,48,0
0,9,9,39
15,0,15,0
8,0,8,0
1,0,1,0
0,9,9,2
0,71,71,10
4,0,4,0
0,14,14,104
6,0,6,0
0,1,1,1
0,18,18,18
14,0,14,0
1,0,1,0
2,0,2,0
25,0,25,0
0,118,118,28
209,0,209,0
5,0,5,0
107,0,107,0
2,0,2,0
0,129,129,54
4,0,4,0
4,0,4,0
1,0,1,0
6,0,6,0
1,0,1,0
36,0,36,0
6,0,6,0
4,0,4,0
4,0,4,0
18,0,18,0
6,0,6,0
8,0,8,0
0,49,49,18
10,0,10,0
2,0,2,0
27,0,27,0
0,7,7,27
3,0,3,0
1,0,1,0
0,2,2,3
50,0,50,0
1,0,1,0
0,3,3,1
12,0,12,0
130,0,130,0
212,0,212,0
30,0,30,0
0,1,1,2
5,0,5,0
77,0,77,0
0,64,64,30
3,0,3,0
0,10,10,21
4,0,4,0
20,0,20,0
1,0,1,0
0,49,49,0
0,104,104,9
0,25,25,5
11,0,11,0
89,0,89,0
0,73,73,14
73,0,73,0
0,1,1,1
100,0,100,0
28,0,28,0
5,0,5,0
26,0,26,0
0,9,9,7
49,0,49,0
0,2,2,33
12,0,12,0
0,5,5,14
0,393,393,52
64,0,64,0
0,7,7,0
0,70,70,75
1,0,1,0
0,9,9,8
25,0,25,0
0,2,2,17
9,0,9,0
6,0,6,0
0,23,23,11
0,352,352,53
0,80,80,63
6,0,6,0
13,0,13,0
0,18,18,52
12,0,12,0
0,2,2,5
13,0,13,0
0,1,1,33
58,0,58,0
33,0,33,0
0,81,81,60
1,0,1,0
3,0,3,0
0,1,1,53
5,0,5,0
2,0,2,0
2,0,2,0
0,18,18,88
14,0,14,0
1,0,1,0
12,0,12,0
90,0,90,0
0,2,2,2
42,0,42,0
33,0,33,0
1,0,1,0
0,46,46,17
112,0,112,0
22,0,22,0
6,0,6,0
1,0,1,0
0,201,201,32
201,0,201,0
17,0,17,0
5,0,5,0
6,0,6,0
41,0,41,0
46,0,46,0
5,0,5,0
0,331,331,83
257,0,257,0
11,0,11,0
1,0,1,0
2,0,2,0
29,0,29,0
2,0,2,0
0,396,396,42
0,343,343,43
22,0,22,0
55,0,55,0
31,0,31,0
0,39,39,12
15,0,15,0
417,0,417,0
0,403,403,30
0,19,19,11
10,0,10,0
5,0,5,0
1,0,1,0
0,1,1,122
4,0,4,0
0,64,64,12
57,0,57,0
0,30,30,1
1,0,1,0
0,322,322,158
6,0,6,0
37,0,37,0
25,0,25,0
0,12,12,1
20,0,20,0
2,0,2,0
5,0,5,0
498,0,498,0
22,0,22,0
0,2,2,8
1,0,1,0
80,0,80,0
0,155,155,40
26,0,26,0
3,0,3,0
0,24,24,14
0,79,79,26
106,0,106,0
0,40,40,19
53,0,53,0
1,0,1,0
132,0,132,0
0,47,47,81
134,0,134,0
89,0,89,0
0,30,30,0
47,0,47,0
8,0,8,0
1,0,1,0
1,0,1,0
0,3,3,10
2,0,2,0
3,0,3,0
11,0,11,0
3,0,3,0
3,0,3,0
0,19,19,10
4,0,4,0
0,17,17,46
20,0,20,0
19,0,19,0
0,57,57,90
29,0,29,0
24,0,24,0
11,0,11,0
3,0,3,0
0,60,60,11
0,203,203,12
44,0,44,0
2,0,2,0
48,0,48,0
7,0,7,0
0,51,51,41
6,0,6,0
2,0,2,0
2,0,2,0
2,0,2,0
221,0,221,0
0,51,51,116
2,0,2,0
0,6,6,8
12,0,12,0
28,0,28,0
33,0,33,0
2,0,2,0
6,0,6,0
0,124,124,36
104,0,104,0
4,0,4,0
1,0,1,0
13,0,13,0
10,0,10,0
0,12,12,17
4,0,4,0
6,0,6,0
8,0,8,0
0,274,274,40
5,0,5,0
39,0,39,0
0,8,8,1
0,137,137,14
58,0,58,0
4,0,4,0
0,1,1,16
32,0,32,0
15,0,15,0
2,0,2,0
0,138,138,40
0,8,8,4
40,0,40,0
5,0,5,0
0,1,1,44
0,14,14,4
0,3,3,13
7,0,7,0
10,0,10,0
15,0,15,0
3,0,3,0
8,0,8,0
0,6,6,2
3,0,3,0
0,31,31,38
5,0,5,0
73,0,73,0
0,47,47,11
4,0,4,0
24,0,24,0
24,0,24,0
0,7,7,11
1,0,1,0
0,49,49,4
39,0,39,0
0,37,37,9
31,0,31,0
19,0,19,0
4,0,4,0
0,20,20,3
0,3,3,17
0,85,85,3
328,0,328,0
2,0,2,0
31,0,31,0
1,0,1,0
8,0,8,0
18,0,18,0
0,46,46,2
22,0,22,0
1,0,1,0
0,2,2,0
11,0,11,0
11,0,11,0
190,0,190,0
0,53,53,39
53,0,53,0
3,0,3,0
10,0,10,0
0,6,6,2
1,0,1,0
0,1,1,0
3,0,3,0
0,31,31,50
8,0,8,0
5,0,5,0
2,0,2,0
0,32,32,55
3,0,3,0
10,0,10,0
82,0,82,0
30,0,30,0
0,56,56,23
29,0,29,0
0,27,27,13
3,0,3,0
15,0,15,0
0,16,16,6
66,0,66,0
11,0,11,0
26,0,26,0
0,36,36,36
23,0,23,0
0,31,31,82
2,0,2,0
32,0,32,0
0,1,1,0
4,0,4,0
6,0,6,0
0,50,50,37
133,0,133,0
0,25,25,29
0,9,9,18
70,0,70,0
0,10,10,6
0,37,37,153
14,0,14,0
63,0,63,0
0,47,47,10
4,0,4,0
15,0,15,0
12,0,12,0
0,185,185,20
92,0,92,0
14,0,14,0
0,3,3,1
20,0,20,0
0,33,33,8
1,0,1,0
2,0,2,0
2,0,2,0
20,0,20,0
0,43,43,9
21,0,21,0
193,0,193,0
170,0,170,0
0,4,4,34
5,0,5,0
0,46,46,76
3,0,3,0
1,0,1,0
30,0,30,0
5,0,5,0
0,544,544,35
382,0,382,0
10,0,10,0
4,0,4,0
0,12,12,5
0,110,110,15
110,0,110,0
0,37,37,39
0,20,20,45
6,0,6,0
2,0,2,0
1,0,1,0
0,11,11,40
2,0,2,0
12,0,12,0
7,583,590,52
402,0,402,0
3,0,3,0
0,75,75,162
0,46,46,143
18,0,18,0
0,9,9,41
2,0,2,0
181,0,181,0
0,2,2,12
4,0,4,0
0,42,42,7
0,7,7,6
300,0,300,0
0,4,4,0
1,0,1,0
21,0,21,0
3,0,3,0
10,0,10,0
6,0,6,0
0,25,25,0
4,0,4,0
47,0,47,0
4,0,4,0
55,0,55,0
4,0,4,0
37,0,37,0
49,0,49,0
0,18,18,15
4,0,4,0
2,0,2,0
6,0,6,0
1,0,1,0
0,54,54,10
1,0,1,0
26,0,26,0
520,0,520,0
0,60,60,42
48,0,48,0
28,0,28,0
75,0,75,0
31,0,31,0
2,0,2,0
1,0,1,0
191,0,191,0
25,0,25,0
0,29,29,27
0,43,43,6
14,0,14,0
35,0,35,0
3,0,3,0
72,0,72,0
3,0,3,0
2,0,2,0
12,0,12,0
2,0,2,0
0,3,3,32
8,0,8,0
164,0,164,0
8,0,8,0
1,0,1,0
0,2,2,168
1,0,1,0
2,0,2,0
0,125,125,9
85,0,85,0
6,0,6,0
0,5,5,28
0,29,29,83
20,0,20,0
13,0,13,0
17,0,17,0
0,21,21,18
381,0,381,0
0,50,50,77
24,0,24,0
0,10,10,6
28,0,28,0
54,0,54,0
6,0,6,0
2,0,2,0
5,0,5,0
0,9,9,12
8,0,8,0
0,166,166,42
1,0,1,0
0,8,8,22
3,0,3,0
0,27,27,18
1,0,1,0
0,23,23,9
29,0,29,0
8,0,8,0
0,1,1,21
0,12,12,6
0,12,12,6
2,0,2,0
1,0,1,0
0,5,5,3
431,0,431,0
0,26,26,10
0,32,32,11
32,0,32,0
0,2,2,16
0,23,23,37
16,0,16,0
0,22,22,48
2,0,2,0
6,0,6,0
2,0,2,0
12,0,12,0
16,0,16,0
177,0,177,0
1,0,1,0
3,0,3,0
13,0,13,0
32,0,32,0
29,0,29,0
13,0,13,0
0,5,5,43
0,14,14,11
1,0,1,0
0,8,8,14
2,0,2,0
1,0,1,0
0,110,110,64
11,0,11,0
74,0,74,0
0,12,12,2
3,0,3,0
3,0,3,0
0,72,72,10
80,0,80,0
5,0,5,0
0,54,54,7
0,17,17,8
1,0,1,0
6,0,6,0
4,0,4,0
40,0,40,0
1,0,1,0
0,63,63,12
5,0,5,0
0,72,72,26
7,0,7,0
5,0,5,0
0,20,20,6
0,33,33,1
32,0,32,0
0,1,1,0
2,0,2,0
6,0,6,0
5,0,5,0
0,1,1,6
0,1,1,4
2,0,2,0
24,0,24,0
9,0,9,0
1,0,1,0
21,0,21,0
3,0,3,0
2,0,2,0
0,66,66,69
158,0,158,0
38,0,38,0
38,0,38,0
0,53,53,43
0,70,70,22
2,0,2,0
0,10,10,18
7,0,7,0
0,3,3,19
0,66,66,2
39,0,39,0
67,0,67,0
14,0,14,0
0,76,76,27
2,0,2,0
23,0,23,0
20,0,20,0
1,0,1,0
0,15,15,1
23,0,23,0
1,0,1,0
0,50,50,48
7,0,7,0
663,0,663,0
35,0,35,0
16,0,16,0
16,0,16,0
44,0,44,0
0,24,24,6
0,8,8,1
9,0,9,0
0,4,4,59
7,0,7,0
6,0,6,0
0,136,136,39
3,0,3,0
0,10,10,17
6,0,6,0
20,0,20,0
0,90,90,23
29,0,29,0
0,32,32,0
2,0,2,0
59,0,59,0
3,0,3,0
42,0,42,0
0,6,6,30
0,71,71,38
1,0,1,0
1,0,1,0
0,21,21,12
12,0,12,0
2,0,2,0
3,0,3,0
0,318,318,76
909,0,909,0
2,0,2,0
0,6,6,15
2,0,2,0
8,0,8,0
0,99,99,110
38,0,38,0
66,0,66,0
0,62,62,42
12,0,12,0
2,0,2,0
6,0,6,0
0,9,9,0
4,0,4,0
0,58,58,15
7,0,7,0
7,0,7,0
1,0,1,0
0,2,2,109
3,0,3,0
2,0,2,0
9,0,9,0
112,0,112,0
8,0,8,0
90,0,90,0
0,7,7,3
5,0,5,0
14,0,14,0
14,0,14,0
4,0,4,0
0,105,105,69
137,0,137,0
2,0,2,0
0,85,85,40
65,0,65,0
19,0,19,0
0,2,2,40
4,0,4,0
2,0,2,0
4,0,4,0
1,0,1,0
71,0,71,0
2,0,2,0
91,0,91,0
0,63,63,1
12,0,12,0
0,6,6,1
2,0,2,0
2,0,2,0
1,0,1,0
2,0,2,0
1,0,1,0
1,0,1,0
26,0,26,0
2,0,2,0
1,0,1,0
74,0,74,0
2,0,2,0
6,0,6,0
1,0,1,0
0,31,31,2
5,0,5,0
2,0,2,0
3,0,3,0
3,0,3,0
4,0,4,0
64,0,64,0
0,2,2,6
0,9,9,4
1,0,1,0
0,37,37,3
0,13,13,31
47,0,47,0
0,18,18,28
0,167,167,17
7,0,7,0
1,0,1,0
23,0,23,0
16,0,16,0
0,2,2,7
225,0,225,0
9,0,9,0
9,0,9,0
6,0,6,0
6,0,6,0
0,54,54,15
135,0,135,0
24,0,24,0
0,60,60,16
55,0,55,0
2,0,2,0
0,1047,1047,176
0,29,29,18
13,0,13,0
1,0,1,0
11,0,11,0
0,15,15,14
3,0,3,0
18,0,18,0
0,22,22,22
25,0,25,0
1,0,1,0
2,0,2,0
6,0,6,0
0,54,54,11
0,112,112,30
4,0,4,0
2,0,2,0
5,0,5,0
0,3,3,39
1,0,1,0
91,0,91,0
0,38,38,0
41,0,41,0
0,4,4,63
2,0,2,0
10,0,10,0
3,0,3,0
3,0,3,0
9,0,9,0
68,0,68,0
0,212,212,80
0,97,97,20
62,0,62,0
0,128,128,2
97,0,97,0
1,0,1,0
0,55,55,78
53,0,53,0
1,0,1,0
1,0,1,0
44,0,44,0
3,0,3,0
0,7,7,26
3,0,3,0
0,59,59,3
225,0,225,0
35,0,35,0
3,0,3,0
0,68,68,35
38,0,38,0
4,0,4,0
0,25,25,7
14,0,14,0
0,44,44,5
2,0,2,0
1,0,1,0
0,124,124,49
7,0,7,0
8,0,8,0
102,0,102,0
1,0,1,0
0,29,29,22
1,0,1,0
0,32,32,6
46,0,46,0
0,18,18,101
0,154,154,15
139,0,139,0
32,0,32,0
1,0,1,0
1,0,1,0
2,0,2,0
1,0,1,0
0,22,22,117
8,0,8,0
33,0,33,0
0,29,29,4
2,0,2,0
1,0,1,0
2,0,2,0
9,0,9,0
31,0,31,0
0,102,102,30
19,0,19,0
0,187,187,6
23,0,23,0
0,2,2,40
0,5,5,68
13,0,13,0
2,0,2,0
0,3,3,0
134,0,134,0
9,0,9,0
3,0,3,0
3,0,3,0
97,0,97,0
0,5,5,58
1,0,1,0
7,0,7,0
0,22,22,30
1,0,1,0
0,1,1,19
11,0,11,0
6,0,6,0
0,13,13,84
6,0,6,0
0,9,9,19
241,0,241,0
15,0,15,0
8,0,8,0
1,0,1,0
2,0,2,0
0,11,11,2
150,0,150,0
0,16,16,9
17,0,17,0
151,0,151,0
55,0,55,0
12,0,12,0
0,6,6,12
7,0,7,0
1,0,1,0
3,0,3,0
26,0,26,0
1,0,1,0
1,0,1,0
6,0,6,0
333,0,333,0
11,0,11,0
1,0,1,0
0,16,16,6
12,0,12,0
40,0,40,0
19,0,19,0
8,0,8,0
17,0,17,0
0,1,1,0
5,0,5,0
0,68,68,1
82,0,82,0
1,0,1,0
0,28,28,19
0,13,13,59
6,0,6,0
42,0,42,0
1,0,1,0
0,153,153,18
1,0,1,0
3,0,3,0
16,0,16,0
2,0,2,0
0,184,184,25
0,40,40,50
8,0,8,0
0,9,9,5
6,0,6,0
0,11,11,9
51,0,51,0
4,0,4,0
3,0,3,0
95,0,95,0
29,0,29,0
0,5,5,17
7,0,7,0
4,0,4,0
1,0,1,0
0,4,4,10
0,1,1,8
0,34,34,30
7,0,7,0
16,0,16,0
0,96,96,3
3,0,3,0
168,0,168,0
9,0,9,0
61,0,61,0
2,0,2,0
3,0,3,0
1,0,1,0
0,18,18,22
0,60,60,29
27,0,27,0
0,15,15,34
19,0,19,0
0,19,19,40
152,0,152,0
0,9,9,10
7,0,7,0
0,4,4,5
0,1,1,31
1,0,1,0
10,0,10,0
0,172,172,140
24,0,24,0
1,0,1,0
1,0,1,0
0,101,101,67
4,0,4,0
103,0,103,0
0,1,1,27
7,0,7,0
138,0,138,0
1,0,1,0
6,0,6,0
6,0,6,0
0,13,13,20
0,426,426,17
1,0,1,0
0,7,7,1
10,0,10,0
0,74,74,2
36,0,36,0
7,0,7,0
4,0,4,0
11,0,11,0
0,4,4,0
15,0,15,0
0,80,80,11
0,98,98,44
1,0,1,0
1,0,1,0
2,0,2,0
3,0,3,0
16,0,16,0
26,0,26,0
1,0,1,0
43,0,43,0
1,0,1,0
1,0,1,0
40,0,40,0
8,0,8,0
1,0,1,0
0,1,1,22
0,6,6,0
3,0,3,0
13,0,13,0
0,1,1,12
5,0,5,0
0,1,1,3
0,13,13,5
2,0,2,0
38,0,38,0
0,435,435,60
4,0,4,0
32,0,32,0
2,0,2,0
0,92,92,14
82,0,82,0
0,4,4,40
0,10,10,2
2,0,2,0
0,13,13,26
130,0,130,0
1,0,1,0
3,0,3,0
0,52,52,14
0,2,2,5
44,0,44,0
37,0,37,0
7,0,7,0
4,0,4,0
5,0,5,0
4,0,4,0
0,437,437,57
96,0,96,0
0,1,1,23
5,0,5,0
3,0,3,0
0,1,1,45
12,0,12,0
32,0,32,0
0,2,2,4
1,0,1,0
0,4,4,24
0,6,6,1
2,0,2,0
0,85,85,21
6,0,6,0
0,1,1,23
35,0,35,0
37,0,37,0
39,0,39,0
0,3,3,0
43,0,43,0
752,0,752,0
7,0,7,0
0,10,10,17
118,0,118,0
1,0,1,0
0,240,240,33
168,0,168,0
0,245,245,298
0,168,168,59
3,0,3,0
13,0,13,0
0,8,8,10
0,2,2,11
8,0,8,0
11,0,11,0
0,3,3,3
0,112,112,30
1,0,1,0
10,0,10,0
2,0,2,0
26,0,26,0
6,0,6,0
4,0,4,0
3,0,3,0
9,0,9,0
0,3,3,4
38,0,38,0
16,0,16,0
0,2,2,11
2,0,2,0
49,0,49,0
199,0,199,0
1,0,1,0
1,0,1,0
0,276,276,126
4,0,4,0
350,0,350,0
0,2,2,45
1,0,1,0
0,14,14,6
0,28,28,6
6,0,6,0
14,0,14,0
2,0,2,0
9,0,9,0
2,0,2,0
0,5,5,0
48,0,48,0
1,0,1,0
35,0,35,0
0,43,43,25
0,111,111,4
0,32,32,5
15,0,15,0
0,1098,1098,33
366,0,366,0
0,3,3,33
30,0,30,0
0,50,50,15
37,0,37,0
2,0,2,0
2,0,2,0
0,52,52,1
50,0,50,0
36,0,36,0
4,0,4,0
0,202,202,14
108,0,108,0
0,8,8,78
5,0,5,0
27,0,27,0
5,0,5,0
0,22,22,3
0,111,111,55
49,0,49,0
0,3,3,1
0,68,68,84
2,0,2,0
3,0,3,0
14,0,14,0
0,168,168,80
39,0,39,0
6,0,6,0
0,124,124,202
84,0,84,0
1,0,1,0
6,0,6,0
1,0,1,0
0,18,18,21
3,0,3,0
0,19,19,40
22,0,22,0
0,95,95,26
20,0,20,0
0,6,6,61
8,0,8,0
2,0,2,0
21,0,21,0
4,0,4,0
4,0,4,0
11,0,11,0
0,52,52,6
0,66,66,1
1,0,1,0
0,39,39,9
1,0,1,0
0,2,2,4
5,0,5,0
0,3,3,2
1,0,1,0
19,0,19,0
3,0,3,0
0,14,14,5
3,0,3,0
4,0,4,0
8,0,8,0
0,210,210,23
7,0,7,0
119,0,119,0
13,0,13,0
3,0,3,0
1,0,1,0
93,0,93,0
0,1,1,3
12,0,12,0
27,0,27,0
19,0,19,0
4,0,4,0
0,63,63,5
8,0,8,0
1,0,1,0
1,0,1,0
3,0,3,0
8,0,8,0
0,26,26,7
51,0,51,0
0,58,58,14
46,0,46,0
0,54,54,44
0,4,4,8
9,0,9,0
0,13,13,51
1,0,1,0
0,4,4,10
160,0,160,0
0,157,157,29
141,0,141,0
27,0,27,0
0,28,28,5
16,0,16,0
0,79,79,17
447,0,447,0
1,0,1,0
0,213,213,133
0,40,40,26
2,0,2,0
56,0,56,0
0,417,417,10
41,0,41,0
3,0,3,0
0,13,13,9
19,0,19,0
6,0,6,0
1,0,1,0
15,0,15,0
0,28,28,4
1,0,1,0
3,0,3,0
0,25,25,1
5,0,5,0
8,0,8,0
5,0,5,0
0,114,114,6
10,0,10,0
0,184,184,120
169,0,169,0
5,0,5,0
0,81,81,42
58,0,58,0
3,0,3,0
1,0,1,0
0,4,4,13
1,0,1,0
47,0,47,0
8,0,8,0
5,0,5,0
0,69,69,46
25,0,25,0
46,0,46,0
0,437,437,45
1,0,1,0
0,11,11,53
2,0,2,0
0,4,4,20
0,264,264,2
15,0,15,0
2,0,2,0
0,5,5,0
1,0,1,0
2,0,2,0
7,0,7,0
0,9,9,1
7,0,7,0
0,74,74,48
59,0,59,0
4,0,4,0
18,0,18,0
0,8,8,87
0,56,56,32
176,0,176,0
57,0,57,0
0,48,48,36
0,8,8,94
0,11,11,7
3,0,3,0
0,3,3,5
0,2,2,2
3,0,3,0
27,0,27,0
0,6,6,13
4,0,4,0
1,0,1,0
400,0,400,0
28,0,28,0
201,0,201,0
1,0,1,0
0,50,50,37
8,0,8,0
0,44,44,21
29,0,29,0
0,368,368,46
2,0,2,0
50,0,50,0
0,339,339,30
1,0,1,0
234,0,234,0
38,0,38,0
47,0,47,0
0,86,86,61
0,201,201,28
1,0,1,0
2,0,2,0
32,0,32,0
0,6,6,56
3,0,3,0
1,0,1,0
105,0,105,0
6,0,6,0
1,0,1,0
0,5,5,60
3,0,3,0
2,0,2,0
103,0,103,0
0,5,5,8
0,1,1,4
5,0,5,0
1,0,1,0
0,876,876,64
4,0,4,0
2,0,2,0
0,30,30,3
46,0,46,0
0,6,6,28
9,0,9,0
204,0,204,0
0,58,58,65
0,194,194,29
7,0,7,0
3,0,3,0
0,14,14,17
69,0,69,0
6,0,6,0
4,0,4,0
6,0,6,0
0,1,1,0
0,107,107,20
2,0,2,0
1,0,1,0
0,10,10,1
10,198,208,21
10,0,10,0
0,8,8,25
8,0,8,0
1,0,1,0
1,0,1,0
0,1,1,25
43,0,43,0
4,0,4,0
57,0,57,0
68,0,68,0
0,24,24,116
3,0,3,0
0,10,10,10
0,59,59,33
0,3,3,15
0,171,171,5
72,0,72,0
10,0,10,0
5,0,5,0
2,0,2,0
45,0,45,0
2,0,2,0
0,7,7,72
0,1,1,0
1,0,1,0
6,0,6,0
2,0,2,0
12,0,12,0
0,15,15,20
4,0,4,0
9,0,9,0
0,34,34,0
31,0,31,0
2,0,2,0
4,0,4,0
0,7,7,5
0,16,16,7
1,0,1,0
10,0,10,0
0,10,10,45
14,0,14,0
0,69,69,4
5,0,5,0
101,0,101,0
1,0,1,0
1,0,1,0
85,0,85,0
48,0,48,0
0,1,1,1
1,0,1,0
4,0,4,0
0,25,25,10
3,0,3,0
0,22,22,2
0,281,281,22
12,0,12,0
10,0,10,0
4,0,4,0
0,9,9,18
21,0,21,0
98,0,98,0
1,0,1,0
1,0,1,0
0,198,198,77
1,0,1,0
2,0,2,0
0,32,32,18
41,0,41,0
3,0,3,0
14,19,33,4
2,0,2,0
12,0,12,0
1,0,1,0
18,0,18,0
7,0,7,0
5,0,5,0
0,11,11,34
116,0,116,0
0,65,65,25
8,0,8,0
4,0,4,0
3,0,3,0
0,2,2,0
14,0,14,0
0,14,14,0
12,0,12,0
0,1,1,102
0,113,113,3
45,0,45,0
0,120,120,96
3,0,3,0
5,0,5,0
1,0,1,0
1,0,1,0
14,0,14,0
95,0,95,0
0,33,33,6
50,0,50,0
0,23,23,101
8,0,8,0
0,2,2,0
1,0,1,0
0,15,15,0
13,0,13,0
0,29,29,79
5,0,5,0
0,76,76,18
35,0,35,0
2,0,2,0
4,0,4,0
32,0,32,0
3,0,3,0
0,28,28,3
0,1,1,2
0,9,9,3
1,0,1,0
2,0,2,0
0,196,196,100
58,0,58,0
1,0,1,0
36,0,36,0
54,0,54,0
1,0,1,0
0,33,33,41
251,0,251,0
0,1,1,12
0,5,5,3
2,0,2,0
5,0,5,0
2,0,2,0
15,0,15,0
1,0,1,0
0,60,60,84
5,0,5,0
46,0,46,0
17,0,17,0
4,0,4,0
80,0,80,0
15,0,15,0
3,0,3,0
0,2,2,7
244,0,244,0
0,12,12,89
6,0,6,0
0,40,40,0
5,0,5,0
1,0,1,0
1,0,1,0
0,12,12,9
2,0,2,0
1,0,1,0
7,0,7,0
24,0,24,0
0,37,37,4
1,0,1,0
25,0,25,0
17,0,17,0
0,137,137,15
344,0,344,0
2,0,2,0
181,0,181,0
0,83,83,6
12,0,12,0
0,3,3,4
4,0,4,0
0,97,97,41
92,0,92,0
0,3,3,9
1,0,1,0
0,39,39,12
1,0,1,0
6,0,6,0
3,0,3,0
12,0,12,0
164,0,164,0
6,0,6,0
1,0,1,0
0,56,56,22
1,0,1,0
0,29,29,35
0,43,43,63
27,0,27,0
0,29,29,9
0,22,22,13
2,0,2,0
5,0,5,0
34,0,34,0
36,0,36,0
1,0,1,0
4,0,4,0
12,0,12,0
10,0,10,0
81,0,81,0
19,0,19,0
0,49,49,64
1,0,1,0
1,0,1,0
6,0,6,0
1,0,1,0
0,8,8,47
2,0,2,0
0,35,35,31
3,0,3,0
67,0,67,0
0,36,36,5
0,2,2,47
13,0,13,0
0,80,80,54
21,0,21,0
4,0,4,0
0,37,37,11
280,0,280,0
2,0,2,0
0,205,205,32
167,0,167,0
0,78,78,40
31,0,31,0
11,0,11,0
0,6,6,61
1,0,1,0
2,0,2,0
0,21,21,44
8,0,8,0
0,12,12,4
2,0,2,0
3,0,3,0
0,32,32,23
0,5,5,8
1,0,1,0
0,18,18,11
0,4,4,31
21,0,21,0
4,0,4,0
4,0,4,0
51,0,51,0
1,0,1,0
0,73,73,247
8,0,8,0
8,0,8,0
11,0,11,0
0,15,15,1
16,0,16,0
98,0,98,0
8,0,8,0
55,0,55,0
1,0,1,0
1,0,1,0
2,0,2,0
0,95,95,21
0,8,8,28
2,0,2,0
6,0,6,0
0,11,11,5
36,0,36,0
0,1,1,1
0,14,14,1
55,0,55,0
0,1,1,27
5,0,5,0
4,0,4,0
0,16,16,23
5,0,5,0
48,0,48,0
1,0,1,0
0,64,64,9
10,0,10,0
59,0,59,0
1,0,1,0
38,0,38,0
0,33,33,19
7,0,7,0
0,134,134,18
0,18,18,43
5,0,5,0
0,1,1,2
0,43,43,2
4,0,4,0
1,0,1,0
0,43,43,29
11,0,11,0
1,0,1,0
4,0,4,0
1,0,1,0
0,1,1,1
0,1,1,7
0,9,9,1
2,0,2,0
52,0,52,0
2,0,2,0
1,0,1,0
5,0,5,0
1,0,1,0
0,46,46,9
25,0,25,0
38,0,38,0
0,81,81,29
84,0,84,0
1,0,1,0
0,5,5,4
0,3,3,64
17,0,17,0
0,20,20,1
0,5,5,21
1,0,1,0
26,0,26,0
352,0,352,0
1,0,1,0
0,110,110,18
10,0,10,0
0,7,7,3
4,0,4,0
0,2,2,2
0,105,105,6
2,0,2,0
0,4,4,0
2,0,2,0
65,0,65,0
6,0,6,0
3,0,3,0
0,51,51,1
0,163,163,74
133,0,133,0
1,0,1,0
16,0,16,0
0,1,1,8
78,0,78,0
142,0,142,0
0,65,65,16
48,0,48,0
68,0,68,0
0,9,9,2
2,0,2,0
4,0,4,0
1,0,1,0
208,0,208,0
16,0,16,0
5,0,5,0
0,2,2,7
0,22,22,0
1,0,1,0
2,0,2,0
2,0,2,0
3,0,3,0
8,0,8,0
15,0,15,0
158,0,158,0
3,0,3,0
0,152,152,69
0,37,37,44
7,0,7,0
0,27,27,20
188,0,188,0
0,45,45,37
15,0,15,0
59,0,59,0
7,0,7,0
1,0,1,0
0,30,30,15
18,0,18,0
2,0,2,0
1,0,1,0
12,0,12,0
58,0,58,0
223,0,223,0
0,16,16,24
2,0,2,0
1,0,1,0
17,0,17,0
1,0,1,0
2,0,2,0
0,2,2,12
0,14,14,14
0,5,5,34
3,0,3,0
0,14,14,24
8,0,8,0
6,0,6,0
0,5,5,11
0,286,286,0
419,0,419,0
3,0,3,0
14,0,14,0
56,0,56,0
15,0,15,0
0,7,7,16
19,0,19,0
88,0,88,0
8,0,8,0
1,0,1,0
1,0,1,0
8,0,8,0
17,0,17,0
1,0,1,0
67,0,67,0
3,0,3,0
22,0,22,0
0,16,16,31
31,0,31,0
41,0,41,0
362,0,362,0
6,0,6,0
0,34,34,5
0,32,32,9
6,0,6,0
0,85,85,38
81,0,81,0
37,0,37,0
0,42,42,3
0,364,364,17
10,0,10,0
4,0,4,0
3,0,3,0
2,0,2,0
5,0,5,0
0,2,2,36
0,60,60,8
0,69,69,30
1,0,1,0
30,0,30,0
1,0,1,0
3,0,3,0
2,0,2,0
3,0,3,0
0,135,135,2
1,0,1,0
34,0,34,0
0,4,4,29
10,0,10,0
0,93,93,12
1,0,1,0
65,0,65,0
2,0,2,0
1,0,1,0
3,0,3,0
2,0,2,0
4,0,4,0
8,0,8,0
0,39,39,13
20,0,20,0
1,0,1,0
0,2,2,28
3,0,3,0
2,0,2,0
16,0,16,0
100,0,100,0
3,0,3,0
22,0,22,0
22,0,22,0
0,30,30,127
28,0,28,0
3,0,3,0
1,0,1,0
5,0,5,0
4,0,4,0
11,0,11,0
13,0,13,0
0,103,103,11
24,0,24,0
0,8,8,4
2,0,2,0
15,0,15,0
39,0,39,0
0,2,2,21
8,0,8,0
60,0,60,0
0,17,17,4
38,0,38,0
65,0,65,0
0,522,522,20
0,25,25,57
0,71,71,15
872,0,872,0
0,9,9,7
4,0,4,0
0,6,6,9
19,0,19,0
0,5,5,53
0,58,58,23
6,0,6,0
3,0,3,0
4,0,4,0
0,26,26,40
0,103,103,53
102,0,102,0
0,113,113,14
2,0,2,0
250,0,250,0
1,0,1,0
1,0,1,0
0,159,159,19
7,0,7,0
54,0,54,0
1,0,1,0
31,0,31,0
1,0,1,0
50,0,50,0
0,9,9,11
1,0,1,0
5,0,5,0
0,35,35,10
72,0,72,0
5,0,5,0
2,0,2,0
0,54,54,0
50,0,50,0
10,0,10,0
2,0,2,0
12,0,12,0
19,0,19,0
134,0,134,0
0,10,10,11
3,0,3,0
43,0,43,0
1,0,1,0
2,0,2,0
176,0,176,0
5,0,5,0
1,0,1,0
628,0,628,0
1,0,1,0
0,2,2,24
1,0,1,0
13,0,13,0
70,0,70,0
0,22,22,1
36,0,36,0
0,7,7,54
1,0,1,0
0,5,5,2
6,0,6,0
46,0,46,0
9,0,9,0
0,68,68,9
13,0,13,0
3,0,3,0
67,0,67,0
14,0,14,0
1,0,1,0
19,0,19,0
0,25,25,14
75,0,75,0
21,0,21,0
9,0,9,0
0,47,47,8
0,20,20,10
7,0,7,0
23,0,23,0
0,9,9,2
26,0,26,0
0,6,6,4
0,15,15,8
0,50,50,6
1,0,1,0
0,1,1,34
6,0,6,0
1,0,1,0
1,0,1,0
1,0,1,0
9,0,9,0
0,10,10,4
3,0,3,0
0,79,79,5
0,8,8,9
0,1,1,14
3,0,3,0
0,305,305,10
0,1,1,0
17,0,17,0
0,44,44,4
0,10,10,36
0,37,37,3
16,0,16,0
14,0,14,0
12,0,12,0
22,0,22,0
5,0,5,0
28,0,28,0
1,0,1,0
3,0,3,0
0,10,10,6
13,0,13,0
5,0,5,0
6,0,6,0
0,4,4,1
24,0,24,0
1,0,1,0
12,0,12,0
1,0,1,0
0,27,27,14
9,0,9,0
22,0,22,0
0,9,9,5
7,0,7,0
2,0,2,0
1,0,1,0
0,13,13,2
512,0,512,0
4,0,4,0
8,0,8,0
279,0,279,0
1,0,1,0
0,50,50,18
0,91,91,28
1,0,1,0
5,0,5,0
0,32,32,37
1,0,1,0
1,0,1,0
6,0,6,0
1,0,1,0
1,0,1,0
6,0,6,0
1,0,1,0
1,0,1,0
1,0,1,0
0,13,13,11
31,0,31,0
6,0,6,0
2,0,2,0
121,0,121,0
14,0,14,0
0,19,19,1
0,1,1,2
10,0,10,0
0,44,44,18
0,595,595,4
152,0,152,0
17,0,17,0
7,0,7,0
0,6,6,29
8,0,8,0
60,0,60,0
30,0,30,0
0,48,48,2
30,0,30,0
0,16,16,89
35,0,35,0
0,16,16,14
18,0,18,0
17,0,17,0
0,23,23,46
0,81,81,6
135,0,135,0
29,0,29,0
0,29,29,10
0,9,9,4
7,0,7,0
7,0,7,0
0,32,32,63
57,0,57,0
15,0,15,0
0,14,14,2
96,0,96,0
1,0,1,0
0,39,39,43
6,0,6,0
2,0,2,0
2,0,2,0
0,7,7,11
3,0,3,0
12,0,12,0
8,0,8,0
1,0,1,0
0,3,3,2
0,3,3,10
823,0,823,0
1,0,1,0
3,0,3,0
1,0,1,0
224,0,224,0
7,0,7,0
23,0,23,0
28,0,28,0
111,0,111,0
24,0,24,0
39,0,39,0
1,0,1,0
0,17,17,13
9,0,9,0
1,0,1,0
3,0,3,0
0,2,2,3
1,0,1,0
4,0,4,0
2,0,2,0
0,2,2,9
3,0,3,0
1,0,1,0
0,27,27,34
1,0,1,0
81,0,81,0
0,139,139,7
0,2,2,9
40,0,40,0
1,0,1,0
5,0,5,0
132,0,132,0
167,0,167,0
0,2,2,1
42,0,42,0
46,0,46,0
45,0,45,0
8,0,8,0
0,40,40,3
28,0,28,0
3,0,3,0
27,0,27,0
4,0,4,0
0,10,10,2
0,176,176,40
3,0,3,0
0,147,147,39
27,0,27,0
23,0,23,0
13,0,13,0
17,0,17,0
0,3,3,20
0,20,20,138
45,0,45,0
12,0,12,0
0,51,51,24
1,0,1,0
0,13,13,14
3,0,3,0
0,1,1,3
18,0,18,0
2,0,2,0
16,0,16,0
1,0,1,0
6,0,6,0
2,0,2,0
0,5,5,2
1,0,1,0
6,0,6,0
0,10,10,4
1,0,1,0
4,0,4,0
4,0,4,0
0,56,56,4
0,136,136,82
0,43,43,36
50,0,50,0
0,70,70,109
45,0,45,0
8,0,8,0
12,0,12,0
0,108,108,78
3,0,3,0
3,0,3,0
2,0,2,0
8,0,8,0
0,4,4,85
9,0,9,0
33,0,33,0
5,0,5,0
1,0,1,0
0,71,71,70
12,0,12,0
0,26,26,5
26,0,26,0
6,0,6,0
0,10,10,22
0,2,2,3
4,0,4,0
0,25,25,63
31,0,31,0
4,0,4,0
27,0,27,0
1,0,1,0
2,0,2,0
4,0,4,0
0,70,70,3
7,0,7,0
2,0,2,0
0,8,8,6
9,0,9,0
4,0,4,0
13,0,13,0
4,0,4,0
52,0,52,0
0,245,245,148
0,25,25,5
15,0,15,0
0,316,316,55
12,0,12,0
0,96,96,49
45,0,45,0
4,0,4,0
0,45,45,80
0,19,19,19
0,47,47,19
0,433,433,32
6,0,6,0
135,0,135,0
0,7,7,1
23,0,23,0
13,0,13,0
47,0,47,0
0,5,5,69
1,0,1,0
18,0,18,0
23,0,23,0
2,0,2,0
18,0,18,0
63,0,63,0
387,0,387,0
0,11,11,0
21,0,21,0
4,0,4,0
7,0,7,0
0,2,2,6
0,565,565,26
42,0,42,0
6,0,6,0
3,0,3,0
22,0,22,0
0,135,135,13
1,0,1,0
1,0,1,0
30,0,30,0
0,56,56,109
3,0,3,0
2,0,2,0
8,0,8,0
0,2,2,14
0,35,35,24
224,0,224,0
15,0,15,0
22,0,22,0
0,290,290,12
266,0,266,0
19,0,19,0
1,0,1,0
21,0,21,0
159,0,159,0
0,2,2,5
7,0,7,0
3,0,3,0
0,6,6,5
0,128,128,29
2,0,2,0
9,0,9,0
0,275,275,19
96,0,96,0
2,0,2,0
3,0,3,0
42,0,42,0
0,23,23,4
15,0,15,0
10,0,10,0
104,0,104,0
0,64,64,17
7,0,7,0
2,0,2,0
0,30,30,27
0,4,4,14
7,0,7,0
13,0,13,0
0,123,123,18
4,0,4,0
0,5,5,19
2,0,2,0
1,0,1,0
2,0,2,0
0,1,1,13
6,0,6,0
2,0,2,0
3,0,3,0
7,0,7,0
1,0,1,0
0,75,75,4
9,0,9,0
14,0,14,0
4,0,4,0
0,4,4,45
49,0,49,0
12,0,12,0
1,0,1,0
22,0,22,0
7,0,7,0
1,0,1,0
7,0,7,0
306,0,306,0
92,0,92,0
0,11,11,25
6,0,6,0
41,0,41,0
16,0,16,0
11,0,11,0
21,0,21,0
17,0,17,0
0,17,17,20
21,0,21,0
1,0,1,0
0,35,35,34
17,0,17,0
4,0,4,0
0,1,1,18
5,0,5,0
41,0,41,0
5,0,5,0
12,0,12,0
2,0,2,0
0,64,64,43
85,0,85,0
0,133,133,34
137,0,137,0
1,0,1,0
4,0,4,0
0,31,31,8
173,0,173,0
0,3,3,6
1,0,1,0
78,0,78,0
0,1,1,6
9,0,9,0
0,318,318,65
1,0,1,0
379,0,379,0
0,1,1,5
20,0,20,0
0,5,5,3
4,0,4,0
0,30,30,54
10,0,10,0
192,0,192,0
1,0,1,0
5,0,5,0
4,0,4,0
0,3,3,2
7,0,7,0
1,0,1,0
1,0,1,0
1,0,1,0
2,0,2,0
2,0,2,0
2,0,2,0
3,0,3,0
0,95,95,70
107,0,107,0
0,1,1,28
37,0,37,0
2,0,2,0
11,0,11,0
398,0,398,0
170,0,170,0
1,0,1,0
0,9,9,85
1,0,1,0
1,0,1,0
7,0,7,0
7,0,7,0
39,0,39,0
0,1,1,2
8,0,8,0
2,0,2,0
40,0,40,0
1,0,1,0
25,0,25,0
2,0,2,0
1,0,1,0
0,125,125,4
0,887,887,14
0,7,7,5
9,0,9,0
2,0,2,0
1,0,1,0
0,343,343,24
334,0,334,0
1,0,1,0
4,0,4,0
2,0,2,0
3,0,3,0
0,4,4,29
0,2,2,46
15,0,15,0
19,0,19,0
2,0,2,0
10,0,10,0
0,36,36,2
0,7,7,3
1,0,1,0
0,46,46,4
8,0,8,0
0,2,2,0
1,0,1,0
33,0,33,0
0,70,70,52
1,0,1,0
0,65,65,120
3,0,3,0
0,2,2,2
0,68,68,14
1,0,1,0
0,36,36,44
0,2,2,0
148,0,148,0
3,0,3,0
0,3,3,2
155,0,155,0
11,0,11,0
49,0,49,0
0,34,34,11
10,0,10,0
0,111,111,6
3,0,3,0
0,221,221,62
54,0,54,0
1,0,1,0
23,0,23,0
2,0,2,0
0,8,8,59
6,0,6,0
1,0,1,0
8,0,8,0
0,108,108,4
13,0,13,0
6,0,6,0
26,0,26,0
1,0,1,0
100,0,100,0
0,318,318,378
130,0,130,0
0,4,4,1
2,0,2,0
6,0,6,0
0,26,26,4
9,0,9,0
0,9,9,11
4,0,4,0
101,0,101,0
0,17,17,135
30,0,30,0
5,0,5,0
0,4,4,3
4,0,4,0
8,0,8,0
11,0,11,0
0,9,9,15
3,0,3,0
22,0,22,0
2,0,2,0
2,0,2,0
0,6,6,65
31,0,31,0
0,13,13,70
2,0,2,0
10,0,10,0
3,0,3,0
139,0,139,0
2,0,2,0
0,10,10,50
140,0,140,0
0,323,323,140
1,0,1,0
25,0,25,0
0,64,64,35
54,0,54,0
1,0,1,0
12,0,12,0
3,0,3,0
0,2,2,17
4,0,4,0
0,21,21,77
0,47,47,41
1,0,1,0
0,6,6,1
46,0,46,0
4,0,4,0
4,0,4,0
11,0,11,0
0,2,2,18
6,0,6,0
0,23,23,5
1,0,1,0
0,205,205,0
0,69,69,27
65,0,65,0
0,627,627,19
678,0,678,0
31,0,31,0
1,0,1,0
0,35,35,41
57,0,57,0
1,0,1,0
4,0,4,0
2,0,2,0
6,0,6,0
19,0,19,0
1,0,1,0
0,187,187,10
10,0,10,0
4,0,4,0
97,0,97,0
18,0,18,0
7,0,7,0
1,0,1,0
0,209,209,7
16,0,16,0
0,2,2,5
13,0,13,0
0,2,2,9
0,2,2,18
17,0,17,0
2,0,2,0
1,0,1,0
0,2,2,26
132,0,132,0
0,44,44,22
20,0,20,0
10,0,10,0
0,92,92,29
11,0,11,0
5,0,5,0
0,6,6,18
1,0,1,0
13,0,13,0
0,9,9,2
21,0,21,0
2,0,2,0
2,0,2,0
3,0,3,0
2,0,2,0
36,0,36,0
81,0,81,0
2,0,2,0
0,13,13,45
1,0,1,0
25,0,25,0
3,0,3,0
0,42,42,1
42,0,42,0
15,0,15,0
9,0,9,0
13,0,13,0
35,0,35,0
0,2,2,19
2,0,2,0
26,0,26,0
3,0,3,0
2,0,2,0
0,67,67,13
21,0,21,0
30,0,30,0
44,0,44,0
0,2,2,4
24,0,24,0
1,0,1,0
0,8,8,44
8,0,8,0
0,31,31,4
18,0,18,0
0,210,210,33
0,220,220,22
15,0,15,0
0,36,36,13
189,0,189,0
0,6,6,27
3,0,3,0
4,0,4,0
0,4,4,0
7,0,7,0
32,0,32,0
0,16,16,16
8,0,8,0
10,0,10,0
2,0,2,0
0,20,20,49
0,2,2,8
33,0,33,0
551,0,551,0
9,0,9,0
30,0,30,0
21,0,21,0
0,34,34,24
42,0,42,0
8,0,8,0
0,34,34,2
116,0,116,0
104,0,104,0
13,0,13,0
0,326,326,44
304,0,304,0
1,0,1,0
0,11,11,2
0,21,21,5
16,0,16,0
0,5,5,24
20,0,20,0
0,3,3,24
18,0,18,0
5,0,5,0
2,0,2,0
6,0,6,0
0,57,57,122
139,0,139,0
104,0,104,0
0,668,668,3
0,187,187,61
11,0,11,0
0,1,1,8
85,0,85,0
4,0,4,0
42,0,42,0
16,0,16,0
0,651,651,24
0,1,1,6
393,0,393,0
0,7,7,64
20,0,20,0
6,0,6,0
0,77,77,33
101,0,101,0
0,11,11,2
16,0,16,0
3,0,3,0
62,0,62,0
4,0,4,0
5,0,5,0
18,0,18,0
4,0,4,0
0,153,153,6
139,0,139,0
0,56,56,111
34,0,34,0
13,0,13,0
0,12,12,2
6,0,6,0
176,0,176,0
20,0,20,0
0,4,4,0
0,9,9,17
22,0,22,0
11,0,11,0
8,0,8,0
8,0,8,0
1,0,1,0
0,49,49,5
32,0,32,0
0,9,9,3
17,0,17,0
0,10,10,0
4,0,4,0
17,0,17,0
0,347,347,55
91,0,91,0
0,5,5,13
3,0,3,0
4,0,4,0
5,0,5,0
0,112,112,30
25,0,25,0
9,0,9,0
0,6,6,0
0,14,14,17
0,1,1,26
0,33,33,7
2,0,2,0
353,0,353,0
0,402,402,59
0,15,15,0
7,0,7,0
39,0,39,0
24,0,24,0
3,0,3,0
0,87,87,58
0,68,68,6
1,0,1,0
1,0,1,0
0,82,82,104
3,0,3,0
0,31,31,5
1,0,1,0
0,4,4,2
8,0,8,0
0,6,6,3
4,0,4,0
6,0,6,0
0,25,25,6
3,0,3,0
27,0,27,0
2,0,2,0
7,0,7,0
11,0,11,0
12,0,12,0
7,0,7,0
0,2,2,8
6,0,6,0
3,0,3,0
8,0,8,0
8,0,8,0
3,0,3,0
1,3,4,18
2,0,2,0
44,0,44,0
0,64,64,38
3,0,3,0
0,57,57,0
1,0,1,0
0,2,2,8
3,0,3,0
0,1,1,20
7,0,7,0
15,0,15,0
0,31,31,15
27,0,27,0
1,273,274,27
0,4,4,0
3,0,3,0
0,10,10,37
5,0,5,0
0,28,28,3
97,0,97,0
0,23,23,8
1,0,1,0
14,0,14,0
3,0,3,0
0,2,2,8
39,0,39,0
0,30,30,41
1,0,1,0
4,0,4,0
12,0,12,0
14,0,14,0
13,0,13,0
22,0,22,0
1,0,1,0
33,0,33,0
0,8,8,7
2,0,2,0
11,0,11,0
4,0,4,0
3,0,3,0
0,133,133,52
142,0,142,0
0,12,12,27
3,0,3,0
61,0,61,0
0,2,2,0
8,0,8,0
0,61,61,46
82,0,82,0
65,0,65,0
0,252,252,115
2,0,2,0
22,0,22,0
231,0,231,0
4,0,4,0
0,620,620,24
1,0,1,0
7,0,7,0
138,0,138,0
2,0,2,0
2,0,2,0
0,14,14,12
81,0,81,0
0,86,86,1
0,216,216,42
0,6,6,11
78,0,78,0
1,0,1,0
3,0,3,0
0,184,184,39
0,90,90,21
0,1,1,26
2,0,2,0
19,0,19,0
0,5,5,61
0,169,169,25
0,18,18,16
2,0,2,0
0,1,1,3
38,0,38,0
0,383,383,13
100,0,100,0
9,0,9,0
0,16,16,54
20,0,20,0
0,6,6,17
32,0,32,0
0,3,3,10
15,0,15,0
4,0,4,0
2,0,2,0
8,0,8,0
8,0,8,0
1,0,1,0
0,1,1,7
3,0,3,0
3,0,3,0
1,0,1,0
3,0,3,0
78,0,78,0
0,29,29,8
0,119,119,3
115,0,115,0
8,0,8,0
42,0,42,0
402,0,402,0
0,21,21,2
1,0,1,0
0,10,10,1
14,0,14,0
26,0,26,0
1,0,1,0
0,14,14,11
0,7,7,8
2,0,2,0
17,0,17,0
0,266,266,71
203,0,203,0
18,0,18,0
0,77,77,44
255,0,255,0
16,0,16,0
0,2,2,0
0,218,218,14
42,0,42,0
14,0,14,0
12,0,12,0
14,0,14,0
0,10,10,42
4,0,4,0
8,0,8,0
0,2,2,23
0,44,44,1
35,0,35,0
0,3,3,19
22,0,22,0
11,0,11,0
23,0,23,0
0,46,46,24
21,0,21,0
11,0,11,0
163,0,163,0
0,33,33,1
23,0,23,0
0,2,2,23
4,0,4,0
0,107,107,137
25,0,25,0
0,5,5,42
51,0,51,0
0,61,61,20
91,0,91,0
0,14,14,10
6,0,6,0
9,0,9,0
31,0,31,0
0,80,80,11
2,0,2,0
6,0,6,0
8,0,8,0
2,0,2,0
8,0,8,0
0,3,3,2
267,0,267,0
0,47,47,45
9,0,9,0
0,3,3,1
7,0,7,0
0,19,19,197
18,0,18,0
2,0,2,0
2,0,2,0
2,0,2,0
17,0,17,0
313,0,313,0
0,31,31,12
17,0,17,0
0,3,3,25
0,15,15,7
1,0,1,0
0,66,66,14
0,46,46,32
14,0,14,0
4,0,4,0
1,0,1,0
2,0,2,0
0,12,12,2
1,0,1,0
0,20,20,123
129,0,129,0
6,0,6,0
12,0,12,0
7,0,7,0
0,12,12,0
3,0,3,0
18,0,18,0
3,0,3,0
0,63,63,29
16,0,16,0
102,0,102,0
11,0,11,0
1,0,1,0
0,18,18,61
2,0,2,0
135,0,135,0
0,4,4,39
13,0,13,0
2,0,2,0
56,0,56,0
6,0,6,0
0,1,1,5
0,22,22,28
8,0,8,0
0,64,64,95
1,0,1,0
12,0,12,0
0,77,77,72
0,63,63,18
7,0,7,0
1,0,1,0
0,21,21,31
15,0,15,0
1,0,1,0
0,3,3,32
1,0,1,0
36,0,36,0
2,0,2,0
1,0,1,0
0,101,101,8
3,0,3,0
0,70,70,244
1,0,1,0
0,61,61,108
1,0,1,0
5,0,5,0
0,2,2,1
11,0,11,0
0,91,91,1
32,0,32,0
0,2,2,10
0,14,14,90
3,0,3,0
1,0,1,0
11,0,11,0
0,5,5,24
1,0,1,0
5,0,5,0
0,116,116,9
4,0,4,0
12,0,12,0
0,94,94,33
0,8,8,30
11,0,11,0
1,0,1,0
8,0,8,0
1,0,1,0
0,69,69,44
2,0,2,0
0,63,63,4
21,0,21,0
53,0,53,0
1,0,1,0
6,0,6,0
68,0,68,0
0,97,97,40
214,0,214,0
1,0,1,0
0,3,3,1
2,0,2,0
20,0,20,0
2,0,2,0
10,0,10,0
0,35,35,24
23,0,23,0
3,0,3,0
0,11,11,0
34,0,34,0
0,19,19,77
134,0,134,0
1,0,1,0
5,0,5,0
0,84,84,4
121,0,121,0
17,0,17,0
0,14,14,1
35,0,35,0
0,30,30,84
0,18,18,28
101,0,101,0
0,57,57,8
0,1,1,1
2,0,2,0
10,0,10,0
10,0,10,0
0,6,6,15
9,0,9,0
6,0,6,0
0,2,2,11
16,0,16,0
0,94,94,41
0,87,87,12
97,0,97,0
175,0,175,0
0,3,3,4
2,0,2,0
1,0,1,0
0,246,246,24
224,0,224,0
67,0,67,0
15,0,15,0
0,27,27,44
0,3,3,2
31,0,31,0
0,5,5,39
2,0,2,0
2,0,2,0
30,0,30,0
0,6,6,0
180,0,180,0
53,0,53,0
1,0,1,0
0,141,141,27
2,0,2,0
16,0,16,0
1,0,1,0
2,0,2,0
9,0,9,0
39,0,39,0
1,0,1,0
2,0,2,0
41,0,41,0
0,96,96,37
4,0,4,0
1,0,1,0
0,29,29,43
0,7,7,82
0,29,29,40
9,0,9,0
5,0,5,0
5,0,5,0
1,0,1,0
0,98,98,69
11,0,11,0
0,1,1,2
31,0,31,0
0,184,184,1
0,166,166,26
859,0,859,0
25,0,25,0
2,0,2,0
0,3,3,52
144,0,144,0
0,1,1,4
9,0,9,0
1,0,1,0
6,0,6,0
0,4,4,30
3,0,3,0
1,0,1,0
2,0,2,0
7,0,7,0
2,0,2,0
1,0,1,0
11,0,11,0
15,0,15,0
0,18,18,21
2,0,2,0
0,4,4,1
24,0,24,0
12,0,12,0
0,2,2,6
4,0,4,0
22,0,22,0
1,0,1,0
0,49,49,106
7,0,7,0
29,0,29,0
22,0,22,0
0,12,12,18
2,0,2,0
75,0,75,0
0,136,136,9
0,39,39,0
0,71,71,42
64,0,64,0
0,133,133,9
81,0,81,0
0,60,60,125
0,42,42,2
33,0,33,0
6,0,6,0
0,6,6,107
6,0,6,0
3,0,3,0
12,0,12,0
0,242,242,24
0,2,2,26
9,0,9,0
3,0,3,0
272,0,272,0
0,75,75,13
5,0,5,0
1,0,1,0
3,0,3,0
13,0,13,0
44,0,44,0
2,0,2,0
2,0,2,0
1,0,1,0
30,0,30,0
13,0,13,0
4,0,4,0
0,7,7,8
13,0,13,0
0,1,1,5
9,0,9,0
0,20,20,36
1,0,1,0
0,138,138,25
38,0,38,0
3,0,3,0
0,3,3,46
16,0,16,0
108,0,108,0
1,0,1,0
0,12,12,3
50,0,50,0
9,0,9,0
4,0,4,0
1,0,1,0
1,42,43,11
23,0,23,0
0,82,82,45
51,0,51,0
158,0,158,0
0,14,14,72
5,0,5,0
70,0,70,0
0,26,26,0
2,0,2,0
2,0,2,0
0,1,1,48
0,7,7,0
1,0,1,0
0,3,3,6
8,0,8,0
1,0,1,0
3,0,3,0
15,0,15,0
68,0,68,0
0,66,66,125
2,0,2,0
18,0,18,0
7,0,7,0
25,0,25,0
1,0,1,0
2,0,2,0
2,0,2,0
2025,0,2025,0
0,14,14,6
5,0,5,0
0,71,71,44
3,0,3,0
3,0,3,0
5,0,5,0
4,0,4,0
0,6,6,6
8,0,8,0
1,0,1,0
7,0,7,0
0,7,7,45
0,43,43,2
0,1,1,20
25,0,25,0
2,0,2,0
0,3,3,1
0,5,5,7
4,0,4,0
48,0,48,0
1,0,1,0
11,0,11,0
0,105,105,38
2,0,2,0
64,0,64,0
3,0,3,0
4,0,4,0
3,0,3,0
2,0,2,0
0,452,452,11
255,0,255,0
4,0,4,0
46,0,46,0
0,8,8,1
45,0,45,0
8,0,8,0
3,0,3,0
1,0,1,0
18,0,18,0
22,0,22,0
14,0,14,0
26,0,26,0
1,0,1,0
0,55,55,13
2,0,2,0
52,0,52,0
43,0,43,0
0,6,6,12
0,80,80,0
19,0,19,0
2,0,2,0
0,1,1,4
18,0,18,0
0,30,30,2
20,0,20,0
0,34,34,144
30,0,30,0
5,0,5,0
37,0,37,0
9,0,9,0
21,0,21,0
0,44,44,62
2,0,2,0
7,0,7,0
0,197,197,78
0,26,26,62
148,0,148,0
5,0,5,0
27,0,27,0
1,0,1,0
9,0,9,0
1,0,1,0
0,17,17,12
10,0,10,0
0,7,7,8
3,0,3,0
0,197,197,38
197,0,197,0
0,138,138,5
129,0,129,0
35,0,35,0
13,0,13,0
0,13,13,40
18,0,18,0
5,0,5,0
11,0,11,0
37,0,37,0
2,0,2,0
1,0,1,0
0,43,43,20
17,0,17,0
36,0,36,0
5,0,5,0
128,0,128,0
0,42,42,0
26,0,26,0
0,1,1,6
7,0,7,0
0,107,107,34
17,0,17,0
8,0,8,0
0,2,2,6
0,3,3,32
0,86,86,21
82,0,82,0
0,14,14,8
11,0,11,0
8,0,8,0
0,135,135,10
0,163,163,3
0,33,33,34
11,0,11,0
3,0,3,0
0,22,22,37
34,0,34,0
9,0,9,0
0,60,60,61
5,0,5,0
98,0,98,0
0,3,3,1
25,0,25,0
55,0,55,0
2,0,2,0
0,8,8,18
15,0,15,0
2,0,2,0
0,2,2,4
2,0,2,0
2,0,2,0
1,0,1,0
1,0,1,0
0,174,174,35
0,17,17,25
0,58,58,30
3,0,3,0
2,0,2,0
10,0,10,0
33,0,33,0
0,29,29,27
1,0,1,0
2,0,2,0
1,0,1,0
6,0,6,0
0,59,59,6
15,0,15,0
0,89,89,70
4,0,4,0
1,0,1,0
9,0,9,0
20,0,20,0
21,0,21,0
3,0,3,0
0,50,50,25
4,0,4,0
1,0,1,0
93,0,93,0
35,133,168,111
1,0,1,0
12,0,12,0
2,0,2,0
0,2,2,18
53,0,53,0
74,0,74,0
6,0,6,0
7,0,7,0
0,16,16,52
6,0,6,0
0,170,170,29
12,0,12,0
10,0,10,0
0,26,26,9
6,0,6,0
1,0,1,0
0,28,28,6
27,0,27,0
29,0,29,0
202,0,202,0
9,0,9,0
41,0,41,0
5,0,5,0
0,78,78,26
0,1,1,16
0,247,247,62
1,0,1,0
33,0,33,0
0,180,180,80
3,0,3,0
3,0,3,0
9,0,9,0
2,0,2,0
0,241,241,120
11,0,11,0
0,42,42,19
35,0,35,0
0,193,193,21
0,6,6,36
23,0,23,0
3,0,3,0
0,31,31,17
1,0,1,0
0,12,12,1
0,77,77,24
13,0,13,0
56,0,56,0
2,0,2,0
3,0,3,0
4,0,4,0
5,0,5,0
10,0,10,0
1,0,1,0
0,28,28,4
1,0,1,0
3,0,3,0
0,1,1,2
189,0,189,0
15,0,15,0
8,0,8,0
1,0,1,0
30,0,30,0
3,0,3,0
0,2,2,20
172,0,172,0
0,9,9,52
7,0,7,0
5,0,5,0
2,0,2,0
2,0,2,0
9,0,9,0
24,0,24,0
7,0,7,0
1,0,1,0
1,0,1,0
2,0,2,0
17,0,17,0
4,0,4,0
104,0,104,0
0,183,183,98
2,0,2,0
0,29,29,39
1,0,1,0
33,0,33,0
2,0,2,0
0,280,280,9
1,0,1,0
88,0,88,0
6,0,6,0
14,0,14,0
5,0,5,0
7,0,7,0
0,6,6,4
3,0,3,0
1,0,1,0
0,25,25,6
0,9,9,7
0,68,68,7
3,0,3,0
52,0,52,0
0,2,2,8
0,9,9,13
40,0,40,0
1,0,1,0
5,0,5,0
5,0,5,0
12,0,12,0
25,0,25,0
6,0,6,0
0,22,22,179
29,0,29,0
29,0,29,0
11,0,11,0
6,0,6,0
21,0,21,0
34,0,34,0
6,0,6,0
0,10,10,109
8,0,8,0
0,1,1,0
2,0,2,0
1,0,1,0
0,87,87,26
5,0,5,0
58,0,58,0
0,5,5,9
315,0,315,0
345,0,345,0
2,0,2,0
19,0,19,0
4,0,4,0
0,47,47,6
33,0,33,0
0,79,79,1
0,2,2,7
1,0,1,0
16,0,16,0
1,0,1,0
0,13,13,11
4,0,4,0
0,14,14,2
56,0,56,0
0,83,83,7
1,0,1,0
25,0,25,0
3,0,3,0
2,0,2,0
3,0,3,0
1,0,1,0
0,188,188,36
69,0,69,0
0,13,13,74
0,145,145,66
128,0,128,0
19,0,19,0
1,0,1,0
23,0,23,0
0,89,89,46
0,10,10,3
1,0,1,0
9,0,9,0
6,0,6,0
7,0,7,0
0,28,28,18
51,0,51,0
4,0,4,0
52,0,52,0
14,0,14,0
0,262,262,130
0,1,1,5
3,0,3,0
14,0,14,0
0,539,539,46
0,4,4,7
31,0,31,0
219,0,219,0
0,76,76,2
3,0,3,0
0,7,7,21
24,0,24,0
8,0,8,0
3,0,3,0
135,0,135,0
12,0,12,0
0,113,113,17
0,1,1,1
3,0,3,0
1,0,1,0
0,20,20,8
2,0,2,0
4,0,4,0
71,0,71,0
0,10,10,4
0,2,2,21
3,0,3,0
0,9,9,7
58,0,58,0
13,0,13,0
0,8,8,86
18,0,18,0
0,202,202,68
69,0,69,0
0,30,30,1
6,0,6,0
1,0,1,0
0,159,159,11
2,0,2,0
7,0,7,0
0,365,365,147
42,0,42,0
11,0,11,0
31,0,31,0
1,0,1,0
14,0,14,0
2,0,2,0
0,105,105,10
38,0,38,0
68,0,68,0
103,0,103,0
8,0,8,0
21,0,21,0
5,0,5,0
0,10,10,11
0,61,61,4
4,0,4,0
3,0,3,0
0,426,426,46
0,14,14,52
0,10,10,13
2,0,2,0
0,8,8,6
2,0,2,0
5,0,5,0
2,0,2,0
0,28,28,13
0,23,23,61
6,0,6,0
15,0,15,0
19,0,19,0
0,152,152,0
0,31,31,20
0,205,205,13
6,0,6,0
7,0,7,0
10,0,10,0
43,0,43,0
4,0,4,0
57,0,57,0
0,103,103,42
0,155,155,6
144,0,144,0
1,0,1,0
24,0,24,0
1,0,1,0
2,0,2,0
4,0,4,0
1,0,1,0
0,96,96,76
8,0,8,0
260,0,260,0
2,0,2,0
0,28,28,10
2,0,2,0
3,0,3,0
91,0,91,0
0,1,1,5
8,0,8,0
1,0,1,0
1,0,1,0
0,3,3,1
1,0,1,0
2,0,2,0
15,0,15,0
3,0,3,0
0,2,2,0
5,0,5,0
171,0,171,0
0,39,39,63
134,0,134,0
0,118,118,59
1,0,1,0
27,0,27,0
0,38,38,1
28,0,28,0
3,0,3,0
0,37,37,63
0,12,12,1
5,0,5,0
0,39,39,27
11,0,11,0
5,0,5,0
3,0,3,0
0,23,23,14
1,0,1,0
0,47,47,12
2,0,2,0
8,0,8,0
3,0,3,0
1,0,1,0
7,0,7,0
92,0,92,0
2,0,2,0
3,0,3,0
0,1,1,0
0,106,106,95
79,0,79,0
1,0,1,0
48,0,48,0
4,0,4,0
7,0,7,0
0,61,61,14
53,0,53,0
0,82,82,28
1,0,1,0
2,0,2,0
11,0,11,0
6,0,6,0
13,0,13,0
96,0,96,0
2,0,2,0
21,0,21,0
1,0,1,0
4,0,4,0
0,3,3,15
2,0,2,0
8,0,8,0
0,53,53,72
0,47,47,36
4,0,4,0
1094,0,1094,0
4,0,4,0
0,321,321,85
0,77,77,106
0,77,77,32
64,0,64,0
0,1,1,2
5,0,5,0
37,0,37,0
6,0,6,0
2,0,2,0
0,2,2,1
98,0,98,0
5,0,5,0
1,0,1,0
0,9,9,11
89,0,89,0
38,0,38,0
8,0,8,0
22,0,22,0
27,0,27,0
0,2,2,1
0,14,14,2
35,0,35,0
0,124,124,5
116,0,116,0
0,12,12,23
4,0,4,0
2,0,2,0
33,0,33,0
179,0,179,0
0,1,1,0
0,46,46,21
1,0,1,0
5,0,5,0
0,28,28,18
2,0,2,0
3,0,3,0
7,0,7,0
2,0,2,0
6,0,6,0
30,0,30,0
10,0,10,0
74,0,74,0
1,0,1,0
352,0,352,0
0,13,13,5
0,106,106,14
0,13,13,48
6,0,6,0
4,0,4,0
193,0,193,0
1,0,1,0
0,42,42,140
17,0,17,0
11,0,11,0
15,0,15,0
2,0,2,0
0,17,17,1
144,0,144,0
0,111,111,25
7,0,7,0
41,0,41,0
3,0,3,0
1,0,1,0
26,0,26,0
0,175,175,17
152,0,152,0
0,4,4,11
14,0,14,0
12,0,12,0
0,31,31,86
1,0,1,0
0,19,19,1
0,41,41,12
5,0,5,0
195,0,195,0
0,570,570,369
12,0,12,0
2,0,2,0
0,31,31,10
20,0,20,0
4,0,4,0
0,29,29,55
54,0,54,0
1,0,1,0
15,0,15,0
1,0,1,0
3,0,3,0
1,0,1,0
0,2,2,19
23,0,23,0
4,0,4,0
0,4,4,19
0,10,10,17
5,0,5,0
4,0,4,0
0,231,231,48
19,0,19,0
0,14,14,0
4,0,4,0
2,0,2,0
1,0,1,0
1,0,1,0
0,1,1,6
31,0,31,0
47,0,47,0
0,277,277,26
0,21,21,0
18,0,18,0
0,1,1,75
0,196,196,13
0,1,1,17
20,0,20,0
0,3,3,16
21,0,21,0
0,70,70,6
35,0,35,0
0,2,2,18
34,0,34,0
0,4,4,3
5,0,5,0
9,0,9,0
0,393,393,10
6,0,6,0
0,39,39,22
9,0,9,0
0,28,28,67
6,0,6,0
12,0,12,0
0,100,100,10
3,0,3,0
0,5,5,19
2,0,2,0
0,38,38,0
12,0,12,0
1,0,1,0
2,0,2,0
17,0,17,0
2,0,2,0
0,82,82,45
1,0,1,0
3,0,3,0
4,0,4,0
9,0,9,0
0,289,289,33
1,0,1,0
11,0,11,0
0,77,77,30
51,0,51,0
22,0,22,0
0,44,44,1
30,0,30,0
0,37,37,30
10,0,10,0
1,0,1,0
13,0,13,0
2,0,2,0
51,0,51,0
1,0,1,0
9,0,9,0
1,0,1,0
0,158,158,30
73,0,73,0
86,0,86,0
28,0,28,0
30,0,30,0
5,0,5,0
41,0,41,0
0,27,27,71
49,0,49,0
1,0,1,0
0,224,224,14
0,90,90,141
10,0,10,0
0,27,27,0
11,0,11,0
37,0,37,0
36,0,36,0
7,0,7,0
17,0,17,0
0,5,5,12
4,0,4,0
25,0,25,0
0,5,5,26
16,0,16,0
19,0,19,0
0,11,11,3
1,0,1,0
1,0,1,0
18,0,18,0
4,0,4,0
18,0,18,0
0,906,906,7
1,0,1,0
1,0,1,0
1,0,1,0
5,0,5,0
0,6,6,16
1,0,1,0
8,0,8,0
0,33,33,121
36,0,36,0
4,0,4,0
2,0,2,0
3,0,3,0
0,54,54,51
5,0,5,0
0,64,64,43
4,0,4,0
0,41,41,11
4,0,4,0
64,0,64,0
1,0,1,0
20,0,20,0
0,12,12,13
4,0,4,0
0,84,84,68
29,0,29,0
6,0,6,0
0,636,636,16
14,0,14,0
2,0,2,0
0,16,16,4
13,0,13,0
0,7,7,5
1,0,1,0
3,0,3,0
47,0,47,0
0,22,22,17
0,946,946,126
5,0,5,0
0,144,144,16
7,0,7,0
0,20,20,1
2,0,2,0
43,0,43,0
1,0,1,0
2,0,2,0
1,0,1,0
0,12,12,1
19,0,19,0
23,0,23,0
4,0,4,0
0,11,11,23
2,0,2,0
0,56,56,33
8,0,8,0
32,0,32,0
0,55,55,0
83,0,83,0
0,2,2,3
3,0,3,0
1,0,1,0
4,0,4,0
0,16,16,24
13,0,13,0
0,37,37,9
30,0,30,0
3,0,3,0
2,0,2,0
2,0,2,0
0,9,9,15
1,0,1,0
0,9,9,0
6,0,6,0
6,0,6,0
8,0,8,0
0,521,521,78
424,0,424,0
0,3,3,9
0,30,30,15
0,179,179,85
30,0,30,0
0,929,929,117
327,0,327,0
6,0,6,0
1,0,1,0
1,0,1,0
63,0,63,0
0,5,5,2
0,4,4,6
3,0,3,0
0,1,1,18
0,17,17,49
3,0,3,0
57,0,57,0
0,27,27,9
2,0,2,0
2,0,2,0
58,0,58,0
39,0,39,0
1,0,1,0
0,63,63,10
15,0,15,0
19,0,19,0
0,1,1,24
0,128,128,10
21,0,21,0
14,0,14,0
0,104,104,12
4,0,4,0
4,0,4,0
3,0,3,0
5,0,5,0
1,0,1,0
63,0,63,0
2,0,2,0
0,1,1,1
130,0,130,0
1,0,1,0
3,0,3,0
5,0,5,0
0,13,13,18
0,3,3,31
1,0,1,0
1,0,1,0
1,0,1,0
0,4,4,17
0,1,1,0
11,0,11,0
5,0,5,0
8,0,8,0
36,0,36,0
0,1,1,4
2,0,2,0
4,0,4,0
0,72,72,21
2,0,2,0
138,0,138,0
19,0,19,0
0,19,19,35
0,7,7,63
0,7,7,7
2,0,2,0
2,0,2,0
0,1,1,0
0,24,24,38
2,0,2,0
6,0,6,0
1,0,1,0
1,0,1,0
3,0,3,0
8,0,8,0
27,0,27,0
14,0,14,0
0,1,1,1
1,0,1,0
3,0,3,0
2,0,2,0
3,0,3,0
57,0,57,0
1,0,1,0
0,26,26,1
14,0,14,0
0,103,103,3
2,0,2,0
1,0,1,0
0,3,3,1
1,0,1,0
1,0,1,0
8,0,8,0
45,0,45,0
0,344,344,66
1,0,1,0
0,1,1,12
35,0,35,0
0,8,8,11
129,0,129,0
4,0,4,0
3,0,3,0
7,0,7,0
0,1,1,21
2,0,2,0
4,0,4,0
1,0,1,0
14,0,14,0
37,0,37,0
5,0,5,0
0,3,3,7
0,20,20,54
0,133,133,65
2,0,2,0
3,0,3,0
24,0,24,0
0,5,5,0
3,0,3,0
3,0,3,0
9,0,9,0
344,0,344,0
2,0,2,0
138,0,138,0
2,0,2,0
5,0,5,0
22,0,22,0
0,186,186,32
0,115,115,3
5,0,5,0
0,2,2,6
5,0,5,0
2,0,2,0
10,0,10,0
2,0,2,0
1,0,1,0
8,0,8,0
2,0,2,0
0,70,70,53
60,0,60,0
36,0,36,0
73,0,73,0
9,0,9,0
0,33,33,1
111,0,111,0
0,20,20,264
33,0,33,0
0,55,55,109
48,0,48,0
1,0,1,0
17,0,17,0
0,24,24,4
9,0,9,0
1,0,1,0
0,21,21,17
0,52,52,10
2,0,2,0
1,0,1,0
12,0,12,0
13,0,13,0
3,0,3,0
3,0,3,0
0,71,71,19
42,0,42,0
5,0,5,0
0,8,8,0
1,0,1,0
1,0,1,0
0,5,5,11
5,0,5,0
17,0,17,0
2,0,2,0
0,5,5,6
13,0,13,0
172,0,172,0
1,0,1,0
2,0,2,0
0,31,31,1
27,0,27,0
0,31,31,2
0,121,121,28
15,0,15,0
1,0,1,0
0,151,151,42
6,0,6,0
1,0,1,0
0,15,15,0
12,0,12,0
0,2,2,0
3,0,3,0
1,0,1,0
0,1,1,13
0,9,9,22
3,0,3,0
0,112,112,5
0,23,23,54
41,0,41,0
53,0,53,0
58,0,58,0
1,0,1,0
0,30,30,9
0,3,3,0
0,31,31,4
4,0,4,0
1,0,1,0
16,0,16,0
0,327,327,35
2,0,2,0
1,0,1,0
4,0,4,0
11,0,11,0
0,28,28,18
2,0,2,0
0,1,1,6
0,32,32,17
29,0,29,0
181,0,181,0
0,2,2,25
0,156,156,0
147,0,147,0
37,0,37,0
0,1336,1336,50
0,5,5,0
7,0,7,0
0,68,68,20
0,949,949,63
14,0,14,0
1,0,1,0
10,0,10,0
3,0,3,0
268,0,268,0
1,0,1,0
0,1,1,41
2,0,2,0
0,45,45,19
12,0,12,0
0,9,9,36
3,0,3,0
24,0,24,0
13,0,13,0
0,28,28,12
1,0,1,0
10,0,10,0
0,259,259,91
31,0,31,0
28,0,28,0
0,5,5,8
33,0,33,0
1,0,1,0
0,220,220,25
133,0,133,0
35,0,35,0
11,0,11,0
0,5,5,9
17,0,17,0
1,0,1,0
4,0,4,0
189,0,189,0
31,0,31,0
2,0,2,0
335,0,335,0
2,0,2,0
0,85,85,27
4,0,4,0
8,0,8,0
0,137,137,82
75,0,75,0
155,0,155,0
0,7,7,8
1,0,1,0
104,0,104,0
2,0,2,0
0,165,165,0
61,0,61,0
98,0,98,0
1,0,1,0
7,0,7,0
4,0,4,0
2,0,2,0
16,0,16,0
0,13,13,21
10,0,10,0
1,0,1,0
173,0,173,0
31,0,31,0
4,0,4,0
84,0,84,0
2,0,2,0
1,0,1,0
21,0,21,0
0,39,39,113
12,0,12,0
9,0,9,0
0,149,149,13
546,0,546,0
0,8,8,15
2,0,2,0
15,0,15,0
28,0,28,0
2,0,2,0
0,131,131,38
2,0,2,0
7,0,7,0
19,0,19,0
2,0,2,0
3,0,3,0
7,0,7,0
1,0,1,0
22,0,22,0
0,760,760,13
6,0,6,0
4,0,4,0
0,259,259,60
0,45,45,5
0,9,9,15
10,0,10,0
1,0,1,0
2,0,2,0
0,18,18,72
17,0,17,0
5,0,5,0
51,0,51,0
7,0,7,0
14,0,14,0
0,60,60,23
5,0,5,0
24,0,24,0
0,2,2,94
9,0,9,0
79,0,79,0
0,11,11,40
0,56,56,49
1,0,1,0
6,0,6,0
0,10,10,25
2,0,2,0
14,0,14,0
31,0,31,0
1,0,1,0
0,6,6,0
2,0,2,0
2,0,2,0
0,3,3,29
24,0,24,0
62,0,62,0
0,10,10,8
11,0,11,0
0,83,83,70
57,0,57,0
1,0,1,0
2,0,2,0
12,0,12,0
0,344,344,42
4,0,4,0
10,0,10,0
1,0,1,0
1,0,1,0
0,20,20,5
0,87,87,56
11,0,11,0
12,0,12,0
11,0,11,0
18,0,18,0
0,6,6,0
3,0,3,0
0,61,61,20
125,0,125,0
3,0,3,0
2,0,2,0
6,0,6,0
10,0,10,0
5,0,5,0
0,37,37,8
3,0,3,0
0,24,24,2
0,80,80,2
22,0,22,0
47,0,47,0
14,0,14,0
12,0,12,0
31,0,31,0
18,0,18,0
13,0,13,0
0,75,75,62
5,0,5,0
85,0,85,0
1,0,1,0
350,0,350,0
0,30,30,134
16,0,16,0
8,0,8,0
1,0,1,0
0,23,23,11
35,0,35,0
0,5,5,10
74,0,74,0
0,125,125,1
13,0,13,0
60,0,60,0
0,18,18,10
5,0,5,0
20,0,20,0
97,0,97,0
0,41,41,20
42,0,42,0
4,0,4,0
3,0,3,0
7,0,7,0
0,53,53,3
40,0,40,0
0,4,4,1
0,113,113,9
0,5,5,23
0,1,1,5
2,0,2,0
52,0,52,0
6,0,6,0
6,0,6,0
2,0,2,0
4,0,4,0
2,0,2,0
9,0,9,0
0,44,44,91
5,0,5,0
42,0,42,0
3,0,3,0
6,0,6,0
1,0,1,0
16,0,16,0
0,10,10,2
4,0,4,0
0,86,86,8
7,0,7,0
0,394,394,110
4,0,4,0
108,0,108,0
5,0,5,0
225,0,225,0
15,0,15,0
1,0,1,0
455,0,455,0
0,47,47,8
522,0,522,0
5,0,5,0
1,0,1,0
14,0,14,0
2,0,2,0
2,0,2,0
0,241,241,20
243,0,243,0
70,0,70,0
13,0,13,0
57,0,57,0
0,7,7,14
61,0,61,0
1,0,1,0
1,0,1,0
58,0,58,0
3,0,3,0
20,0,20,0
124,0,124,0
25,0,25,0
23,0,23,0
0,274,274,73
1,0,1,0
2,0,2,0
24,0,24,0
3,0,3,0
8,0,8,0
0,31,31,11
25,0,25,0
0,11,11,1
15,0,15,0
11,0,11,0
56,0,56,0
22,0,22,0
7,0,7,0
10,0,10,0
0,3,3,6
17,0,17,0
0,70,70,42
0,67,67,17
0,49,49,72
16,0,16,0
2,0,2,0
7,0,7,0
2,0,2,0
30,0,30,0
0,3,3,2
4,0,4,0
1,0,1,0
1,0,1,0
0,24,24,11
29,0,29,0
62,0,62,0
2,0,2,0
6,0,6,0
0,1,1,24
3,0,3,0
1,0,1,0
4,0,4,0
0,69,69,15
34,0,34,0
14,0,14,0
12,0,12,0
0,344,344,73
1,0,1,0
10,0,10,0
0,21,21,49
10,0,10,0
2,0,2,0
1,0,1,0
13,0,13,0
27,0,27,0
0,34,34,21
15,0,15,0
40,0,40,0
6,0,6,0
48,0,48,0
5,0,5,0
6,0,6,0
277,0,277,0
0,2,2,2
10,0,10,0
27,0,27,0
6,0,6,0
0,3,3,14
4,0,4,0
0,160,160,24
147,0,147,0
18,0,18,0
7,0,7,0
1,0,1,0
6,0,6,0
0,2,2,6
9,0,9,0
1,0,1,0
3,0,3,0
218,0,218,0
77,0,77,0
0,16,16,1
1,0,1,0
43,0,43,0
11,0,11,0
7,0,7,0
7,0,7,0
6,0,6,0
0,7,7,39
1,0,1,0
37,0,37,0
2,0,2,0
1,0,1,0
6,0,6,0
6,0,6,0
2,0,2,0
21,0,21,0
11,0,11,0
74,0,74,0
20,0,20,0
32,0,32,0
0,37,37,8
23,0,23,0
1,0,1,0
0,76,76,20
91,0,91,0
7,0,7,0
0,648,648,94
12,0,12,0
0,2,2,59
0,41,41,193
16,0,16,0
1,0,1,0
2,0,2,0
0,4,4,18
6,0,6,0
1,0,1,0
0,147,147,64
61,0,61,0
1,0,1,0
0,121,121,38
1,0,1,0
118,0,118,0
0,8,8,100
1,0,1,0
26,0,26,0
0,1,1,41
2,0,2,0
0,66,66,114
34,0,34,0
0,1,1,67
22,0,22,0
0,10,10,0
1,0,1,0
16,0,16,0
0,10,10,9
6,0,6,0
10,0,10,0
7,0,7,0
0,43,43,430
20,0,20,0
0,1,1,3
0,33,33,4
2,0,2,0
4,0,4,0
10,0,10,0
1,0,1,0
23,0,23,0
0,16,16,28
63,0,63,0
0,34,34,42
29,0,29,0
0,87,87,65
1,0,1,0
9,0,9,0
38,0,38,0
0,26,26,8
4,0,4,0
0,1,1,3
8,0,8,0
14,0,14,0
0,68,68,40
0,22,22,4
1,0,1,0
12,0,12,0
2,0,2,0
1,0,1,0
0,91,91,124
6,0,6,0
1,0,1,0
16,0,16,0
17,0,17,0
11,0,11,0
3,0,3,0
2,0,2,0
8,0,8,0
1,0,1,0
18,0,18,0
2,0,2,0
2,0,2,0
2,0,2,0
3,0,3,0
197,0,197,0
2,0,2,0
15,0,15,0
1,0,1,0
1,0,1,0
0,25,25,2
0,411,411,73
179,0,179,0
0,10,10,16
5,0,5,0
14,0,14,0
0,776,776,58
33,0,33,0
839,0,839,0
1,0,1,0
0,46,46,16
24,0,24,0
1,0,1,0
13,0,13,0
6,0,6,0
23,0,23,0
2,0,2,0
0,8,8,1
0,4,4,6
0,22,22,42
1,0,1,0
1,0,1,0
0,22,22,60
3,0,3,0
0,31,31,38
34,0,34,0
3,0,3,0
0,21,21,21
16,0,16,0
0,9,9,8
6,0,6,0
1,0,1,0
0,19,19,13
13,0,13,0
9,0,9,0
0,2,2,4
350,0,350,0
0,3,3,29
1,0,1,0
0,127,127,6
6,0,6,0
10,0,10,0
2,0,2,0
0,21,21,17
6,0,6,0
24,0,24,0
15,0,15,0
1,0,1,0
5,0,5,0
42,0,42,0
58,0,58,0
1,0,1,0
0,29,29,12
8,0,8,0
61,0,61,0
51,0,51,0
1,0,1,0
7,0,7,0
108,0,108,0
1,0,1,0
0,89,89,21
40,0,40,0
1,0,1,0
3,0,3,0
0,36,36,2
4,0,4,0
1,0,1,0
0,258,258,16
78,0,78,0
17,0,17,0
0,44,44,3
78,0,78,0
5,0,5,0
3,0,3,0
0,11,11,33
2,0,2,0
0,22,22,29
0,216,216,44
6,0,6,0
3,0,3,0
9,0,9,0
8,0,8,0
34,0,34,0
4,0,4,0
0,71,71,51
49,0,49,0
6,0,6,0
16,0,16,0
0,74,74,6
9,0,9,0
0,47,47,0
101,0,101,0
13,0,13,0
73,0,73,0
8,0,8,0
0,52,52,11
7,0,7,0
108,0,108,0
2,0,2,0
1,0,1,0
3,0,3,0
22,0,22,0
0,144,144,31
0,27,27,17
10,0,10,0
4,0,4,0
0,13,13,1
128,0,128,0
0,38,38,28
11,0,11,0
4,0,4,0
2,0,2,0
0,20,20,1
15,0,15,0
0,28,28,7
52,0,52,0
1,0,1,0
7,0,7,0
84,0,84,0
7,0,7,0
2,0,2,0
7,0,7,0
0,115,115,68
149,0,149,0
0,1,1,85
36,0,36,0
2,0,2,0
5,0,5,0
0,6,6,2
82,0,82,0
66,0,66,0
2,0,2,0
0,3,3,2
4,0,4,0
20,0,20,0
0,1,1,25
2,0,2,0
0,4,4,18
13,0,13,0
2,0,2,0
1,0,1,0
0,112,112,13
0,8,8,19
3,0,3,0
7,0,7,0
30,0,30,0
39,0,39,0
2,0,2,0
0,33,33,23
14,0,14,0
0,18,18,41
4,0,4,0
0,26,26,94
0,3,3,6
4,0,4,0
7,0,7,0
0,25,25,24
64,0,64,0
3,0,3,0
1,0,1,0
5,0,5,0
35,0,35,0
52,0,52,0
0,8,8,12
1,0,1,0
0,189,189,34
1,0,1,0
0,2,2,69
1,0,1,0
0,3,3,38
8,0,8,0
8,0,8,0
0,83,83,70
2,0,2,0
0,83,83,8
1,0,1,0
104,0,104,0
5,0,5,0
0,19,19,31
12,0,12,0
5,0,5,0
0,4,4,25
12,0,12,0
0,3,3,6
27,0,27,0
0,235,235,55
3,0,3,0
0,2,2,0
139,0,139,0
12,0,12,0
18,0,18,0
271,0,271,0
0,8,8,31
1,0,1,0
0,54,54,6
0,349,349,1
236,0,236,0
0,779,779,41
40,0,40,0
0,50,50,27
44,0,44,0
0,7,7,20
0,9,9,9
13,0,13,0
1,0,1,0
24,0,24,0
2,0,2,0
0,211,211,6
4,0,4,0
5,0,5,0
8,0,8,0
0,259,259,40
13,0,13,0
5,0,5,0
10,0,10,0
7,0,7,0
0,25,25,19
2,0,2,0
0,664,664,52
75,0,75,0
11,0,11,0
0,39,39,48
149,0,149,0
2,0,2,0
17,0,17,0
0,5,5,3
2,0,2,0
2,0,2,0
2,0,2,0
0,20,20,10
4,0,4,0
11,0,11,0
10,0,10,0
36,0,36,0
16,0,16,0
0,3,3,1
2,0,2,0
6,0,6,0
0,7,7,1
0,21,21,9
24,0,24,0
17,0,17,0
8,0,8,0
9,0,9,0
2,0,2,0
4,0,4,0
3,0,3,0
0,1,1,11
21,0,21,0
2,0,2,0
2,0,2,0
0,6,6,5
0,117,117,15
20,0,20,0
7,0,7,0
186,0,186,0
0,7,7,46
5,0,5,0
14,0,14,0
8,0,8,0
0,31,31,30
11,0,11,0
0,15,15,4
15,0,15,0
0,22,22,5
43,0,43,0
2,0,2,0
0,107,107,13
8,0,8,0
1,0,1,0
0,5,5,77
0,32,32,34
21,0,21,0
0,19,19,45
10,0,10,0
23,0,23,0
0,34,34,63
15,0,15,0
0,56,56,65
1,0,1,0
1,0,1,0
1,0,1,0
11,0,11,0
21,0,21,0
6,0,6,0
7,0,7,0
3,0,3,0
5,0,5,0
0,39,39,62
1,0,1,0
167,0,167,0
9,0,9,0
15,0,15,0
4,0,4,0
0,1,1,71
11,0,11,0
24,0,24,0
0,185,185,26
0,16,16,47
1,0,1,0
0,30,30,8
23,0,23,0
0,55,55,26
286,0,286,0
0,242,242,41
0,30,30,38
24,0,24,0
2,0,2,0
4,0,4,0
0,63,63,34
93,0,93,0
3,0,3,0
0,2,2,9
0,3,3,11
2,0,2,0
5,0,5,0
0,16,16,0
10,0,10,0
5,0,5,0
0,303,303,15
200,0,200,0
11,0,11,0
54,0,54,0
25,0,25,0
3,0,3,0
5,0,5,0
43,0,43,0
2,0,2,0
1,0,1,0
2,0,2,0
0,107,107,30
0,5,5,65
9,0,9,0
189,0,189,0
0,3,3,0
0,1,1,79
129,0,129,0
6,0,6,0
7,0,7,0
0,9,9,6
4,0,4,0
8,0,8,0
12,0,12,0
4,0,4,0
1,0,1,0
32,0,32,0
0,1,1,29
0,73,73,22
72,0,72,0
0,58,58,119
4,0,4,0
3,0,3,0
0,5,5,21
3,0,3,0
0,6,6,13
0,22,22,1
15,0,15,0
0,1,1,3
0,83,83,45
33,0,33,0
0,2,2,54
14,0,14,0
0,6,6,0
1,0,1,0
2,0,2,0
0,30,30,2
0,9,9,8
5,0,5,0
7,0,7,0
0,10,10,44
0,418,418,9
6,0,6,0
418,0,418,0
2,0,2,0
21,0,21,0
0,5,5,5
2,0,2,0
16,0,16,0
2,0,2,0
21,0,21,0
0,4,4,37
8,0,8,0
38,0,38,0
0,1,1,3
4,0,4,0
3,0,3,0
51,0,51,0
6,0,6,0
0,2,2,0
4,0,4,0
39,0,39,0
18,0,18,0
8,0,8,0
0,16,16,5
18,0,18,0
25,0,25,0
2,0,2,0
50,0,50,0
2,0,2,0
4,0,4,0
217,0,217,0
0,16,16,6
14,0,14,0
0,2,2,7
0,24,24,3
25,0,25,0
0,16,16,13
83,0,83,0
0,1,1,19
12,0,12,0
22,0,22,0
0,56,56,6
1,0,1,0
0,1,1,3
16,0,16,0
4,0,4,0
0,3,3,11
0,1,1,3
0,16,16,1
0,55,55,28
21,0,21,0
0,5,5,0
1,0,1,0
2,0,2,0
49,0,49,0
7,0,7,0
0,4,4,18
9,0,9,0
20,0,20,0
12,0,12,0
6,0,6,0
0,169,169,25
1,0,1,0
0,63,63,13
35,0,35,0
0,8,8,4
0,2,2,1
21,0,21,0
1,0,1,0
1,0,1,0
1,0,1,0
2,0,2,0
8,0,8,0
0,20,20,55
0,103,103,27
0,20,20,107
0,120,120,56
53,0,53,0
0,14,14,114
8,0,8,0
21,0,21,0
0,435,435,94
1,0,1,0
1,0,1,0
104,0,104,0
11,0,11,0
88,0,88,0
0,123,123,10
0,73,73,6
2,0,2,0
1,0,1,0
1,0,1,0
2,0,2,0
0,50,50,7
0,16,16,4
2,0,2,0
0,1,1,6
0,138,138,22
2,0,2,0
0,150,150,32
6,0,6,0
23,0,23,0
0,29,29,16
8,0,8,0
0,41,41,20
12,0,12,0
38,0,38,0
1,0,1,0
4,0,4,0
321,0,321,0
12,0,12,0
1,0,1,0
0,4,4,7
155,0,155,0
14,0,14,0
2,0,2,0
7,0,7,0
16,0,16,0
0,7,7,20
1,0,1,0
15,0,15,0
0,131,131,108
7,0,7,0
143,0,143,0
2,0,2,0
320,0,320,0
3,0,3,0
10,0,10,0
55,0,55,0
304,0,304,0
1,0,1,0
2,0,2,0
11,0,11,0
1,0,1,0
18,0,18,0
10,0,10,0
12,0,12,0
0,51,51,22
44,0,44,0
1,0,1,0
98,0,98,0
3,0,3,0
5,0,5,0
0,27,27,16
0,90,90,0
2,0,2,0
22,0,22,0
29,0,29,0
2,0,2,0
14,0,14,0
0,8,8,0
8,0,8,0
142,0,142,0
18,0,18,0
0,151,151,39
101,0,101,0
0,44,44,5
0,66,66,35
10,0,10,0
4,0,4,0
5,0,5,0
6,0,6,0
0,13,13,6
12,0,12,0
2,0,2,0
1,0,1,0
0,11,11,5
5,0,5,0
12,0,12,0
9,0,9,0
57,0,57,0
4,0,4,0
0,170,170,40
391,0,391,0
16,0,16,0
4,0,4,0
117,0,117,0
0,3,3,6
2,0,2,0
81,0,81,0
0,2,2,0
2,0,2,0
15,0,15,0
0,26,26,11
1,0,1,0
3,0,3,0
0,16,16,3
102,0,102,0
5,0,5,0
2,0,2,0
2,0,2,0
2,0,2,0
0,163,163,7
4,0,4,0
4,0,4,0
0,99,99,28
0,6,6,2
1,0,1,0
80,0,80,0
4,0,4,0
0,25,25,13
0,9,9,129
1,0,1,0
33,0,33,0
0,22,22,34
12,0,12,0
31,0,31,0
0,17,17,126
38,0,38,0
22,0,22,0
2,0,2,0
102,0,102,0
0,23,23,11
22,0,22,0
7,0,7,0
9,0,9,0
10,0,10,0
8,0,8,0
13,0,13,0
27,0,27,0
42,0,42,0
59,0,59,0
1,0,1,0
0,46,46,77
12,0,12,0
91,0,91,0
1,0,1,0
0,12,12,12
24,0,24,0
8,0,8,0
14,0,14,0
58,0,58,0
1,0,1,0
1,0,1,0
6,0,6,0
0,38,38,18
30,0,30,0
0,7,7,44
6,0,6,0
13,0,13,0
0,2,2,3
1,0,1,0
2,0,2,0
50,0,50,0
13,0,13,0
4,0,4,0
0,1,1,218
19,0,19,0
5,0,5,0
2,0,2,0
13,0,13,0
1,0,1,0
58,0,58,0
1,0,1,0
4,0,4,0
0,1,1,0
4,0,4,0
57,0,57,0
4,0,4,0
0,3,3,4
0,297,297,2
343,0,343,0
0,2,2,20
37,0,37,0
0,2,2,20
2,0,2,0
1,0,1,0
40,0,40,0
2,0,2,0
0,89,89,67
3,0,3,0
1,0,1,0
1,0,1,0
6,0,6,0
0,63,63,36
48,0,48,0
0,136,136,56
6,0,6,0
1,0,1,0
0,3,3,22
5,0,5,0
0,2,2,18
0,3,3,7
2,0,2,0
6,0,6,0
3,0,3,0
0,11,11,15
0,96,96,30
2,0,2,0
2,0,2,0
49,0,49,0
0,134,134,118
10,0,10,0
1,0,1,0
58,0,58,0
7,0,7,0
4,0,4,0
5,0,5,0
0,1,1,78
7,0,7,0
3,0,3,0
0,9,9,0
0,27,27,56
1,0,1,0
0,42,42,43
1,0,1,0
0,72,72,1
30,0,30,0
15,0,15,0
4,0,4,0
13,0,13,0
6,0,6,0
9,0,9,0
3,0,3,0
7,0,7,0
2,0,2,0
21,0,21,0
0,15,15,29
2,0,2,0
17,0,17,0
0,69,69,12
86,0,86,0
32,0,32,0
0,12,12,6
7,0,7,0
0,1,1,15
0,89,89,10
1,0,1,0
40,0,40,0
10,0,10,0
0,8,8,5
0,74,74,18
32,0,32,0
0,21,21,14
0,3,3,0
6,0,6,0
21,0,21,0
8,0,8,0
113,0,113,0
4,0,4,0
5,0,5,0
1,0,1,0
0,4,4,6
2,0,2,0
32,0,32,0
1,0,1,0
0,23,23,4
6,0,6,0
0,8,8,50
0,3,3,77
2,0,2,0
0,91,91,31
42,0,42,0
14,0,14,0
0,5,5,5
26,0,26,0
0,70,70,19
48,0,48,0
63,0,63,0
81,0,81,0
2,0,2,0
2,0,2,0
0,1,1,34
0,5,5,33
0,17,17,21
6,0,6,0
9,0,9,0
0,19,19,8
0,7,7,3
3,0,3,0
2,0,2,0
0,2,2,2
44,0,44,0
0,3,3,0
3,0,3,0
0,15,15,0
2,0,2,0
1,0,1,0
8,0,8,0
0,19,19,10
18,0,18,0
24,0,24,0
0,85,85,12
19,0,19,0
0,2,2,6
1,0,1,0
0,3,3,58
2,0,2,0
2,0,2,0
0,1,1,134
4,0,4,0
0,12,12,7
8,0,8,0
1,0,1,0
6,0,6,0
13,0,13,0
0,1,1,6
0,120,120,6
0,10,10,35
0,4,4,2
1,0,1,0
3,0,3,0
9,0,9,0
28,0,28,0
0,16,16,34
41,0,41,0
0,4,4,11
0,18,18,0
16,0,16,0
0,1,1,23
1,0,1,0
0,215,215,142
15,0,15,0
44,0,44,0
10,0,10,0
2,0,2,0
0,11,11,10
5,0,5,0
0,14,14,0
1,0,1,0
18,0,18,0
0,25,25,21
5,0,5,0
3,0,3,0
1,0,1,0
29,0,29,0
119,0,119,0
19,0,19,0
0,16,16,2
17,0,17,0
1,0,1,0
0,281,281,199
0,26,26,14
0,103,103,66
1,0,1,0
2,0,2,0
7,0,7,0
4,0,4,0
0,34,34,5
33,0,33,0
0,8,8,214
0,1,1,27
7,0,7,0
2,0,2,0
0,119,119,19
2,0,2,0
0,7,7,0
36,0,36,0
44,0,44,0
3,0,3,0
47,0,47,0
0,50,50,71
1,0,1,0
108,0,108,0
0,3,3,5
12,0,12,0
0,108,108,36
3,0,3,0
45,0,45,0
22,0,22,0
3,0,3,0
6,0,6,0
18,0,18,0
55,0,55,0
68,0,68,0
2,0,2,0
1,0,1,0
4,0,4,0
1,0,1,0
6,0,6,0
18,0,18,0
0,7,7,9
0,22,22,10
22,0,22,0
0,23,23,54
6,0,6,0
23,0,23,0
2,0,2,0
1,0,1,0
4,0,4,0
1,0,1,0
3,0,3,0
1,0,1,0
1,0,1,0
3,0,3,0
1,0,1,0
1,0,1,0
55,0,55,0
6,0,6,0
39,0,39,0
2,0,2,0
5,0,5,0
0,20,20,17
0,1,1,3
44,0,44,0
0,39,39,102
83,0,83,0
0,271,271,44
1,0,1,0
1,0,1,1
0,106,106,5
44,0,44,0
3,0,3,0
49,0,49,0
1,0,1,0
36,0,36,0
4,0,4,0
33,0,33,0
11,0,11,0
10,0,10,0
0,5,5,9
1,0,1,0
14,0,14,0
0,6,6,7
5,0,5,0
0,9,9,35
48,0,48,0
2,0,2,0
2,0,2,0
0,3,3,113
82,0,82,0
2,0,2,0
0,34,34,4
0,13,13,12
55,0,55,0
2,0,2,0
0,7,7,0
2,0,2,0
1,0,1,0
0,21,21,14
1,0,1,0
17,0,17,0
0,10,10,13
0,8,8,26
6,0,6,0
3,0,3,0
1,0,1,0
0,38,38,11
8,0,8,0
21,0,21,0
3,0,3,0
0,1,1,6
24,0,24,0
0,18,18,1
1,0,1,0
32,0,32,0
0,10,10,6
1,0,1,0
2,0,2,0
2,0,2,0
11,0,11,0
44,0,44,0
29,0,29,0
80,0,80,0
11,0,11,0
28,0,28,0
3,0,3,0
0,3,3,1
24,0,24,0
134,0,134,0
37,0,37,0
0,32,32,4
5,0,5,0
1,0,1,0
0,36,36,28
3,0,3,0
1,0,1,0
0,19,19,6
15,0,15,0
52,0,52,0
0,89,89,26
1,172,173,4
2,0,2,0
65,0,65,0
46,0,46,0
1,0,1,0
10,0,10,0
3,0,3,0
5,0,5,0
0,1,1,3
5,0,5,0
7,0,7,0
0,52,52,67
56,0,56,0
2,0,2,0
6,0,6,0
1,0,1,0
7,0,7,0
0,443,443,2
13,0,13,0
39,0,39,0
1,0,1,0
0,11,11,62
57,0,57,0
11,0,11,0
0,11,11,6
0,12,12,17
23,0,23,0
22,0,22,0
1,0,1,0
4,0,4,0
0,177,177,10
2,0,2,0
274,0,274,0
17,0,17,0
8,0,8,0
0,21,21,14
3,0,3,0
1,0,1,0
12,0,12,0
62,0,62,0
1,0,1,0
8,0,8,0
0,1,1,15
2,0,2,0
422,0,422,0
6,0,6,0
5,0,5,0
0,1,1,90
11,0,11,0
7,0,7,0
33,0,33,0
0,10,10,3
39,0,39,0
1,0,1,0
0,3,3,55
0,143,143,4
101,0,101,0
3,0,3,0
55,0,55,0
0,6,6,7
1,0,1,0
0,5,5,8
0,14,14,16
1,0,1,0
1,0,1,0
2,0,2,0
10,0,10,0
10,0,10,0
2,0,2,0
1,0,1,0
0,67,67,9
0,6,6,0
6,0,6,0
1,0,1,0
1,0,1,0
0,48,48,3
62,0,62,0
0,24,24,14
1,0,1,0
0,17,17,17
19,0,19,0
0,51,51,76
34,0,34,0
0,19,19,22
13,0,13,0
2,0,2,0
9,0,9,0
11,0,11,0
14,0,14,0
15,0,15,0
4,0,4,0
1,0,1,0
0,13,13,3
1,0,1,0
30,0,30,0
0,2,2,75
4,0,4,0
6,0,6,0
0,10,10,1
2,0,2,0
5,0,5,0
6,0,6,0
0,53,53,55
52,0,52,0
0,74,74,92
2,0,2,0
0,25,25,19
2,0,2,0
10,0,10,0
1,0,1,0
0,5,5,27
1,0,1,0
1,0,1,0
4,0,4,0
2,0,2,0
18,0,18,0
3,0,3,0
37,0,37,0
0,23,23,108
3,0,3,0
1,0,1,0
0,1,1,28
2,0,2,0
0,248,248,17
16,0,16,0
0,142,142,19
1,0,1,0
1,0,1,0
2,0,2,0
1,0,1,0
0,16,16,12
7,0,7,0
0,23,23,5
26,0,26,0
3,0,3,0
4,0,4,0
2,0,2,0
1,0,1,0
1357,0,1357,0
0,2,2,1
1,0,1,0
1,0,1,0
0,9,9,42
29,0,29,0
146,0,146,0
234,0,234,0
17,0,17,0
0,4,4,8
0,76,76,3
454,0,454,0
0,81,81,27
73,0,73,0
5,0,5,0
18,0,18,0
74,0,74,0
5,0,5,0
0,55,55,10
2,0,2,0
0,13,13,23
4,0,4,0
0,2,2,2
13,0,13,0
0,135,135,115
135,0,135,0
143,0,143,0
14,0,14,0
1,0,1,0
2,0,2,0
0,2,2,1
499,0,499,0
11,0,11,0
0,18,18,30
15,0,15,0
0,18,18,33
17,0,17,0
0,6,6,1
158,0,158,0
10,0,10,0
1,0,1,0
5,0,5,0
9,0,9,0
0,167,167,6
1,0,1,0
1,0,1,0
1,0,1,0
17,0,17,0
8,0,8,0
72,0,72,0
0,24,24,10
20,0,20,0
7,0,7,0
0,6,6,3
6,0,6,0
0,6,6,34
13,0,13,0
6,0,6,0
10,0,10,0
2,0,2,0
39,0,39,0
0,415,415,67
0,31,31,0
9,0,9,0
3,0,3,0
1,0,1,0
4,0,4,0
1,0,1,0
68,0,68,0
2,0,2,0
4,0,4,0
0,354,354,112
16,0,16,0
0,20,20,2
11,0,11,0
12,0,12,0
29,0,29,0
11,0,11,0
181,0,181,0
0,60,60,63
10,0,10,0
22,0,22,0
0,229,229,28
218,0,218,0
0,11,11,1
4,0,4,0
0,41,41,118
3,0,3,0
7,0,7,0
10,0,10,0
0,89,89,67
30,0,30,0
9,0,9,0
0,26,26,6
24,0,24,0
122,0,122,0
0,1,1,5
19,0,19,0
0,29,29,13
0,56,56,105
60,0,60,0
0,45,45,8
1,0,1,0
0,1,1,0
8,0,8,0
8,0,8,0
0,89,89,62
90,0,90,0
0,13,13,34
8,0,8,0
4,0,4,0
0,38,38,21
10,0,10,0
28,0,28,0
1,66,67,24
8,0,8,0
21,0,21,0
34,0,34,0
99,0,99,0
11,0,11,0
0,4,4,9
0,66,66,90
437,0,437,0
11,0,11,0
72,0,72,0
0,189,189,63
11,0,11,0
9,0,9,0
0,31,31,12
2,0,2,0
13,0,13,0
0,6,6,28
0,4,4,95
1,0,1,0
46,0,46,0
1,0,1,0
3,0,3,0
0,11,11,16
5,0,5,0
0,27,27,23
64,0,64,0
1,0,1,0
4,0,4,0
2,0,2,0
3,0,3,0
0,172,172,17
167,0,167,0
2,0,2,0
19,0,19,0
16,0,16,0
1,0,1,0
115,0,115,0
134,0,134,0
4,0,4,0
19,0,19,0
24,0,24,0
77,0,77,0
0,22,22,6
5,0,5,0
8,0,8,0
0,18,18,26
94,0,94,0
0,162,162,18
2,0,2,0
8,0,8,0
11,0,11,0
112,0,112,0
1,0,1,0
7,0,7,0
5,0,5,0
0,1,1,3
9,0,9,0
3,0,3,0
0,118,118,9
0,2,2,2
9,0,9,0
0,44,44,33
0,26,26,111
21,0,21,0
14,0,14,0
2,0,2,0
0,53,53,29
267,0,267,0
3,0,3,0
1,0,1,0
7,0,7,0
1,0,1,0
0,159,159,124
0,2,2,88
0,164,164,21
147,0,147,0
12,0,12,0
2,0,2,0
1,0,1,0
11,0,11,0
1,0,1,0
10,0,10,0
467,0,467,0
0,100,100,3
106,0,106,0
18,0,18,0
389,0,389,0
0,91,91,20
1,0,1,0
2,0,2,0
0,39,39,10
13,0,13,0
0,2,2,12
7,0,7,0
0,179,179,30
0,72,72,17
2,0,2,0
0,2,2,44
1,0,1,0
1,0,1,0
19,0,19,0
6,0,6,0
116,0,116,0
13,0,13,0
0,1,1,43
33,0,33,0
108,0,108,0
0,214,214,5
0,21,21,3
215,0,215,0
6,0,6,0
0,2,2,10
1,0,1,0
0,114,114,279
0,56,56,20
0,4,4,13
8,0,8,0
0,1,1,16
35,0,35,0
7,0,7,0
4,0,4,0
0,20,20,55
0,1,1,0
15,0,15,0
40,0,40,0
3,0,3,0
0,6,6,3
55,0,55,0
21,0,21,0
0,198,198,8
2,0,2,0
58,0,58,0
2,0,2,0
1,0,1,0
9,0,9,0
1,0,1,0
0,39,39,67
3,0,3,0
8,0,8,0
3,0,3,0
0,5,5,0
2,0,2,0
1675,0,1675,0
0,2,2,15
9,0,9,0
0,38,38,7
55,0,55,0
2,0,2,0
6,0,6,0
0,15,15,1
5,0,5,0
0,9,9,6
13,0,13,0
11,0,11,0
3,0,3,0
0,292,292,22
0,69,69,156
104,0,104,0
9,0,9,0
8,0,8,0
0,71,71,16
18,0,18,0
2,0,2,0
0,3,3,0
8,0,8,0
8,0,8,0
1,0,1,0
74,0,74,0
0,196,196,9
10,0,10,0
0,228,228,5
0,23,23,5
15,0,15,0
15,0,15,0
24,0,24,0
3,0,3,0
2,0,2,0
2,0,2,0
0,14,14,6
3,0,3,0
2,0,2,0
138,0,138,0
4,0,4,0
1,0,1,0
0,50,50,14
69,0,69,0
4,0,4,0
47,0,47,0
6,0,6,0
57,0,57,0
1,0,1,0
0,73,73,22
81,0,81,0
2,0,2,0
0,17,17,0
38,0,38,0
48,0,48,0
3,0,3,0
0,2,2,7
0,11,11,19
15,0,15,0
0,7,7,10
0,550,550,11
461,0,461,0
1,0,1,0
12,0,12,0
16,0,16,0
0,22,22,54
14,0,14,0
0,70,70,60
24,0,24,0
10,31,41,26
5,0,5,0
4,0,4,0
29,0,29,0
1,0,1,0
0,18,18,4
7,0,7,0
17,0,17,0
40,0,40,0
4,0,4,0
2,0,2,0
3,0,3,0
1,0,1,0
0,35,35,18
37,0,37,0
0,2,2,15
20,0,20,0
0,1,1,0
6,0,6,0
361,0,361,0
49,0,49,0
2,0,2,0
0,2,2,0
4,0,4,0
0,24,24,10
2,0,2,0
0,1,1,0
62,0,62,0
0,52,52,41
2,0,2,0
0,7,7,11
0,7,7,19
7,0,7,0
0,45,45,14
139,0,139,0
0,3,3,7
0,78,78,8
33,0,33,0
0,5,5,1
249,0,249,0
7,0,7,0
0,18,18,0
5,0,5,0
12,0,12,0
0,144,144,17
0,26,26,58
75,0,75,0
146,0,146,0
41,0,41,0
29,0,29,0
0,70,70,7
0,29,29,4
4,0,4,0
59,0,59,0
21,0,21,0
0,62,62,24
0,48,48,118
286,0,286,0
2,0,2,0
121,0,121,0
51,0,51,0
1,0,1,0
3,0,3,0
1,0,1,0
0,58,58,3
0,48,48,25
0,5,5,2
1,0,1,0
6,0,6,0
2,0,2,0
0,43,43,47
2,0,2,0
78,0,78,0
0,1,1,42
0,19,19,7
3,0,3,0
18,0,18,0
0,7,7,3
18,0,18,0
6,0,6,0
38,0,38,0
6,0,6,0
3,0,3,0
0,29,29,4
39,0,39,0
6,0,6,0
0,97,97,18
1,0,1,0
10,0,10,0
3,0,3,0
0,15,15,0
8,0,8,0
1,0,1,0
0,17,17,123
6,0,6,0
3,0,3,0
6,0,6,0
15,0,15,0
0,40,40,2
21,0,21,0
2,0,2,0
4,0,4,0
0,17,17,52
1,0,1,0
64,0,64,0
1,0,1,0
8,0,8,0
1,0,1,0
2,0,2,0
4,0,4,0
1,0,1,0
55,0,55,0
44,0,44,0
25,0,25,0
3,0,3,0
13,0,13,0
0,256,256,24
0,38,38,21
4,0,4,0
0,92,92,31
4,0,4,0
0,265,265,3
64,0,64,0
28,0,28,0
0,61,61,16
17,0,17,0
0,65,65,4
0,50,50,4
1,0,1,0
149,0,149,0
0,154,154,89
9,0,9,0
0,20,20,20
0,1,1,4
3,0,3,0
5,0,5,0
0,52,52,71
8,0,8,0
0,4,4,9
3,0,3,0
0,9,9,18
0,30,30,5
37,0,37,0
40,0,40,0
1,0,1,0
0,194,194,4
135,0,135,0
21,0,21,0
1,0,1,0
7,0,7,0
9,0,9,0
1,0,1,0
75,0,75,0
30,0,30,0
0,8,8,3
0,41,41,14
2,0,2,0
13,0,13,0
17,0,17,0
4,0,4,0
0,2,2,9
7,0,7,0
0,19,19,0
16,0,16,0
1,0,1,0
16,0,16,0
0,58,58,134
2,0,2,0
6,0,6,0
0,2,2,18
3,0,3,0
514,0,514,0
17,0,17,0
0,59,59,62
51,0,51,0
1,0,1,0
0,10,10,88
0,179,179,23
76,0,76,0
0,43,43,31
0,22,22,0
17,0,17,0
18,0,18,0
0,505,505,58
7,0,7,0
505,0,505,0
0,11,11,4
0,1,1,51
3,0,3,0
1,0,1,0
0,7,7,2
0,26,26,10
31,0,31,0
4,0,4,0
0,57,57,103
0,293,293,9
505,0,505,0
1,0,1,0
291,0,291,0
2,0,2,0
5,0,5,0
6,0,6,0
110,0,110,0
4,0,4,0
11,0,11,0
12,0,12,0
6,0,6,0
0,686,686,36
3,0,3,0
0,5,5,2
3,0,3,0
0,3,3,21
14,0,14,0
109,0,109,0
4,0,4,0
1,0,1,0
19,0,19,0
0,230,230,56
9,0,9,0
31,0,31,0
0,262,262,75
0,1,1,17
9,0,9,0
84,0,84,0
55,0,55,0
10,0,10,0
0,7,7,9
1,0,1,0
0,167,167,31
105,0,105,0
0,172,172,10
9,0,9,0
9,0,9,0
0,4,4,2
7,0,7,0
0,212,212,26
0,677,677,23
49,0,49,0
0,3,3,10
0,32,32,25
13,0,13,0
8,0,8,0
0,142,142,29
109,0,109,0
9,0,9,0
4,0,4,0
2,0,2,0
0,171,171,14
1,0,1,0
0,23,23,66
1,0,1,0
0,6,6,1
0,144,144,22
331,0,331,0
92,0,92,0
0,144,144,8
5,0,5,0
1,0,1,0
667,0,667,0
16,0,16,0
2,0,2,0
2,0,2,0
19,0,19,0
0,38,38,16
45,0,45,0
26,0,26,0
0,67,67,41
6,0,6,0
26,0,26,0
5,0,5,0
0,769,769,6
696,0,696,0
3,0,3,0
0,169,169,6
123,0,123,0
0,2,2,27
150,0,150,0
0,70,70,8
38,0,38,0
4,0,4,0
4,0,4,0
1,0,1,0
8,0,8,0
9,0,9,0
0,247,247,82
0,7,7,5
2,0,2,0
112,0,112,0
1,0,1,0
0,7,7,4
5,0,5,0
1,0,1,0
2,0,2,0
80,0,80,0
2,0,2,0
0,14,14,26
16,0,16,0
2,0,2,0
2,0,2,0
260,0,260,0
0,2,2,37
12,0,12,0
0,110,110,53
3,0,3,0
0,171,171,124
0,15,15,1
10,0,10,0
60,0,60,0
14,0,14,0
1,0,1,0
18,0,18,0
1,0,1,0
0,43,43,35
4,0,4,0
9,0,9,0
3,0,3,0
8,0,8,0
73,0,73,0
0,541,541,69
310,0,310,0
0,101,101,155
20,0,20,0
0,903,903,63
2,0,2,0
0,48,48,32
52,0,52,0
3,0,3,0
1,0,1,0
14,0,14,0
0,9,9,0
91,0,91,0
3,0,3,0
0,228,228,43
4,0,4,0
23,0,23,0
4,0,4,0
0,27,27,5
15,0,15,0
14,0,14,0
23,0,23,0
7,0,7,0
0,22,22,19
16,0,16,0
0,27,27,3
1,0,1,0
0,41,41,3
3,0,3,0
3,0,3,0
0,460,460,44
232,0,232,0
2,0,2,0
0,33,33,51
20,0,20,0
0,12,12,72
0,109,109,18
73,0,73,0
2,0,2,0
1,0,1,0
2,0,2,0
0,71,71,25
0,62,62,9
14,0,14,0
0,4,4,15
26,0,26,0
204,0,204,0
0,12,12,44
33,0,33,0
2,0,2,0
6,0,6,0
1,0,1,0
0,19,19,4
15,0,15,0
0,6,6,0
2,0,2,0
63,0,63,0
90,0,90,0
22,0,22,0
1,0,1,0
1,0,1,0
0,88,88,44
3,0,3,0
0,9,9,1
4,171,175,12
145,0,145,0
0,205,205,38
2,0,2,0
18,0,18,0
312,0,312,0
12,0,12,0
4,0,4,0
0,41,41,70
12,0,12,0
2,0,2,0
0,37,37,51
9,0,9,0
10,0,10,0
5,0,5,0
3,0,3,0
8,0,8,0
0,187,187,19
0,2,2,135
5,0,5,0
2,0,2,0
0,3,3,8
8,0,8,0
0,68,68,35
64,0,64,0
14,0,14,0
0,9,9,2
0,7,7,3
0,113,113,1
16,0,16,0
2,0,2,0
26,0,26,0
84,0,84,0
7,0,7,0
6,0,6,0
3,152,155,29
10,0,10,0
0,3,3,9
0,13,13,20
2,0,2,0
0,183,183,6
5,0,5,0
0,29,29,13
2,0,2,0
0,5,5,5
2,0,2,0
2,0,2,0
0,47,47,0
32,0,32,0
1,0,1,0
2,0,2,0
0,10,10,46
15,0,15,0
26,0,26,0
0,5,5,14
127,0,127,0
0,2,2,14
9,0,9,0
28,0,28,0
5,0,5,0
16,0,16,0
178,0,178,0
3,0,3,0
0,87,87,30
31,0,31,0
1,0,1,0
28,0,28,0
4,0,4,0
0,41,41,17
2,0,2,0
1,0,1,0
2,0,2,0
53,0,53,0
0,8,8,39
33,0,33,0
4,0,4,0
14,0,14,0
0,1,1,5
5,0,5,0
5,0,5,0
1,0,1,0
43,0,43,0
0,182,182,9
8,0,8,0
5,0,5,0
0,9,9,22
4,0,4,0
18,0,18,0
0,148,148,35
2,0,2,0
2,0,2,0
3,0,3,0
18,0,18,0
76,0,76,0
5,0,5,0
4,0,4,0
15,0,15,0
6,0,6,0
50,0,50,0
6,0,6,0
14,0,14,0
115,0,115,0
74,0,74,0
1,0,1,0
2,0,2,0
24,0,24,0
0,8,8,9
0,32,32,0
275,0,275,0
2,0,2,0
0,13,13,37
14,0,14,0
28,0,28,0
2,0,2,0
0,71,71,61
69,0,69,0
0,12,12,5
2,0,2,0
1,0,1,0
7,0,7,0
98,0,98,0
0,5,5,85
0,15,15,19
36,0,36,0
3,0,3,0
67,0,67,0
0,14,14,123
9,0,9,0
2,0,2,0
110,0,110,0
4,0,4,0
2,0,2,0
1,0,1,0
3,0,3,0
3,0,3,0
16,0,16,0
33,0,33,0
131,0,131,0
0,45,45,21
2,0,2,0
0,36,36,13
17,0,17,0
7,0,7,0
48,0,48,0
2,0,2,0
1,0,1,0
3,0,3,0
2,0,2,0
2,0,2,0
1,0,1,0
1,0,1,0
46,0,46,0
50,0,50,0
0,160,160,20
33,0,33,0
52,0,52,0
5,0,5,0
0,57,57,17
2,0,2,0
1,0,1,0
7,0,7,0
0,1,1,10
8,0,8,0
0,7,7,45
6,0,6,0
1,0,1,0
2,0,2,0
1,0,1,0
0,60,60,9
2,0,2,0
0,1,1,6
8,0,8,0
176,0,176,0
25,0,25,0
1,0,1,0
29,0,29,0
4,0,4,0
9,0,9,0
0,49,49,16
81,0,81,0
0,178,178,23
0,33,33,13
1,0,1,0
0,3,3,3
1,0,1,0
2,0,2,0
34,0,34,0
38,0,38,0
4,0,4,0
3,0,3,0
1,0,1,0
21,0,21,0
0,89,89,28
25,0,25,0
0,22,22,14
1,0,1,0
0,24,24,77
2,0,2,0
0,23,23,12
0,38,38,4
29,0,29,0
22,0,22,0
0,2,2,3
7,0,7,0
1,0,1,0
7,0,7,0
0,8,8,9
0,379,379,25
15,0,15,0
8,0,8,0
0,13,13,37
6,0,6,0
4,0,4,0
1,0,1,0
4,0,4,0
3,0,3,0
40,0,40,0
0,57,57,86
8,0,8,0
51,0,51,0
1,0,1,0
5,0,5,0
15,0,15,0
0,1,1,12
2,0,2,0
6,0,6,0
1,0,1,0
2,0,2,0
10,0,10,0
1,0,1,0
7,0,7,0
31,0,31,0
30,0,30,0
30,0,30,0
23,0,23,0
5,0,5,0
3,0,3,0
0,2,2,86
29,0,29,0
17,0,17,0
0,4,4,15
3,0,3,0
14,0,14,0
0,8,8,5
6,0,6,0
4,0,4,0
2,0,2,0
3,0,3,0
1,0,1,0
9,0,9,0
29,0,29,0
6,0,6,0
19,0,19,0
0,48,48,26
19,0,19,0
14,0,14,0
39,0,39,0
5,0,5,0
8,0,8,0
62,0,62,0
7,0,7,0
47,0,47,0
5,0,5,0
89,0,89,0
16,0,16,0
0,29,29,25
0,9,9,1
9,0,9,0
4,0,4,0
4,0,4,0
6,0,6,0
0,7,7,13
1,0,1,0
4,0,4,0
3,0,3,0
2,0,2,0
4,0,4,0
11,0,11,0
0,37,37,89
3,0,3,0
11,0,11,0
39,0,39,0
0,19,19,22
0,102,102,30
9,0,9,0
19,0,19,0
3,0,3,0
63,0,63,0
11,0,11,0
0,3,3,1
0,37,37,10
4,0,4,0
4,0,4,0
63,0,63,0
114,0,114,0
0,3,3,12
1,0,1,0
1,0,1,0
0,7,7,6
0,7,7,44
3,0,3,0
1,0,1,0
7,0,7,0
36,0,36,0
0,38,38,33
8,0,8,0
8,0,8,0
0,7,7,33
16,0,16,0
20,0,20,0
3,0,3,0
11,0,11,0
2,0,2,0
22,0,22,0
1,0,1,0
23,0,23,0
3,0,3,0
48,0,48,0
5,0,5,0
33,0,33,0
7,0,7,0
0,36,36,0
0,2,2,15
8,0,8,0
40,0,40,0
5,0,5,0
5,0,5,0
23,0,23,0
2,0,2,0
0,4,4,15
8,0,8,0
0,107,107,19
1,0,1,0
1,0,1,0
4,0,4,0
1,0,1,0
0,62,62,77
0,116,116,50
2,0,2,0
5,0,5,0
100,0,100,0
0,123,123,25
25,0,25,0
2,0,2,0
51,0,51,0
0,278,278,145
1,0,1,0
1,0,1,0
16,0,16,0
96,0,96,0
245,0,245,0
72,0,72,0
0,88,88,32
66,0,66,0
22,0,22,0
16,0,16,0
1,0,1,0
4,0,4,0
153,0,153,0
1,0,1,0
2,0,2,0
2,0,2,0
0,15,15,24
1,0,1,0
9,0,9,0
5,0,5,0
23,0,23,0
0,1,1,0
2,0,2,0
9,0,9,0
0,48,48,110
0,10,10,18
2,0,2,0
6,0,6,0
22,0,22,0
0,161,161,14
126,0,126,0
2,0,2,0
5,0,5,0
8,0,8,0
20,0,20,0
11,0,11,0
44,0,44,0
1,0,1,0
12,0,12,0
103,0,103,0
0,11,11,39
5,0,5,0
0,4,4,5
1,0,1,0
213,0,213,0
65,0,65,0
0,28,28,18
4,0,4,0
0,147,147,52
1,0,1,0
175,0,175,0
2,0,2,0
75,0,75,0
0,116,116,74
10,0,10,0
0,71,71,4
1,0,1,0
0,41,41,39
1,0,1,0
19,0,19,0
13,0,13,0
1,0,1,0
8,0,8,0
17,0,17,0
4,0,4,0
0,3,3,4
1,0,1,0
2,0,2,0
17,0,17,0
0,37,37,65
0,24,24,23
0,4,4,41
5,0,5,0
2,0,2,0
1,0,1,0
0,3,3,12
0,104,104,56
1,0,1,0
2,0,2,0
1,0,1,0
11,0,11,0
8,0,8,0
15,0,15,0
0,5,5,1
0,208,208,24
7,0,7,0
0,4,4,8
9,0,9,0
0,54,54,22
4,0,4,0
10,0,10,0
22,0,22,0
75,0,75,0
5,0,5,0
0,45,45,6
4,0,4,0
1,0,1,0
0,3,3,10
51,0,51,0
4,0,4,0
0,59,59,50
1,0,1,0
1,0,1,0
0,28,28,44
12,0,12,0
0,72,72,81
1,0,1,0
57,0,57,0
0,9,9,9
1,0,1,0
1,0,1,0
2,0,2,0
7,0,7,0
4,0,4,0
9,0,9,0
8,0,8,0
9,0,9,0
1,0,1,0
22,0,22,0
0,1,1,1
10,0,10,0
13,0,13,0
0,1,1,11
0,56,56,11
49,0,49,0
47,0,47,0
0,141,141,23
1,0,1,0
0,39,39,4
0,21,21,25
18,0,18,0
1,0,1,0
0,578,578,5
157,0,157,0
3,0,3,0
0,79,79,3
70,0,70,0
1,0,1,0
0,50,50,6
10,0,10,0
1,0,1,0
0,23,23,3
3,0,3,0
6,0,6,0
0,230,230,29
4,0,4,0
12,0,12,0
0,156,156,10
37,0,37,0
1,0,1,0
0,8,8,5
3,0,3,0
20,0,20,0
13,0,13,0
0,1,1,448
22,0,22,0
1,0,1,0
0,19,19,14
4,0,4,0
0,50,50,10
50,0,50,0
5,0,5,0
0,10,10,113
4,0,4,0
27,0,27,0
0,40,40,44
8,0,8,0
40,0,40,0
2,0,2,0
81,0,81,0
0,4,4,1
106,0,106,0
8,0,8,0
63,0,63,0
5,0,5,0
1324,0,1324,0
0,296,296,51
3,0,3,0
0,239,239,36
24,0,24,0
0,11,11,15
12,0,12,0
2,0,2,0
1,0,1,0
0,2,2,2
2,0,2,0
0,28,28,8
24,0,24,0
0,141,141,43
4,0,4,0
11,0,11,0
11,0,11,0
29,0,29,0
40,0,40,0
2,0,2,0
1,0,1,0
6,0,6,0
41,0,41,0
1,0,1,0
4,0,4,0
5,0,5,0
11,0,11,0
0,42,42,1
0,37,37,4
8,0,8,0
6,0,6,0
0,157,157,17
8,0,8,0
0,5,5,16
84,0,84,0
91,0,91,0
4,0,4,0
1,0,1,0
0,10,10,18
215,0,215,0
1,2,3,5
1,0,1,0
45,0,45,0
1,0,1,0
1,0,1,0
132,0,132,0
3,0,3,0
84,0,84,0
2,0,2,0
7,0,7,0
26,0,26,0
5,0,5,0
0,3,3,0
0,531,531,33
236,0,236,0
0,24,24,7
0,249,249,103
304,0,304,0
0,6,6,3
15,0,15,0
1,0,1,0
0,80,80,51
68,0,68,0
0,8,8,10
1,0,1,0
0,1,1,10
0,54,54,11
6,0,6,0
3,0,3,0
1,0,1,0
1,0,1,0
3,0,3,0
0,10,10,2
33,0,33,0
2,0,2,0
20,0,20,0
0,5,5,11
28,0,28,0
55,0,55,0
6,0,6,0
42,0,42,0
3,0,3,0
1,0,1,0
11,0,11,0
0,8,8,1
7,0,7,0
4,0,4,0
55,0,55,0
2,0,2,0
2,0,2,0
11,0,11,0
81,0,81,0
5,0,5,0
0,6,6,2
0,25,25,18
3,0,3,0
41,0,41,0
0,3,3,12
0,24,24,12
4,0,4,0
0,2309,2309,16
33,0,33,0
12,0,12,0
14,0,14,0
4,0,4,0
7,0,7,0
76,0,76,0
0,19,19,2
1,0,1,0
15,0,15,0
11,0,11,0
1,0,1,0
6,0,6,0
0,54,54,13
0,25,25,7
131,0,131,0
20,0,20,0
0,25,25,17
22,0,22,0
2,0,2,0
9,0,9,0
0,25,25,0
10,0,10,0
45,0,45,0
1,0,1,0
2,0,2,0
2,0,2,0
0,38,38,14
4,0,4,0
0,6,6,11
7,0,7,0
8,0,8,0
0,3,3,8
3,0,3,0
0,8,8,101
12,0,12,0
154,0,154,0
2,0,2,0
4,0,4,0
0,1,1,39
0,14,14,11
0,2,2,19
1,0,1,0
2,0,2,0
8,0,8,0
1,0,1,0
28,0,28,0
5,0,5,0
0,7,7,36
10,0,10,0
1,0,1,0
0,15,15,24
51,0,51,0
14,0,14,0
0,85,85,14
23,0,23,0
1,0,1,0
2,0,2,0
2,0,2,0
0,16,16,3
1,0,1,0
4,752,756,41
0,22,22,11
15,0,15,0
14,0,14,0
0,48,48,23
0,481,481,10
39,0,39,0
1,0,1,0
0,54,54,0
7,0,7,0
2,0,2,0
2,0,2,0
2,0,2,0
56,0,56,0
2,0,2,0
46,0,46,0
24,0,24,0
4,0,4,0
12,0,12,0
1,0,1,0
9,838,847,120
3,0,3,0
0,178,178,8
57,0,57,0
1,0,1,0
0,376,376,63
134,0,134,0
4,0,4,0
0,63,63,42
307,0,307,0
4,0,4,0
2,0,2,0
2,0,2,0
24,0,24,0
0,4,4,18
2,0,2,0
0,299,299,32
18,0,18,0
0,11,11,32
14,0,14,0
0,121,121,7
0,29,29,2
1,0,1,0
0,12,12,22
16,0,16,0
0,71,71,22
59,0,59,0
146,0,146,0
6,0,6,0
88,0,88,0
0,58,58,47
6,0,6,0
2,0,2,0
0,9,9,41
17,0,17,0
6,0,6,0
22,0,22,0
0,50,50,23
30,0,30,0
4,0,4,0
25,0,25,0
0,43,43,0
1,0,1,0
0,16,16,6
2,0,2,0
0,4,4,29
66,0,66,0
2,0,2,0
0,18,18,36
9,0,9,0
1,0,1,0
4,0,4,0
6,0,6,0
1,0,1,0
3,0,3,0
93,0,93,0
21,0,21,0
48,0,48,0
0,23,23,3
0,482,482,18
1,0,1,0
34,0,34,0
3,0,3,0
4,0,4,0
72,0,72,0
26,0,26,0
0,32,32,37
34,0,34,0
3,0,3,0
2,0,2,0
3,0,3,0
1,0,1,0
0,241,241,44
3,0,3,0
29,0,29,0
0,9,9,0
31,0,31,0
76,0,76,0
2,0,2,0
0,13,13,16
2,0,2,0
2,0,2,0
29,0,29,0
4,0,4,0
3,0,3,0
3,0,3,0
4,0,4,0
0,3,3,3
0,28,28,0
23,0,23,0
8,0,8,0
9,0,9,0
5,0,5,0
26,0,26,0
0,44,44,111
2,0,2,0
0,18,18,13
29,0,29,0
6,0,6,0
17,0,17,0
34,0,34,0
0,38,38,3
0,2,2,3
0,52,52,22
1,0,1,0
0,32,32,10
1,0,1,0
51,0,51,0
0,17,17,29
4,0,4,0
31,0,31,0
0,51,51,121
32,0,32,0
5,0,5,0
0,82,82,4
3,0,3,0
28,0,28,0
33,0,33,0
0,7,7,1
10,0,10,0
11,0,11,0
5,0,5,0
0,4,4,10
17,0,17,0
13,0,13,0
0,7,7,15
0,46,46,17
1,0,1,0
5,0,5,0
0,165,165,3
0,27,27,689
2,0,2,0
2,0,2,0
1,0,1,0
39,0,39,0
96,0,96,0
0,12,12,5
21,0,21,0
6,0,6,0
1,0,1,0
0,1,1,47
35,0,35,0
6,0,6,0
2,0,2,0
7,0,7,0
0,4,4,14
10,0,10,0
0,27,27,5
31,0,31,0
3,0,3,0
176,0,176,0
0,215,215,35
1,0,1,0
43,0,43,0
1,0,1,0
22,0,22,0
0,16,16,78
0,29,29,21
8,0,8,0
1,0,1,0
32,0,32,0
106,0,106,0
1,0,1,0
0,21,21,72
1,0,1,0
65,0,65,0
9,0,9,0
0,1,1,9
13,0,13,0
0,150,150,5
0,1,1,8
0,48,48,146
27,0,27,0
2,0,2,0
26,0,26,0
1,0,1,0
2,0,2,0
0,10,10,8
2,0,2,0
8,0,8,0
26,0,26,0
0,3,3,16
0,48,48,33
40,0,40,0
20,0,20,0
0,117,117,23
61,0,61,0
0,38,38,18
18,0,18,0
26,0,26,0
1,0,1,0
0,2,2,4
2,0,2,0
0,1,1,1
27,0,27,0
0,61,61,48
1,0,1,0
18,0,18,0
167,0,167,0
0,88,88,71
20,0,20,0
3,0,3,0
0,25,25,125
6,0,6,0
4,0,4,0
0,7,7,16
18,0,18,0
0,20,20,4
25,0,25,0
0,8,8,83
0,1,1,19
8,0,8,0
18,0,18,0
3,0,3,0
17,0,17,0
0,1,1,74
5,0,5,0
0,21,21,83
26,0,26,0
0,1,1,3
0,23,23,8
6,0,6,0
69,0,69,0
1,0,1,0
16,0,16,0
3,0,3,0
1,0,1,0
22,0,22,0
0,31,31,36
53,0,53,0
0,44,44,16
0,10,10,21
3,0,3,0
0,17,17,22
0,1,1,3
2,0,2,0
1,0,1,0
3,0,3,0
0,86,86,35
1,0,1,0
0,1,1,17
0,9,9,2
4,0,4,0
2,0,2,0
1,0,1,0
2,0,2,0
0,110,110,39
93,0,93,0
0,164,164,37
122,0,122,0
1,0,1,0
5,0,5,0
4,0,4,0
8,0,8,0
0,39,39,1
8,0,8,0
0,125,125,26
1,0,1,0
0,62,62,21
0,16,16,71
5,0,5,0
69,0,69,0
0,30,30,69
17,0,17,0
4,0,4,0
0,55,55,17
0,26,26,75
1,0,1,0
0,59,59,20
61,0,61,0
0,177,177,38
0,53,53,9
4,0,4,0
0,1,1,25
0,6,6,96
10,0,10,0
0,4,4,0
8,0,8,0
2,0,2,0
0,395,395,43
6,0,6,0
0,1,1,12
24,0,24,0
0,2,2,2
0,86,86,43
5,0,5,0
2,0,2,0
1,0,1,0
0,57,57,42
1,0,1,0
6,0,6,0
18,0,18,0
2,0,2,0
0,108,108,142
107,0,107,0
8,0,8,0
26,0,26,0
0,9,9,116
0,74,74,8
1,0,1,0
0,94,94,8
47,0,47,0
3,0,3,0
0,2,2,46
30,0,30,0
3,0,3,0
0,363,363,40
0,16,16,58
11,0,11,0
188,0,188,0
0,56,56,9
90,0,90,0
2,0,2,0
2,0,2,0
0,57,57,1
19,0,19,0
8,0,8,0
0,53,53,36
30,0,30,0
3,0,3,0
2,0,2,0
3,0,3,0
3,0,3,0
0,16,16,2
2,0,2,0
8,0,8,0
4,0,4,0
0,40,40,1
2,0,2,0
0,1,1,101
0,33,33,32
7,0,7,0
2,0,2,0
1,0,1,0
0,18,18,3
0,66,66,8
19,0,19,0
0,33,33,37
3,0,3,0
0,12,12,27
17,0,17,0
3,0,3,0
2,0,2,0
0,28,28,32
1,0,1,0
0,18,18,49
1,0,1,0
4,0,4,0
607,0,607,0
0,14,14,13
2,0,2,0
10,0,10,0
0,4,4,3
0,15,15,89
11,0,11,0
3,0,3,0
20,0,20,0
14,0,14,0
0,11,11,29
40,0,40,0
15,0,15,0
4,0,4,0
14,0,14,0
20,0,20,0
0,2,2,1
8,0,8,0
0,10,10,1
1,0,1,0
40,0,40,0
3,0,3,0
17,0,17,0
2,0,2,0
0,157,157,16
0,36,36,42
11,0,11,0
12,0,12,0
50,0,50,0
5,0,5,0
0,20,20,57
7,0,7,0
17,0,17,0
3,0,3,0
0,258,258,27
0,10,10,23
2,0,2,0
0,3,3,23
31,0,31,0
1,0,1,0
6,0,6,0
41,0,41,0
0,14,14,5
0,197,197,73
28,0,28,0
0,4,4,23
1,0,1,0
11,0,11,0
42,0,42,0
0,17,17,27
7,0,7,0
2,0,2,0
0,129,129,59
2,0,2,0
0,10,10,4
3,0,3,0
2,0,2,0
28,0,28,0
0,207,207,11
3,0,3,0
0,22,22,0
0,71,71,28
14,0,14,0
4,0,4,0
0,2,2,2
1,0,1,0
4,0,4,0
1,0,1,0
29,0,29,0
0,20,20,15
2,0,2,0
1,0,1,0
0,7,7,34
1,0,1,0
19,0,19,0
1,0,1,0
0,7,7,5
13,0,13,0
7,0,7,0
7,0,7,0
2,0,2,0
37,0,37,0
27,0,27,0
1,0,1,0
8,0,8,0
3,0,3,0
181,0,181,0
0,11,11,5
31,0,31,0
0,3,3,12
16,0,16,0
13,0,13,0
2,0,2,0
3,0,3,0
0,1,1,13
1,0,1,0
0,4,4,69
14,0,14,0
1,0,1,0
50,0,50,0
0,1,1,96
0,5,5,11
1,0,1,0
6,0,6,0
12,0,12,0
0,21,21,14
8,0,8,0
43,0,43,0
41,0,41,0
1,0,1,0
0,64,64,13
984,0,984,0
0,4,4,18
200,0,200,0
2,0,2,0
4,0,4,0
1,0,1,0
6,0,6,0
0,159,159,26
20,0,20,0
1,0,1,0
2,0,2,0
13,0,13,0
0,72,72,73
1,0,1,0
0,40,40,19
3,0,3,0
82,0,82,0
56,0,56,0
0,10,10,55
1,0,1,0
0,5,5,2
14,0,14,0
8,0,8,0
1,0,1,0
369,0,369,0
17,0,17,0
1,0,1,0
0,1,1,5
1,0,1,0
17,0,17,0
12,0,12,0
4,0,4,0
0,4,4,6
9,0,9,0
0,12,12,48
3,0,3,0
16,0,16,0
0,18,18,37
5,0,5,0
104,0,104,0
0,169,169,88
0,2,2,10
16,0,16,0
16,0,16,0
0,12,12,19
31,0,31,0
4,0,4,0
3,0,3,0
1,0,1,0
3,0,3,0
0,12,12,33
0,129,129,43
67,0,67,0
40,0,40,0
197,0,197,0
1,0,1,0
9,0,9,0
2,0,2,0
9,0,9,0
81,0,81,0
0,51,51,0
4,0,4,0
3,0,3,0
24,0,24,0
1,0,1,0
4,0,4,0
7,0,7,0
0,139,139,35
2,0,2,0
7,0,7,0
1,0,1,0
0,47,47,45
2,0,2,0
58,0,58,0
14,0,14,0
2,0,2,0
5,0,5,0
0,13,13,12
16,0,16,0
2,0,2,0
0,3,3,16
1,0,1,0
0,36,36,9
48,0,48,0
0,7,7,0
2,0,2,0
0,510,510,7
104,0,104,0
111,0,111,0
2,0,2,0
2,0,2,0
1,0,1,0
12,0,12,0
7,0,7,0
9,0,9,0
0,74,74,40
52,0,52,0
0,16,16,18
33,0,33,0
15,0,15,0
1,0,1,0
11,0,11,0
3,0,3,0
0,73,73,36
3,0,3,0
0,20,20,17
11,0,11,0
0,20,20,6
2,0,2,0
7,0,7,0
13,0,13,0
0,5,5,11
23,0,23,0
1,0,1,0
6,0,6,0
0,27,27,23
7,0,7,0
3,0,3,0
0,16,16,17
17,0,17,0
394,0,394,0
1,0,1,0
7,0,7,0
0,4,4,43
22,0,22,0
0,9,9,3
9,0,9,0
0,35,35,39
50,0,50,0
7,0,7,0
0,182,182,18
65,0,65,0
8,0,8,0
10,0,10,0
0,10,10,102
19,0,19,0
0,8,8,14
4,0,4,0
1,0,1,0
0,10,10,18
45,0,45,0
8,0,8,0
57,0,57,0
68,0,68,0
0,14,14,67
0,2,2,13
0,79,79,0
1,0,1,0
0,14,14,0
6,0,6,0
0,2,2,4
23,0,23,0
0,55,55,29
48,0,48,0
1,0,1,0
2,0,2,0
55,0,55,0
33,0,33,0
15,0,15,0
3,0,3,0
2,0,2,0
0,70,70,14
9,0,9,0
0,54,54,8
0,44,44,124
6,0,6,0
0,10,10,14
2,0,2,0
11,0,11,0
1,0,1,0
0,28,28,16
2,0,2,0
38,0,38,0
22,0,22,0
19,0,19,0
0,12,12,0
1,0,1,0
6,0,6,0
3,0,3,0
0,9,9,86
5,0,5,0
0,161,161,1
0,5,5,53
9,0,9,0
38,0,38,0
0,9,9,14
40,0,40,0
0,23,23,19
9,0,9,0
33,0,33,0
9,0,9,0
4,0,4,0
0,6,6,31
5,0,5,0
2,0,2,0
1,0,1,0
0,20,20,14
8,0,8,0
1,0,1,0
21,0,21,0
3,0,3,0
0,390,390,51
2,0,2,0
2,0,2,0
10,0,10,0
25,0,25,0
1,0,1,0
481,0,481,0
1,0,1,0
5,0,5,0
1,0,1,0
0,10,10,12
13,0,13,0
0,5,5,27
7,0,7,0
74,0,74,0
2,0,2,0
1,0,1,0
0,65,65,17
118,0,118,0
75,0,75,0
334,0,334,0
1,0,1,0
0,93,93,7
4,0,4,0
19,0,19,0
0,5,5,10
1,0,1,0
4,0,4,0
4,0,4,0
29,0,29,0
66,0,66,0
0,8,8,3
0,250,250,23
2,0,2,0
0,10,10,5
1,0,1,0
57,0,57,0
0,12,12,0
0,81,81,37
150,0,150,0
39,0,39,0
21,0,21,0
5,0,5,0
3,0,3,0
8,0,8,0
447,0,447,0
30,0,30,0
9,0,9,0
1,0,1,0
606,0,606,0
1,0,1,0
0,5,5,8
1,0,1,0
43,0,43,0
1,0,1,0
7,0,7,0
0,8,8,11
30,0,30,0
2,0,2,0
18,0,18,0
1,0,1,0
27,0,27,0
11,0,11,0
0,81,81,115
2,0,2,0
5,0,5,0
7,0,7,0
7,0,7,0
15,0,15,0
0,154,154,78
23,0,23,0
20,0,20,0
0,102,102,30
1,0,1,0
0,1915,1915,49
0,435,435,29
0,7,7,131
9,0,9,0
22,0,22,0
0,426,426,66
228,0,228,0
24,0,24,0
0,14,14,38
3,0,3,0
9,0,9,0
47,0,47,0
3,0,3,0
2,0,2,0
31,0,31,0
111,0,111,0
11,0,11,0
24,0,24,0
0,34,34,19
3,0,3,0
8,0,8,0
90,0,90,0
1,0,1,0
186,0,186,0
14,0,14,0
1,0,1,0
7,0,7,0
8,0,8,0
9,0,9,0
0,12,12,11
11,0,11,0
1,0,1,0
3,0,3,0
0,3,3,7
15,0,15,0
8,0,8,0
20,0,20,0
0,7,7,7
27,0,27,0
0,132,132,9
0,19,19,16
0,47,47,8
74,0,74,0
4,0,4,0
0,1,1,17
0,100,100,19
39,0,39,0
93,0,93,0
0,6121,6121,88
121,0,121,0
22,0,22,0
1,0,1,0
65,0,65,0
5,0,5,0
7,0,7,0
0,9,9,18
3,0,3,0
14,0,14,0
21,0,21,0
6,0,6,0
1,0,1,0
2,0,2,0
2,0,2,0
0,8,8,12
3,0,3,0
3,0,3,0
2,0,2,0
893,0,893,0
74,0,74,0
0,16,16,34
1,0,1,0
93,0,93,0
12,0,12,0
0,4,4,1
1,0,1,0
3,0,3,0
1,0,1,0
1,0,1,0
2,0,2,0
1,0,1,0
76,0,76,0
22,0,22,0
20,0,20,0
21,0,21,0
1,0,1,0
0,11,11,9
0,112,112,21
42,0,42,0
47,0,47,0
1,0,1,0
0,134,134,36
0,6,6,2
64,0,64,0
0,118,118,11
0,2,2,1
16,0,16,0
0,5,5,3
0,1063,1063,219
3,0,3,0
27,0,27,0
11,0,11,0
1,0,1,0
0,3,3,3
1,0,1,0
2,0,2,0
3,0,3,0
0,61,61,16
3,0,3,0
6,0,6,0
1,0,1,0
0,20,20,1
10,0,10,0
0,1,1,131
1,0,1,0
4,0,4,0
40,0,40,0
1,0,1,0
1,0,1,0
2,0,2,0
151,0,151,0
1,0,1,0
33,0,33,0
1,0,1,0
7,0,7,0
0,26,26,54
11,0,11,0
0,4,4,24
1,0,1,0
4,0,4,0
0,5,5,18
19,0,19,0
0,3,3,42
363,0,363,0
4,0,4,0
1,0,1,0
58,0,58,0
8,0,8,0
2,0,2,0
1,0,1,0
0,106,106,3
1,0,1,0
100,0,100,0
0,81,81,29
8,0,8,0
2,0,2,0
5,0,5,0
53,0,53,0
2,0,2,0
3,0,3,0
1,0,1,0
0,49,49,10
3,0,3,0
1,0,1,0
0,21,21,11
1,0,1,0
2,0,2,0
1,0,1,0
0,131,131,61
71,0,71,0
2,0,2,0
28,0,28,0
6,0,6,0
8,0,8,0
3,0,3,0
1,0,1,0
1,0,1,0
2,0,2,0
18,0,18,0
14,0,14,0
6,0,6,0
11,0,11,0
0,60,60,4
0,3,3,4
1,0,1,0
2,0,2,0
2,0,2,0
2,0,2,0
3,0,3,0
1,0,1,0
5,0,5,0
1,0,1,0
0,1,1,4
8,0,8,0
11,0,11,0
8,0,8,0
5,0,5,0
29,0,29,0
5,0,5,0
0,27,27,15
16,0,16,0
0,31,31,4
12,0,12,0
17,0,17,0
0,17,17,21
9,0,9,0
47,0,47,0
0,7,7,15
4,0,4,0
1,0,1,0
2,0,2,0
0,6,6,7
76,0,76,0
0,47,47,46
0,70,70,102
9,0,9,0
4,0,4,0
8,0,8,0
4,0,4,0
22,0,22,0
9,0,9,0
14,0,14,0
3,0,3,0
3,0,3,0
9,0,9,0
9,0,9,0
5,0,5,0
3,0,3,0
0,1,1,0
90,0,90,0
9,0,9,0
1,0,1,0
2,0,2,0
0,26,26,131
7,0,7,0
5,0,5,0
8,0,8,0
10,0,10,0
4,0,4,0
1,0,1,0
4,0,4,0
92,0,92,0
3,0,3,0
0,118,118,22
0,4,4,2
12,0,12,0
3,0,3,0
0,160,160,5
62,0,62,0
0,285,285,58
1,0,1,0
288,0,288,0
0,2,2,2
3,0,3,0
1,0,1,0
0,20,20,44
18,0,18,0
152,0,152,0
0,7,7,0
0,6,6,50
3,0,3,0
8,0,8,0
1,0,1,0
0,1,1,2
11,0,11,0
0,236,236,95
0,1,1,4
3,0,3,0
0,2,2,30
0,2,2,19
1,0,1,0
0,30,30,18
0,98,98,14
32,0,32,0
4,0,4,0
1,0,1,0
100,0,100,0
3,0,3,0
1,0,1,0
14,0,14,0
23,0,23,0
0,4,4,7
69,0,69,0
18,0,18,0
6,0,6,0
1,0,1,0
4,0,4,0
0,3,3,11
2,0,2,0
3,0,3,0
8,0,8,0
11,0,11,0
11,0,11,0
0,87,87,65
79,0,79,0
0,5,5,5
2,0,2,0
18,0,18,0
0,2,2,2
9,0,9,0
3,0,3,0
0,2,2,2
1,0,1,0
10,0,10,0
4,0,4,0
9,0,9,0
43,0,43,0
0,139,139,34
8,0,8,0
6,0,6,0
0,4,4,26
0,5,5,27
2,0,2,0
57,0,57,0
18,0,18,0
2,0,2,0
0,27,27,7
5,0,5,0
5,0,5,0
0,6,6,55
0,4,4,26
0,28,28,1
11,0,11,0
267,0,267,0
1,0,1,0
0,120,120,29
65,0,65,0
10,0,10,0
2,0,2,0
0,1,1,5
3,0,3,0
23,0,23,0
0,53,53,6
33,0,33,0
12,0,12,0
12,0,12,0
3,0,3,0
0,12,12,5
17,0,17,0
7,0,7,0
0,14,14,83
4,0,4,0
2,0,2,0
7,0,7,0
3,0,3,0
1,0,1,0
8,0,8,0
1,0,1,0
0,3,3,16
1,0,1,0
20,0,20,0
3,0,3,0
2,0,2,0
0,2,2,4
9,0,9,0
0,32,32,16
53,0,53,0
1,0,1,0
2,0,2,0
8,0,8,0
0,25,25,1
38,0,38,0
0,112,112,10
0,31,31,45
24,0,24,0
2,0,2,0
0,20,20,13
3,0,3,0
1,0,1,0
13,0,13,0
0,2,2,61
26,0,26,0
1,0,1,0
0,10,10,4
0,4,4,55
16,0,16,0
0,6,6,5
3,0,3,0
34,0,34,0
1,0,1,0
3,0,3,0
1,0,1,0
2,0,2,0
3,0,3,0
3,0,3,0
36,0,36,0
9,0,9,0
1,0,1,0
19,0,19,0
100,0,100,0
0,1,1,1
90,0,90,0
4,0,4,0
1,0,1,0
0,8,8,2
2,0,2,0
3,0,3,0
0,6,6,32
34,0,34,0
0,18,18,22
0,25,25,1
10,0,10,0
1,0,1,0
15,0,15,0
0,7,7,35
1,0,1,0
0,460,460,35
462,0,462,0
7,0,7,0
21,0,21,0
2,0,2,0
0,53,53,30
0,2,2,2
6,0,6,0
4,0,4,0
0,48,48,28
3,0,3,0
27,0,27,0
0,233,233,98
8,0,8,0
1,0,1,0
0,90,90,27
14,0,14,0
28,0,28,0
0,3,3,2
0,14,14,26
1169,0,1169,0
0,116,116,22
3,0,3,0
5,0,5,0
0,49,49,17
0,92,92,9
8,0,8,0
0,4,4,32
0,9,9,1
1,0,1,0
0,88,88,48
24,0,24,0
0,53,53,120
17,0,17,0
59,0,59,0
0,96,96,11
70,0,70,0
0,28,28,29
3,0,3,0
0,189,189,35
6,0,6,0
16,0,16,0
0,2,2,1
22,0,22,0
11,0,11,0
0,61,61,58
11,0,11,0
0,28,28,23
6,0,6,0
16,0,16,0
0,6,6,26
21,0,21,0
0,300,300,23
130,0,130,0
7,0,7,0
12,0,12,0
112,0,112,0
1,0,1,0
46,0,46,0
0,3,3,54
18,0,18,0
0,2,2,5
1,0,1,0
3,0,3,0
5,0,5,0
0,5,5,7
1,0,1,0
5,0,5,0
10,0,10,0
39,0,39,0
42,0,42,0
12,0,12,0
1,0,1,0
69,0,69,0
1,0,1,0
14,0,14,0
1,0,1,0
0,103,103,2
1,0,1,0
17,0,17,0
5,0,5,0
10,0,10,0
10,0,10,0
1,0,1,0
1,0,1,0
10,0,10,0
0,281,281,21
0,1,1,6
31,0,31,0
5,0,5,0
0,10,10,5
2,0,2,0
10,0,10,0
1,0,1,0
3,0,3,0
0,7,7,30
0,5,5,8
1,0,1,0
0,7,7,4
4,0,4,0
19,0,19,0
15,0,15,0
24,0,24,0
1,0,1,0
0,6,6,14
27,0,27,0
95,0,95,0
0,92,92,15
168,0,168,0
0,1,1,1
25,0,25,0
1,0,1,0
0,1,1,2
2,0,2,0
0,29,29,13
6,0,6,0
0,32,32,23
14,0,14,0
13,0,13,0
1,0,1,0
13,0,13,0
10,0,10,0
0,12,12,2
2,0,2,0
0,5,5,43
42,0,42,0
1,0,1,0
2,0,2,0
3,0,3,0
0,5,5,3
15,0,15,0
52,0,52,0
2,0,2,0
5,0,5,0
33,0,33,0
17,0,17,0
0,3,3,8
29,0,29,0
3,0,3,0
189,0,189,0
0,2,2,11
5,0,5,0
5,0,5,0
2,0,2,0
0,20,20,11
10,0,10,0
68,0,68,0
21,0,21,0
4,0,4,0
92,0,92,0
4,0,4,0
1,0,1,0
10,0,10,0
2,0,2,0
13,0,13,0
0,35,35,18
1,0,1,0
7,0,7,0
217,0,217,0
0,134,134,24
61,0,61,0
0,200,200,6
12,0,12,0
0,4,4,2
1,0,1,0
0,22,22,37
3,0,3,0
4,0,4,0
3,0,3,0
10,0,10,0
2,0,2,0
0,7,7,5
3,0,3,0
0,89,89,29
109,0,109,0
1,0,1,0
0,19,19,19
3,0,3,0
0,37,37,24
4,0,4,0
0,6,6,6
3,0,3,0
97,0,97,0
0,2,2,7
0,132,132,9
8,0,8,0
6,0,6,0
10,0,10,0
20,0,20,0
22,0,22,0
3,0,3,0
6,0,6,0
0,30,30,10
4,0,4,0
1,0,1,0
8,0,8,0
0,39,39,30
16,0,16,0
0,4,4,1
3,0,3,0
0,10,10,0
0,15,15,0
2,0,2,0
132,0,132,0
4,0,4,0
0,4,4,9
0,190,190,24
133,0,133,0
11,0,11,0
22,0,22,0
0,6,6,2
21,0,21,0
0,17,17,7
55,0,55,0
5,0,5,0
2,0,2,0
1,0,1,0
0,4,4,6
8,0,8,0
0,2,2,4
110,0,110,0
5,0,5,0
0,23,23,31
1,0,1,0
2,0,2,0
0,14,14,7
12,0,12,0
0,639,639,79
862,0,862,0
1,0,1,0
0,23,23,8
4,0,4,0
0,1,1,2
3,0,3,0
0,20,20,64
7,0,7,0
1,0,1,0
0,26,26,19
4,0,4,0
0,22,22,30
6,0,6,0
0,38,38,21
22,0,22,0
28,0,28,0
45,0,45,0
0,74,74,17
2,0,2,0
2,0,2,0
2,0,2,0
10,0,10,0
1,0,1,0
1,0,1,0
9,0,9,0
31,0,31,0
0,106,106,87
1,0,1,0
32,0,32,0
0,2,2,110
0,370,370,54
18,0,18,0
19,0,19,0
12,0,12,0
9,0,9,0
4,0,4,0
0,5,5,18
58,0,58,0
10,0,10,0
0,7,7,25
35,0,35,0
0,140,140,88
2,0,2,0
29,0,29,0
0,266,266,15
1,0,1,0
41,0,41,0
40,0,40,0
57,0,57,0
0,5,5,8
7,0,7,0
1,0,1,0
12,0,12,0
54,0,54,0
0,8,8,81
1,0,1,0
45,0,45,0
34,0,34,0
105,0,105,0
0,125,125,11
0,158,158,46
1,0,1,0
0,8,8,11
0,1,1,6
9,0,9,0
1,0,1,0
83,0,83,0
4,0,4,0
0,113,113,13
24,0,24,0
1,0,1,0
119,0,119,0
0,6,6,52
14,0,14,0
3,0,3,0
0,3,3,12
0,46,46,53
12,0,12,0
0,75,75,26
4,0,4,0
0,44,44,24
5,0,5,0
0,98,98,109
11,0,11,0
10,0,10,0
0,22,22,58
3,0,3,0
11,0,11,0
0,6,6,13
4,0,4,0
190,0,190,0
1,0,1,0
19,0,19,0
4,0,4,0
0,70,70,24
9,0,9,0
0,6,6,20
0,2,2,1
0,4,4,2
75,0,75,0
1,0,1,0
109,0,109,0
38,0,38,0
0,8,8,18
8,0,8,0
4,0,4,0
0,9,9,19
39,0,39,0
14,0,14,0
0,2,2,4
4,0,4,0
0,1,1,4
298,0,298,0
13,0,13,0
29,0,29,0
0,8,8,13
0,31,31,18
10,0,10,0
4,0,4,0
1,0,1,0
1,0,1,0
2,0,2,0
0,2,2,7
1,0,1,0
364,0,364,0
90,0,90,0
0,62,62,24
7,0,7,0
3,0,3,0
54,0,54,0
4,0,4,0
4,0,4,0
0,45,45,129
10,0,10,0
4,0,4,0
0,1,1,3
0,13,13,21
4,0,4,0
0,862,862,2
0,70,70,9
0,2,2,17
4,0,4,0
1,0,1,0
0,18,18,0
0,1,1,16
24,0,24,0
10,0,10,0
2,0,2,0
11,0,11,0
0,1,1,7
5,0,5,0
0,21,21,91
7,0,7,0
2,0,2,0
0,3,3,22
42,0,42,0
0,3,3,6
0,64,64,7
123,0,123,0
7,0,7,0
20,0,20,0
0,9,9,5
4,0,4,0
19,0,19,0
1,0,1,0
5,0,5,0
1,0,1,0
0,7,7,6
11,0,11,0
3,0,3,0
0,8,8,3
1,0,1,0
0,16,16,16
4,0,4,0
2,0,2,0
1,0,1,0
0,13,13,16
0,17,17,18
0,173,173,26
10,0,10,0
4,0,4,0
0,212,212,26
2,0,2,0
651,0,651,0
0,21,21,6
0,1,1,4
0,21,21,3
0,292,292,48
30,0,30,0
5,0,5,0
7,0,7,0
0,5,5,14
2,0,2,0
0,83,83,20
38,0,38,0
0,26,26,8
9,0,9,0
0,89,89,12
129,0,129,0
15,0,15,0
0,102,102,35
2,0,2,0
0,1,1,6
3,0,3,0
1,0,1,0
0,17,17,12
0,24,24,0
2,0,2,0
11,0,11,0
15,0,15,0
0,10,10,4
0,31,31,25
4,0,4,0
0,3,3,7
4,0,4,0
22,0,22,0
15,0,15,0
6,0,6,0
0,34,34,26
1,0,1,0
31,0,31,0
17,0,17,0
0,51,51,25
44,0,44,0
0,2,2,4
30,0,30,0
2,0,2,0
3,0,3,0
8,0,8,0
6,0,6,0
8,0,8,0
0,59,59,142
16,0,16,0
2,0,2,0
1,0,1,0
1,0,1,0
11,0,11,0
6,0,6,0
0,41,41,24
26,0,26,0
0,4,4,11
2,0,2,0
1,0,1,0
0,29,29,27
14,0,14,0
25,0,25,0
3,0,3,0
8,0,8,0
0,2,2,2
74,0,74,0
0,3,3,12
2,0,2,0
12,0,12,0
1,0,1,0
0,24,24,91
0,135,135,23
0,2,2,102
3,0,3,0
0,37,37,7
70,0,70,0
1,0,1,0
176,0,176,0
0,67,67,50
9,0,9,0
17,0,17,0
0,64,64,11
2,0,2,0
18,0,18,0
3,0,3,0
2,0,2,0
1,0,1,0
31,0,31,0
2,0,2,0
100,0,100,0
0,4,4,6
3,0,3,0
95,0,95,0
0,166,166,30
6,0,6,0
11,0,11,0
16,0,16,0
1,0,1,0
0,23,23,66
3,0,3,0
0,1,1,0
9,0,9,0
1,0,1,0
1,0,1,0
16,0,16,0
1,0,1,0
1,0,1,0
0,15,15,11
1,0,1,0
0,6,6,32
1,0,1,0
663,0,663,0
1,0,1,0
223,0,223,0
0,7,7,6
1,0,1,0
2,0,2,0
4,0,4,0
1,0,1,0
0,1,1,48
10,0,10,0
0,143,143,23
3,0,3,0
1,0,1,0
0,2,2,2
10,0,10,0
1,0,1,0
1,0,1,0
0,14,14,2
1,0,1,0
15,0,15,0
2,0,2,0
1,0,1,0
101,0,101,0
1,0,1,0
5,0,5,0
0,2,2,29
4,0,4,0
0,20,20,39
16,0,16,0
11,0,11,0
6,0,6,0
46,0,46,0
6,0,6,0
1,0,1,0
0,3,3,11
1,0,1,0
1,0,1,0
119,0,119,0
0,2,2,0
4,0,4,0
3,0,3,0
0,10,10,172
1,0,1,0
7,0,7,0
3,0,3,0
0,54,54,54
104,0,104,0
6,0,6,0
48,0,48,0
1,0,1,0
6,0,6,0
0,1,1,11
0,21,21,44
0,1,1,5
6,0,6,0
87,0,87,0
4,0,4,0
0,139,139,50
195,0,195,0
0,39,39,14
6,0,6,0
7,0,7,0
0,118,118,94
89,0,89,0
1,0,1,0
0,36,36,48
12,0,12,0
2,0,2,0
127,0,127,0
20,0,20,0
0,137,137,90
3,0,3,0
3,0,3,0
1,0,1,0
2,0,2,0
0,25,25,67
4,0,4,0
3,0,3,0
26,0,26,0
4,0,4,0
5,0,5,0
13,0,13,0
37,0,37,0
0,10,10,105
81,0,81,0
0,104,104,3
103,0,103,0
3,0,3,0
0,146,146,18
0,92,92,11
1,0,1,0
0,4,4,4
3,0,3,0
46,0,46,0
6,0,6,0
0,99,99,19
175,0,175,0
0,11,11,50
0,9,9,0
33,0,33,0
5,0,5,0
1,0,1,0
0,2,2,37
0,4,4,3
0,90,90,61
11,0,11,0
4,0,4,0
41,0,41,0
3,0,3,0
1,0,1,0
4,0,4,0
31,0,31,0
4,0,4,0
0,3,3,28
9,0,9,0
0,1319,1319,53
3,0,3,0
5,0,5,0
20,0,20,0
3,0,3,0
0,2,2,0
1,0,1,0
62,0,62,0
8,0,8,0
0,5,5,1
9,0,9,0
0,1,1,2
0,54,54,15
2,0,2,0
3,0,3,0
1,0,1,0
1,0,1,0
0,32,32,68
0,1,1,2
2,0,2,0
0,65,65,6
2,0,2,0
0,1,1,0
0,123,123,135
7,0,7,0
2,0,2,0
0,13,13,223
1,0,1,0
0,47,47,24
1,0,1,0
0,6,6,6
1,0,1,0
41,0,41,0
1,0,1,0
13,0,13,0
1,0,1,0
1,0,1,0
2,0,2,0
18,0,18,0
9,0,9,0
2,0,2,0
1,0,1,0
0,26,26,11
25,0,25,0
0,1,1,4
108,0,108,0
0,14,14,45
19,0,19,0
8,0,8,0
0,20,20,2
1,0,1,0
1,0,1,0
2,0,2,0
35,0,35,0
6,0,6,0
20,0,20,0
7,0,7,0
22,0,22,0
7,0,7,0
0,5,5,45
1,0,1,0
53,0,53,0
25,0,25,0
5,0,5,0
168,0,168,0
3,0,3,0
0,121,121,22
103,0,103,0
1,0,1,0
4,0,4,0
10,0,10,0
11,0,11,0
13,0,13,0
0,58,58,8
14,0,14,0
2,0,2,0
13,0,13,0
3,0,3,0
18,0,18,0
63,0,63,0
7,0,7,0
3,0,3,0
20,0,20,0
0,3,3,1
0,92,92,27
4,0,4,0
2,0,2,0
47,0,47,0
19,0,19,0
5,0,5,0
177,0,177,0
2,0,2,0
3,0,3,0
8,0,8,0
3,0,3,0
2,0,2,0
0,25,25,29
0,3,3,0
0,29,29,16
0,13,13,17
10,0,10,0
1,0,1,0
2,0,2,0
7,0,7,0
2,0,2,0
2,0,2,0
61,0,61,0
23,0,23,0
0,1,1,7
4,0,4,0
1,0,1,0
87,0,87,0
6,0,6,0
2,0,2,0
6,0,6,0
30,0,30,0
0,220,220,16
3,0,3,0
332,0,332,0
0,11,11,4
6,0,6,0
0,9,9,10
21,0,21,0
4,0,4,0
0,75,75,11
25,0,25,0
77,0,77,0
1,0,1,0
0,39,39,3
16,0,16,0
14,0,14,0
17,0,17,0
1,0,1,0
0,120,120,18
0,2,2,9
12,0,12,0
0,8,8,8
0,12,12,6
0,2,2,12
13,0,13,0
0,4,4,3
0,3,3,17
7,0,7,0
22,0,22,0
13,0,13,0
2,0,2,0
44,0,44,0
0,2,2,10
1,0,1,0
0,4,4,12
14,0,14,0
0,4,4,17
1,0,1,0
13,0,13,0
72,0,72,0
45,0,45,0
12,0,12,0
0,8,8,1
0,1,1,1
0,7,7,13
2,0,2,0
20,0,20,0
3,0,3,0
1,0,1,0
1,0,1,0
0,763,763,24
5,0,5,0
0,72,72,4
8,0,8,0
0,72,72,24
0,5,5,63
0,73,73,27
9,0,9,0
0,1,1,0
1,0,1,0
12,0,12,0
1,0,1,0
2,0,2,0
8,0,8,0
3,0,3,0
0,10,10,73
1,0,1,0
1,0,1,0
25,0,25,0
0,456,456,81
23,0,23,0
59,0,59,0
0,20,20,15
4,0,4,0
0,96,96,17
216,0,216,0
0,16,16,5
1,0,1,0
1,0,1,0
13,0,13,0
1,0,1,0
0,2,2,1
4,0,4,0
20,0,20,0
45,0,45,0
0,3,3,52
8,0,8,0
1,0,1,0
1,0,1,0
0,1,1,6
3,0,3,0
0,55,55,5
27,0,27,0
39,0,39,0
10,0,10,0
0,4,4,6
5,0,5,0
12,0,12,0
0,129,129,20
9,0,9,0
0,1,1,6
2,0,2,0
21,0,21,0
0,1,1,23
0,40,40,33
0,313,313,162
60,0,60,0
32,0,32,0
1,0,1,0
3,0,3,0
17,0,17,0
0,481,481,33
31,0,31,0
0,2,2,4
0,67,67,8
2,0,2,0
1,0,1,0
4,0,4,0
11,0,11,0
4,0,4,0
436,0,436,0
0,84,84,12
11,0,11,0
0,127,127,0
3,0,3,0
3,0,3,0
2,0,2,0
11,0,11,0
1,0,1,0
48,0,48,0
4,0,4,0
0,1113,1113,149
3,0,3,0
0,2,2,4
1,0,1,0
0,15,15,0
0,242,242,36
1,0,1,0
91,0,91,0
0,2,2,14
1,0,1,0
6,0,6,0
8,0,8,0
1,0,1,0
2,0,2,0
73,0,73,0
2,0,2,0
0,3,3,73
4,0,4,0
0,128,128,19
283,0,283,0
0,14,14,6
10,0,10,0
3,0,3,0
10,0,10,0
0,3,3,34
0,6,6,9
0,2,2,36
23,0,23,0
0,3,3,10
2,0,2,0
0,52,52,24
0,270,270,23
1,0,1,0
9,0,9,0
28,0,28,0
0,66,66,91
0,41,41,33
1,0,1,0
15,0,15,0
0,3,3,62
2,0,2,0
0,25,25,6
2,0,2,0
0,4,4,8
30,0,30,0
0,49,49,0
1,0,1,0
15,0,15,0
0,3,3,4
16,0,16,0
6,0,6,0
0,9,9,2
18,0,18,0
159,0,159,0
1,0,1,0
2,0,2,0
1,0,1,0
0,2,2,3
27,0,27,0
12,0,12,0
2,0,2,0
2,0,2,0
2,0,2,0
3,0,3,0
0,82,82,2
81,0,81,0
4,0,4,0
87,0,87,0
1,0,1,0
23,0,23,0
0,41,41,21
28,0,28,0
0,452,452,78
1,0,1,0
2,0,2,0
4,0,4,0
0,2,2,1
1,0,1,0
4,0,4,0
27,0,27,0
0,1,1,29
320,0,320,0
2,0,2,0
0,361,361,29
6,0,6,0
0,2,2,4
41,0,41,0
7,0,7,0
9,0,9,0
4,0,4,0
16,0,16,0
2,0,2,0
5,0,5,0
0,21,21,7
24,0,24,0
3,0,3,0
11,0,11,0
1,0,1,0
0,7,7,44
2,0,2,0
180,0,180,0
14,0,14,0
50,0,50,0
1,0,1,0
1,0,1,0
0,4,4,0
0,30,30,101
30,0,30,0
1,0,1,0
0,38,38,6
7,0,7,0
15,0,15,0
0,4,4,1
2,0,2,0
34,0,34,0
119,0,119,0
0,8,8,140
9,0,9,0
1,0,1,0
67,0,67,0
1,0,1,0
2,0,2,0
3,0,3,0
0,66,66,46
18,0,18,0
0,65,65,42
7,0,7,0
0,29,29,5
2,0,2,0
0,69,69,31
14,0,14,0
0,4,4,4
9,0,9,0
2,0,2,0
1,0,1,0
6,0,6,0
0,396,396,24
770,0,770,0
19,0,19,0
17,0,17,0
0,42,42,88
4,0,4,0
1,0,1,0
0,3,3,19
0,19,19,10
0,1,1,1
9,0,9,0
70,0,70,0
1,0,1,0
34,0,34,0
4,0,4,0
194,0,194,0
15,0,15,0
5,0,5,0
0,210,210,5
68,0,68,0
6,0,6,0
10,0,10,0
0,63,63,63
18,0,18,0
0,5,5,33
0,11,11,11
8,0,8,0
5,0,5,0
2,0,2,0
0,3,3,55
6,0,6,0
3,0,3,0
3,0,3,0
1,0,1,0
17,0,17,0
66,0,66,0
0,14,14,96
0,13,13,30
131,0,131,0
3,0,3,0
31,0,31,0
1,0,1,0
0,4,4,11
0,11,11,7
3,0,3,0
40,0,40,0
3,0,3,0
0,12,12,29
16,0,16,0
0,46,46,24
22,0,22,0
0,20,20,2
7,0,7,0
3,0,3,0
208,0,208,0
0,4,4,0
5,0,5,0
0,52,52,67
26,0,26,0
9,0,9,0
2,0,2,0
2,0,2,0
3,0,3,0
1,0,1,0
8,0,8,0
0,41,41,9
26,0,26,0
0,1,1,23
78,0,78,0
2,0,2,0
1,0,1,0
0,48,48,15
0,61,61,47
23,0,23,0
4,0,4,0
0,9,9,2
3,0,3,0
24,0,24,0
0,75,75,3
10,0,10,0
764,0,764,0
0,2,2,8
2,0,2,0
0,160,160,7
176,0,176,0
166,0,166,0
1,0,1,0
0,47,47,17
9,0,9,0
464,0,464,0
9,0,9,0
0,139,139,2
10,0,10,0
0,15,15,88
19,0,19,0
0,135,135,33
1,0,1,0
0,76,76,4
16,0,16,0
393,0,393,0
5,0,5,0
8,0,8,0
0,29,29,25
28,0,28,0
0,129,129,41
1,0,1,0
122,0,122,0
1,0,1,0
0,21,21,6
1,0,1,0
0,4,4,7
145,0,145,0
0,292,292,116
2,0,2,0
2,0,2,0
5,0,5,0
10,0,10,0
0,75,75,5
19,0,19,0
1,0,1,0
2,0,2,0
446,0,446,0
0,3,3,26
8,0,8,0
6,0,6,0
0,134,134,12
51,0,51,0
1,0,1,0
0,17,17,4
53,0,53,0
0,10,10,3
1,0,1,0
0,16,16,19
2,0,2,0
0,28,28,7
0,8,8,3
0,83,83,122
2,0,2,0
6,0,6,0
48,0,48,0
1,0,1,0
0,206,206,15
181,0,181,0
2,0,2,0
2,0,2,0
4,0,4,0
0,38,38,31
43,0,43,0
27,0,27,0
0,1,1,38
1,0,1,0
0,29,29,24
1,0,1,0
18,0,18,0
5,0,5,0
0,154,154,19
3,0,3,0
5,0,5,0
0,17,17,27
0,34,34,12
1,0,1,0
0,39,39,16
1,0,1,0
0,386,386,15
0,8,8,10
5,0,5,0
3,0,3,0
28,0,28,0
3,0,3,0
2,0,2,0
4,0,4,0
1,0,1,0
3,0,3,0
5,0,5,0
0,5,5,6
2,0,2,0
2,0,2,0
0,115,115,50
14,0,14,0
0,62,62,13
0,121,121,114
36,0,36,0
0,2,2,22
0,4,4,2
85,0,85,0
11,0,11,0
0,50,50,10
4,0,4,0
2,0,2,0
4,0,4,0
6,0,6,0
7,0,7,0
18,0,18,0
23,0,23,0
54,0,54,0
8,0,8,0
0,12,12,101
45,0,45,0
1,0,1,0
5,0,5,0
3,0,3,0
24,0,24,0
13,0,13,0
0,980,980,62
3,0,3,0
15,0,15,0
3,0,3,0
5,0,5,0
46,0,46,0
0,894,894,46
19,0,19,0
2,0,2,0
1,0,1,0
1,0,1,0
0,1,1,0
1,0,1,0
42,0,42,0
20,0,20,0
38,0,38,0
5,0,5,0
5,0,5,0
27,0,27,0
0,46,46,14
10,0,10,0
0,7,7,4
1,0,1,0
0,174,174,22
1,0,1,0
1,0,1,0
65,0,65,0
3,0,3,0
5,0,5,0
0,49,49,4
0,59,59,63
14,0,14,0
1,0,1,0
2,0,2,0
142,0,142,0
1,0,1,0
0,10,10,6
1,0,1,0
1,0,1,0
0,2,2,71
9,0,9,0
0,6,6,17
53,0,53,0
2,0,2,0
1,0,1,0
0,2,2,53
3,0,3,0
20,0,20,0
2,0,2,0
16,0,16,0
25,0,25,0
1,0,1,0
3,0,3,0
2,0,2,0
0,43,43,2
44,0,44,0
0,248,248,36
0,103,103,18
0,20,20,2
0,76,76,17
0,17,17,105
10,0,10,0
3,0,3,0
0,4,4,23
23,0,23,0
1,0,1,0
0,5,5,4
1,0,1,0
0,22,22,4
3,0,3,0
110,0,110,0
45,0,45,0
0,577,577,44
91,0,91,0
2,0,2,0
9,0,9,0
1,0,1,0
0,23,23,6
2,0,2,0
81,0,81,0
1,0,1,0
1,0,1,0
44,0,44,0
0,10,10,2
5,0,5,0
1,0,1,0
292,0,292,0
39,0,39,0
0,86,86,15
61,0,61,0
0,2,2,5
0,83,83,26
24,0,24,0
0,4,4,16
0,1,1,28
1,0,1,0
13,0,13,0
145,0,145,0
1,0,1,0
0,31,31,7
14,0,14,0
1,0,1,0
0,14,14,22
0,23,23,0
4,0,4,0
4,0,4,0
29,0,29,0
0,15,15,80
10,0,10,0
8,0,8,0
181,0,181,0
4,0,4,0
1,0,1,0
1,0,1,0
26,0,26,0
1,0,1,0
0,13,13,0
1,0,1,0
1,0,1,0
1,0,1,0
1,0,1,0
1,0,1,0
2,0,2,0
17,0,17,0
0,37,37,7
22,0,22,0
19,0,19,0
3,0,3,0
11,0,11,0
0,115,115,92
21,0,21,0
0,81,81,41
0,18,18,0
20,0,20,0
3,0,3,0
9,0,9,0
3,0,3,0
5,0,5,0
6,0,6,0
1,0,1,0
294,0,294,0
58,0,58,0
0,158,158,22
12,0,12,0
1,0,1,0
24,0,24,0
7,0,7,0
25,0,25,0
0,51,51,14
7,0,7,0
131,0,131,0
0,17,17,7
58,0,58,0
17,0,17,0
17,0,17,0
2,0,2,0
2,0,2,0
0,19,19,1
2,0,2,0
25,0,25,0
10,0,10,0
0,46,46,3
13,0,13,0
0,19,19,25
28,0,28,0
0,2,2,18
0,98,98,58
67,0,67,0
0,9,9,4
4,0,4,0
1,0,1,0
0,4,4,21
7,0,7,0
2,0,2,0
51,0,51,0
2,0,2,0
12,0,12,0
0,5,5,10
7,0,7,0
2,0,2,0
3,0,3,0
1,0,1,0
10,0,10,0
0,37,37,37
14,0,14,0
0,1,1,11
245,0,245,0
0,36,36,47
29,0,29,0
0,15,15,54
2,0,2,0
3,0,3,0
5,0,5,0
3,0,3,0
0,5,5,37
70,0,70,0
4,0,4,0
2,0,2,0
0,17,17,13
0,174,174,38
4,0,4,0
0,28,28,20
17,0,17,0
0,4,4,21
0,22,22,31
13,0,13,0
0,1,1,23
0,1,1,0
16,0,16,0
3,0,3,0
2,0,2,0
0,11,11,20
4,0,4,0
2,0,2,0
3,0,3,0
158,0,158,0
28,0,28,0
1,293,294,23
0,5,5,23
2,0,2,0
137,0,137,0
0,22,22,23
0,6,6,10
5,0,5,0
1,0,1,0
2,0,2,0
6,0,6,0
5,0,5,0
0,29,29,15
8,0,8,0
2,0,2,0
60,0,60,0
0,199,199,65
9,0,9,0
0,71,71,2
8,0,8,0
3,0,3,0
0,105,105,36
0,268,268,67
24,0,24,0
9,0,9,0
8,0,8,0
324,0,324,0
0,143,143,67
40,0,40,0
0,1,1,7
39,0,39,0
1,0,1,0
0,8,8,34
6,0,6,0
3,0,3,0
1,0,1,0
6,0,6,0
0,46,46,38
9,0,9,0
4,0,4,0
1,0,1,0
0,8,8,24
7,0,7,0
18,0,18,0
0,17,17,16
12,0,12,0
0,300,300,73
291,0,291,0
17,0,17,0
0,219,219,20
21,0,21,0
3,0,3,0
1,0,1,0
1,0,1,0
7,0,7,0
0,2,2,14
118,0,118,0
19,0,19,0
0,8,8,13
13,0,13,0
4,0,4,0
0,11,11,5
6,0,6,0
9,0,9,0
2,0,2,0
6,0,6,0
67,0,67,0
0,21,21,132
2,0,2,0
2,0,2,0
0,41,41,1
28,0,28,0
0,41,41,24
40,0,40,0
11,0,11,0
7,0,7,0
3,0,3,0
0,24,24,4
0,1,1,1
11,0,11,0
13,0,13,0
65,0,65,0
0,11,11,18
1,0,1,0
16,0,16,0
1,0,1,0
10,0,10,0
2,0,2,0
8,0,8,0
31,0,31,0
90,0,90,0
0,106,106,5
1,0,1,0
1,0,1,0
0,1,1,46
5,0,5,0
26,0,26,0
11,0,11,0
1,0,1,0
2,0,2,0
2,0,2,0
0,69,69,30
24,0,24,0
0,73,73,2
0,48,48,5
0,44,44,6
0,81,81,115
1,0,1,0
10,0,10,0
3,0,3,0
1,0,1,0
41,0,41,0
3,0,3,0
2,0,2,0
0,259,259,6
3,0,3,0
0,33,33,16
20,0,20,0
0,3,3,10
54,0,54,0
9,0,9,0
0,5,5,6
0,151,151,14
0,11,11,31
5,0,5,0
5,0,5,0
6,0,6,0
45,0,45,0
2,0,2,0
0,15,15,23
11,0,11,0
0,51,51,2
78,0,78,0
3,0,3,0
0,27,27,26
14,0,14,0
7,0,7,0
3,0,3,0
5,0,5,0
0,5,5,6
1,0,1,0
2,0,2,0
20,0,20,0
2,0,2,0
0,1,1,58
3,0,3,0
2,0,2,0
3,0,3,0
0,187,187,13
19,0,19,0
8,0,8,0
0,66,66,0
3,0,3,0
9,0,9,0
8,0,8,0
0,50,50,9
7,0,7,0
0,26,26,24
2,0,2,0
28,0,28,0
5,0,5,0
0,114,114,100
3,0,3,0
1,0,1,0
7,0,7,0
0,34,34,1
384,0,384,0
1,0,1,0
13,0,13,0
0,87,87,30
7,0,7,0
3,0,3,0
0,1,1,20
222,0,222,0
5,0,5,0
5,0,5,0
1,0,1,0
54,0,54,0
8,0,8,0
1,0,1,0
0,42,42,11
23,0,23,0
30,0,30,0
2,0,2,0
0,45,45,25
2,0,2,0
15,0,15,0
4,0,4,0
9,0,9,0
2,0,2,0
0,351,351,36
0,2,2,19
21,0,21,0
0,212,212,57
0,2,2,25
1,0,1,0
2,0,2,0
175,0,175,0
10,0,10,0
2,0,2,0
7,0,7,0
0,1164,1164,99
250,0,250,0
1,0,1,0
0,242,242,77
23,0,23,0
1,0,1,0
1,0,1,0
3,0,3,0
0,3,3,2
21,0,21,0
4,0,4,0
5,0,5,0
62,0,62,0
2,0,2,0
2,0,2,0
8,0,8,0
0,23,23,25
4,0,4,0
10,0,10,0
7,0,7,0
2,0,2,0
25,0,25,0
4,0,4,0
0,9,9,4
1,0,1,0
16,0,16,0
38,0,38,0
12,0,12,0
4,0,4,0
0,33,33,21
17,0,17,0
12,0,12,0
5,0,5,0
3,0,3,0
0,163,163,26
6,0,6,0
0,96,96,106
4,0,4,0
8,0,8,0
0,100,100,6
4,0,4,0
4,0,4,0
0,4,4,2
12,0,12,0
0,22,22,3
35,0,35,0
1,0,1,0
2,0,2,0
5,0,5,0
7,0,7,0
9,0,9,0
0,101,101,47
1,0,1,0
8,0,8,0
17,0,17,0
3,0,3,0
6,0,6,0
4,0,4,0
1,0,1,0
6,0,6,0
4,0,4,0
7,0,7,0
240,0,240,0
95,0,95,0
1,0,1,0
6,0,6,0
6,0,6,0
34,0,34,0
10,0,10,0
15,0,15,0
0,1,1,51
2,0,2,0
2,0,2,0
0,49,49,4
45,0,45,0
0,9,9,0
1,0,1,0
0,2,2,3
1,0,1,0
9,0,9,0
0,4,4,0
15,0,15,0
4,0,4,0
21,0,21,0
1,0,1,0
25,0,25,0
0,105,105,36
4,0,4,0
0,7,7,15
1,0,1,0
21,0,21,0
0,6,6,4
156,0,156,0
0,88,88,58
13,0,13,0
0,13,13,5
5,0,5,0
51,0,51,0
8,0,8,0
0,12,12,44
4,0,4,0
0,5,5,26
5,0,5,0
0,9,9,5
1,0,1,0
0,223,223,7
19,0,19,0
1,0,1,0
58,0,58,0
3,0,3,0
145,0,145,0
0,269,269,16
99,0,99,0
0,449,449,24
2,0,2,0
5,0,5,0
72,0,72,0
1,0,1,0
2,0,2,0
17,0,17,0
1,0,1,0
0,1,1,11
2,0,2,0
3,0,3,0
60,0,60,0
32,0,32,0
109,0,109,0
1,0,1,0
0,6,6,150
6,0,6,0
1,0,1,0
5,0,5,0
9,0,9,0
0,173,173,44
3,0,3,0
0,43,43,60
18,0,18,0
1,0,1,0
0,32,32,7
0,1,1,0
0,9,9,5
38,0,38,0
2,0,2,0
49,0,49,0
3,0,3,0
0,265,265,17
96,0,96,0
0,9,9,55
0,74,74,3
1,0,1,0
2,0,2,0
1,0,1,0
3,0,3,0
10,0,10,0
4,0,4,0
21,0,21,0
462,0,462,0
0,62,62,34
0,39,39,18
0,56,56,33
0,7,7,10
2,0,2,0
0,13,13,15
3,0,3,0
0,46,46,25
1,0,1,0
3,0,3,0
1,0,1,0
1,0,1,0
0,38,38,43
6,0,6,0
0,163,163,43
133,0,133,0
4,0,4,0
6,0,6,0
14,0,14,0
1,0,1,0
1,0,1,0
0,66,66,66
16,0,16,0
1,0,1,0
1,0,1,0
1,0,1,0
1,0,1,0
1,0,1,0
3,0,3,0
1,0,1,0
61,0,61,0
1,0,1,0
1,0,1,0
0,3,3,15
12,0,12,0
0,8,8,1
1,0,1,0
1,0,1,0
1,0,1,0
1,0,1,0
1,0,1,0
1,0,1,0
2,0,2,0
7,0,7,0
1,0,1,0
0,2,2,1
2,0,2,0
2,0,2,0
4,0,4,0
1,0,1,0
0,40,40,3
0,50,50,7
1,0,1,0
106,0,106,0
4,0,4,0
185,0,185,0
0,2,2,8
0,3,3,1
1,0,1,0
5,0,5,0
1,0,1,0
1,0,1,0
7,0,7,0
3,0,3,0
8,0,8,0
0,1,1,7
0,2,2,5
1,0,1,0
8,0,8,0
5,0,5,0
7,0,7,0
1,0,1,0
1,0,1,0
0,120,120,17
32,0,32,0
10,0,10,0
0,13,13,1
1,0,1,0
0,31,31,41
2,0,2,0
0,10,10,7
0,1,1,66
0,15,15,3
3,0,3,0
0,2,2,45
2,0,2,0
0,66,66,64
5,0,5,0
13,0,13,0
0,43,43,9
25,0,25,0
1,0,1,0
0,26,26,33
8,0,8,0
10,0,10,0
29,0,29,0
3,0,3,0
0,174,174,61
1,0,1,0
0,360,360,0
8,0,8,0
0,915,915,18
0,23,23,16
29,0,29,0
4,0,4,0
1,0,1,0
61,0,61,0
0,2,2,21
6,0,6,0
1,0,1,0
1,0,1,0
24,0,24,0
0,14,14,14
1,0,1,0
0,6,6,40
5,0,5,0
0,24,24,22
4,0,4,0
5,0,5,0
0,19,19,44
1,0,1,0
6,0,6,0
12,0,12,0
0,1,1,62
2,0,2,0
3,0,3,0
0,464,464,102
469,0,469,0
0,229,229,14
0,64,64,135
1,0,1,0
10,0,10,0
0,14,14,47
0,1,1,18
18,0,18,0
0,22,22,3
4,0,4,0
9,0,9,0
0,26,26,37
44,0,44,0
1,0,1,0
0,14,14,52
27,0,27,0
0,11,11,25
0,31,31,2
38,0,38,0
6,0,6,0
30,0,30,0
6,0,6,0
1,0,1,0
4,0,4,0
0,218,218,18
0,732,732,23
0,94,94,23
14,0,14,0
2,0,2,0
11,0,11,0
1,0,1,0
0,66,66,21
7,0,7,0
2,0,2,0
0,12,12,4
7,0,7,0
27,0,27,0
21,0,21,0
4,0,4,0
3,0,3,0
0,47,47,25
4,0,4,0
1,0,1,0
0,8,8,91
1,0,1,0
0,4,4,29
60,0,60,0
9,0,9,0
1,0,1,0
0,10,10,20
0,6,6,4
5,0,5,0
106,0,106,0
0,32,32,43
0,3,3,125
4,0,4,0
7,0,7,0
0,5,5,5
51,0,51,0
0,104,104,17
19,0,19,0
0,14,14,0
2,0,2,0
1,0,1,0
95,0,95,0
1,0,1,0
8,0,8,0
3,0,3,0
0,174,174,10
12,0,12,0
28,0,28,0
0,70,70,75
11,0,11,0
0,12,12,26
9,0,9,0
10,0,10,0
18,0,18,0
820,0,820,0
3,0,3,0
1,0,1,0
0,32,32,5
1,0,1,0
14,0,14,0
0,3,3,10
62,0,62,0
0,14,14,309
4,0,4,0
30,0,30,0
0,10,10,22
11,0,11,0
0,15,15,1
0,141,141,4
54,0,54,0
1,0,1,0
0,2,2,23
4,0,4,0
1,0,1,0
6,0,6,0
7,0,7,0
1,0,1,0
0,74,74,20
5,0,5,0
87,0,87,0
0,34,34,65
12,0,12,0
0,55,55,145
0,84,84,40
1,0,1,0
4,0,4,0
2,0,2,0
3,0,3,0
6,0,6,0
1,0,1,0
3,0,3,0
39,0,39,0
15,0,15,0
1,0,1,0
4,0,4,0
33,0,33,0
0,145,145,319
19,0,19,0
4,0,4,0
85,0,85,0
1,0,1,0
3,0,3,0
116,0,116,0
198,0,198,0
4,0,4,0
0,8,8,0
4,0,4,0
12,0,12,0
1,0,1,0
0,11,11,9
23,0,23,0
0,213,213,115
172,0,172,0
1,0,1,0
3,0,3,0
7,0,7,0
21,0,21,0
43,0,43,0
0,8,8,100
13,0,13,0
11,0,11,0
1,0,1,0
40,0,40,0
1,0,1,0
0,6,6,1
0,13,13,25
1,0,1,0
1,0,1,0
0,1,1,0
131,0,131,0
1,0,1,0
1,0,1,0
0,9,9,0
16,0,16,0
11,0,11,0
0,69,69,11
21,0,21,0
3,0,3,0
11,0,11,0
18,0,18,0
0,85,85,9
5,0,5,0
13,0,13,0
21,0,21,0
21,0,21,0
1,0,1,0
1,0,1,0
0,3,3,0
0,17,17,88
3,0,3,0
1,0,1,0
0,8,8,16
4,0,4,0
11,0,11,0
1,0,1,0
8,0,8,0
1,0,1,0
72,0,72,0
0,85,85,35
0,50,50,79
0,1,1,3
0,45,45,33
2,0,2,0
1,0,1,0
7,0,7,0
11,0,11,0
114,0,114,0
18,0,18,0
1,0,1,0
3,0,3,0
67,0,67,0
9,0,9,0
6,0,6,0
0,4,4,3
2,0,2,0
1,0,1,0
5,0,5,0
64,0,64,0
46,0,46,0
24,0,24,0
0,1,1,43
0,5,5,31
2,0,2,0
0,263,263,26
1,0,1,0
0,148,148,96
79,0,79,0
41,0,41,0
0,15,15,14
5,0,5,0
32,0,32,0
0,2,2,23
1,0,1,0
1,0,1,0
0,7,7,2
4,0,4,0
9,0,9,0
2,0,2,0
0,435,435,77
7,0,7,0
0,6,6,12
3,0,3,0
100,0,100,0
5,0,5,0
2,0,2,0
2,0,2,0
12,0,12,0
170,0,170,0
5,0,5,0
1,0,1,0
0,30,30,1
2,0,2,0
66,0,66,0
647,0,647,0
0,12,12,64
16,0,16,0
44,0,44,0
0,137,137,38
0,56,56,1
1,0,1,0
8,0,8,0
90,0,90,0
8,0,8,0
19,0,19,0
0,10,10,4
37,0,37,0
1,0,1,0
0,9,9,1
224,0,224,0
6,0,6,0
1,0,1,0
17,0,17,0
0,95,95,47
0,43,43,28
11,0,11,0
0,13,13,70
7,0,7,0
0,2,2,171
2,0,2,0
0,57,57,7
13,0,13,0
0,5,5,29
9,0,9,0
2,0,2,0
1,0,1,0
1,0,1,0
1,0,1,0
2,0,2,0
6,0,6,0
10,0,10,0
1,0,1,0
17,0,17,0
0,30,30,17
1,0,1,0
0,310,310,7
1,0,1,0
1,0,1,0
0,20,20,2
10,0,10,0
0,72,72,0
68,0,68,0
0,4,4,3
9,0,9,0
0,26,26,51
0,6,6,3
5,0,5,0
0,118,118,64
78,0,78,0
5,0,5,0
1,0,1,0
0,8,8,73
0,17,17,31
17,0,17,0
0,103,103,39
2,0,2,0
0,639,639,41
0,47,47,126
17,0,17,0
2,0,2,0
2,0,2,0
22,0,22,0
73,0,73,0
0,7,7,2
1,0,1,0
0,5,5,120
2,0,2,0
2,0,2,0
121,0,121,0
8,0,8,0
3,0,3,0
0,197,197,99
4,0,4,0
0,411,411,153
111,0,111,0
0,92,92,99
0,29,29,1
16,0,16,0
12,0,12,0
2,0,2,0
0,50,50,40
12,0,12,0
4,0,4,0
0,153,153,67
0,5,5,12
0,44,44,14
190,0,190,0
1,0,1,0
1,0,1,0
0,6,6,1
12,0,12,0
0,11,11,29
2,0,2,0
3,0,3,0
21,0,21,0
2,0,2,0
0,3,3,14
0,250,250,11
74,0,74,0
6,0,6,0
2,0,2,0
7,0,7,0
1,0,1,0
24,0,24,0
0,2,2,1
0,6,6,22
1,0,1,0
0,4,4,5
3,0,3,0
36,0,36,0
1,0,1,0
12,0,12,0
0,9,9,20
135,0,135,0
0,74,74,34
144,0,144,0
3,0,3,0
179,0,179,0
30,0,30,0
0,111,111,6
5,0,5,0
59,0,59,0
0,2,2,4
1,0,1,0
0,57,57,4
0,6,6,8
2,0,2,0
26,0,26,0
0,17,17,12
10,0,10,0
0,6,6,3
0,6,6,5
22,0,22,0
3,0,3,0
0,19,19,43
4,0,4,0
0,30,30,0
0,32,32,0
36,0,36,0
0,2,2,0
3,0,3,0
1,0,1,0
0,1,1,50
2,0,2,0
1,0,1,0
2,0,2,0
2,0,2,0
0,2,2,7
0,24,24,5
1,0,1,0
13,0,13,0
0,2,2,4
0,34,34,18
42,0,42,0
0,32,32,11
16,0,16,0
170,0,170,0
4,0,4,0
0,2,2,2
1,0,1,0
8,0,8,0
0,20,20,26
20,0,20,0
6,0,6,0
0,27,27,10
4,0,4,0
3,0,3,0
34,0,34,0
4,0,4,0
0,6,6,13
1,0,1,0
31,0,31,0
0,3,3,14
1,0,1,0
192,0,192,0
3,0,3,0
2,0,2,0
1,0,1,0
1,0,1,0
1,0,1,0
0,131,131,28
205,0,205,0
0,209,209,8
10,0,10,0
0,7,7,17
9,0,9,0
1,0,1,0
2,0,2,0
14,0,14,0
0,186,186,47
63,0,63,0
2,0,2,0
0,7,7,23
0,12,12,66
0,4,4,18
4,0,4,0
1,0,1,0
7,0,7,0
24,0,24,0
36,0,36,0
11,0,11,0
2,0,2,0
0,2,2,5
0,10,10,45
11,0,11,0
2,0,2,0
0,13,13,9
10,0,10,0
0,7,7,2
4,0,4,0
1,0,1,0
7,0,7,0
10,0,10,0
7,0,7,0
0,1,1,11
5,0,5,0
7,0,7,0
3,0,3,0
1,0,1,0
32,0,32,0
1,0,1,0
2,0,2,0
1,0,1,0
33,0,33,0
2,0,2,0
3,0,3,0
63,0,63,0
0,10,10,31
15,0,15,0
0,70,70,7
24,0,24,0
246,0,246,0
0,139,139,26
0,187,187,97
212,0,212,0
0,1,1,3
101,0,101,0
21,0,21,0
5,0,5,0
1,0,1,0
6,0,6,0
1,0,1,0
0,7,7,9
0,3,3,24
5,0,5,0
3,0,3,0
14,0,14,0
0,38,38,7
21,0,21,0
5,0,5,0
13,0,13,0
0,4,4,40
78,0,78,0
0,8,8,5
1,0,1,0
1,0,1,0
0,2,2,8
29,0,29,0
1,0,1,0
8,0,8,0
35,0,35,0
0,64,64,3
75,0,75,0
0,10,10,6
4,0,4,0
13,0,13,0
0,29,29,13
20,0,20,0
0,231,231,0
0,5,5,10
16,0,16,0
0,9,9,1
1,0,1,0
0,4,4,13
7,0,7,0
0,51,51,17
14,0,14,0
0,2,2,4
5,0,5,0
0,4,4,72
0,14,14,7
40,0,40,0
0,51,51,32
0,12,12,1
9,0,9,0
84,0,84,0
2,0,2,0
6,0,6,0
8,0,8,0
388,0,388,0
17,0,17,0
0,3,3,15
0,2,2,43
3,0,3,0
1,0,1,0
2,0,2,0
7,0,7,0
6,0,6,0
0,188,188,16
0,15,15,22
29,0,29,0
1,0,1,0
0,84,84,32
0,9,9,18
1,0,1,0
3,0,3,0
0,68,68,44
32,0,32,0
10,0,10,0
4,0,4,0
0,1137,1137,147
1,0,1,0
92,0,92,0
0,112,112,11
0,5,5,24
29,0,29,0
1,0,1,0
3,0,3,0
0,32,32,3
39,0,39,0
44,0,44,0
10,0,10,0
32,0,32,0
2,0,2,0
3,0,3,0
4,0,4,0
2,0,2,0
25,0,25,0
0,51,51,5
36,0,36,0
9,0,9,0
0,10,10,3
8,0,8,0
0,48,48,14
53,0,53,0
0,8,8,8
2,0,2,0
0,33,33,14
5,0,5,0
2,0,2,0
0,262,262,146
228,0,228,0
4,0,4,0
1,0,1,0
11,0,11,0
4,0,4,0
12,0,12,0
47,0,47,0
0,6,6,62
220,0,220,0
0,4,4,0
10,0,10,0
18,0,18,0
1,0,1,0
0,1,1,21
7,0,7,0
2,0,2,0
15,0,15,0
4,0,4,0
1,0,1,0
1,0,1,0
1,0,1,0
0,313,313,9
8,0,8,0
0,34,34,34
1,0,1,0
3,0,3,0
0,14,14,90
0,87,87,49
0,16,16,59
5,0,5,0
182,0,182,0
0,45,45,18
4,0,4,0
20,0,20,0
10,0,10,0
0,114,114,39
2,0,2,0
0,4,4,49
78,0,78,0
0,3,3,3
1,0,1,0
2,0,2,0
13,0,13,0
0,49,49,25
0,36,36,21
25,0,25,0
38,0,38,0
1,0,1,0
1,0,1,0
0,100,100,12
15,0,15,0
0,39,39,21
39,0,39,0
0,26,26,69
8,0,8,0
2,0,2,0
2,0,2,0
96,0,96,0
0,76,76,2
4,0,4,0
21,0,21,0
39,0,39,0
0,2,2,5
9,0,9,0
0,4,4,14
1,0,1,0
0,4,4,0
7,0,7,0
80,0,80,0
1,0,1,0
8,0,8,0
5,0,5,0
39,0,39,0
25,0,25,0
17,0,17,0
2,0,2,0
0,39,39,6
5,0,5,0
2,0,2,0
11,0,11,0
2,0,2,0
0,17,17,68
3,0,3,0
2,0,2,0
0,17,17,4
0,19,19,15
74,0,74,0
347,0,347,0
0,90,90,5
20,0,20,0
0,13,13,21
12,0,12,0
0,4,4,4
0,5,5,2
428,0,428,0
13,0,13,0
1,0,1,0
1,0,1,0
8,0,8,0
72,0,72,0
0,111,111,69
2,0,2,0
1,0,1,0
1,0,1,0
0,97,97,74
2,0,2,0
0,1,1,11
77,0,77,0
36,0,36,0
3,0,3,0
9,0,9,0
3,0,3,0
51,0,51,0
6,0,6,0
118,0,118,0
2,0,2,0
2,0,2,0
0,5,5,0
7,0,7,0
45,0,45,0
34,0,34,0
0,2,2,3
0,34,34,43
56,0,56,0
1,0,1,0
11,0,11,0
0,49,49,143
26,0,26,0
0,36,36,7
0,225,225,16
203,0,203,0
300,0,300,0
4,0,4,0
4,0,4,0
0,24,24,18
1,0,1,0
3,0,3,0
3,0,3,0
1,0,1,0
3,0,3,0
2,0,2,0
11,0,11,0
0,18,18,7
28,0,28,0
6,0,6,0
0,41,41,9
14,0,14,0
25,0,25,0
2,0,2,0
0,1,1,7
3,0,3,0
3,0,3,0
0,3,3,8
5,0,5,0
0,282,282,47
8,0,8,0
121,0,121,0
2,0,2,0
41,0,41,0
0,22,22,15
0,25,25,15
0,213,213,26
123,0,123,0
0,207,207,29
20,0,20,0
14,0,14,0
133,0,133,0
31,0,31,0
1,0,1,0
1,0,1,0
12,0,12,0
0,62,62,2
25,0,25,0
0,5,5,3
120,0,120,0
2,0,2,0
2,0,2,0
0,8,8,2
1,0,1,0
1,0,1,0
1,0,1,0
4,0,4,0
2,0,2,0
18,0,18,0
21,0,21,0
0,35,35,19
0,85,85,29
1,0,1,0
0,11,11,30
10,0,10,0
28,0,28,0
4,0,4,0
2,0,2,0
0,24,24,32
84,0,84,0
3,0,3,0
7,0,7,0
0,13,13,21
0,99,99,8
0,104,104,29
5,0,5,0
0,28,28,43
0,9,9,82
4,0,4,0
4,0,4,0
331,0,331,0
10,0,10,0
0,12,12,1
2,0,2,0
11,0,11,0
5,0,5,0
24,0,24,0
0,140,140,6
118,0,118,0
11,0,11,0
6,0,6,0
0,13,13,9
13,0,13,0
5,0,5,0
7,0,7,0
8,0,8,0
1,0,1,0
6,0,6,0
121,0,121,0
0,45,45,51
1,0,1,0
5,0,5,0
56,0,56,0
0,3,3,14
1,0,1,0
1,0,1,0
12,0,12,0
1,0,1,0
1,0,1,0
0,115,115,63
21,0,21,0
3,0,3,0
1,0,1,0
48,0,48,0
3,0,3,0
0,1,1,4
0,13,13,45
2,0,2,0
0,10,10,37
0,291,291,32
4,0,4,0
1,0,1,0
0,14,14,31
0,4,4,34
7,0,7,0
0,36,36,6
98,0,98,0
45,0,45,0
0,201,201,60
120,0,120,0
11,0,11,0
3,0,3,0
4,0,4,0
0,14,14,37
6,0,6,0
0,31,31,1
0,6,6,0
0,9,9,61
36,0,36,0
0,35,35,6
0,4,4,0
4,0,4,0
2,0,2,0
0,4,4,3
1,0,1,0
31,0,31,0
4,0,4,0
0,85,85,34
17,0,17,0
1,0,1,0
4,0,4,0
0,44,44,36
0,5,5,7
7,0,7,0
0,40,40,10
0,217,217,25
120,0,120,0
4,0,4,0
15,0,15,0
5,0,5,0
0,203,203,64
40,0,40,0
10,0,10,0
2,0,2,0
2,0,2,0
44,0,44,0
0,33,33,0
16,0,16,0
23,0,23,0
3,0,3,0
9,0,9,0
0,14,14,20
0,1,1,7
1,0,1,0
6,0,6,0
156,0,156,0
8,0,8,0
0,12,12,7
24,0,24,0
0,440,440,10
0,4,4,15
5,0,5,0
1,0,1,0
33,0,33,0
2,0,2,0
0,1,1,35
140,0,140,0
0,6,6,0
3,0,3,0
6,0,6,0
22,0,22,0
1,0,1,0
9,0,9,0
0,46,46,3
57,0,57,0
112,0,112,0
0,2,2,0
0,5,5,16
5,0,5,0
4,0,4,0
14,0,14,0
3,0,3,0
17,0,17,0
1,0,1,0
19,0,19,0
4,0,4,0
0,44,44,1
0,2,2,19
7,0,7,0
5,0,5,0
6,0,6,0
0,315,315,50
0,3,3,4
1,0,1,0
1,0,1,0
27,0,27,0
113,0,113,0
30,0,30,0
1,0,1,0
0,69,69,14
2,0,2,0
13,0,13,0
10,0,10,0
0,123,123,58
91,0,91,0
0,5,5,20
12,0,12,0
0,3,3,20
10,0,10,0
57,0,57,0
1,0,1,0
1,0,1,0
0,1,1,7
26,0,26,0
10,0,10,0
1,0,1,0
6,0,6,0
4,0,4,0
1,0,1,0
4,0,4,0
1,0,1,0
0,15,15,19
63,0,63,0
22,0,22,0
44,0,44,0
2,0,2,0
3,0,3,0
50,0,50,0
7,0,7,0
2,0,2,0
0,25,25,12
6,0,6,0
2,0,2,0
4,0,4,0
0,255,255,7
21,0,21,0
2,0,2,0
2,0,2,0
2,0,2,0
12,0,12,0
1,0,1,0
0,23,23,1
0,4,4,15
13,0,13,0
1,0,1,0
0,13,13,33
0,15,15,25
8,0,8,0
448,0,448,0
0,150,150,4
1,0,1,0
3,0,3,0
8,0,8,0
56,0,56,0
0,39,39,0
0,152,152,60
51,0,51,0
0,167,167,43
95,0,95,0
1,0,1,0
130,0,130,0
2,0,2,0
3,0,3,0
1,0,1,0
42,0,42,0
37,0,37,0
0,117,117,30
7,0,7,0
7,0,7,0
0,3,3,3
0,13,13,34
1,0,1,0
1,0,1,0
1,0,1,0
0,32,32,8
2,0,2,0
1,0,1,0
3,0,3,0
10,0,10,0
0,27,27,14
16,0,16,0
10,0,10,0
1,0,1,0
49,0,49,0
6,0,6,0
0,6,6,19
2,0,2,0
95,0,95,0
85,0,85,0
0,2,2,42
9,0,9,0
0,3,3,10
6,0,6,0
21,0,21,0
2,0,2,0
0,1,1,8
3,0,3,0
35,0,35,0
0,1,1,0
753,0,753,0
3,0,3,0
0,37,37,14
4,0,4,0
1,197,198,33
32,0,32,0
2,0,2,0
0,3,3,1
1,0,1,0
42,0,42,0
0,12,12,4
12,0,12,0
0,10,10,56
126,0,126,0
0,751,751,53
2,0,2,0
1,0,1,0
6,0,6,0
3,0,3,0
0,2,2,3
0,6,6,0
5,0,5,0
0,2,2,17
0,5,5,4
0,180,180,3
0,111,111,72
0,8,8,37
12,0,12,0
63,0,63,0
12,0,12,0
4,0,4,0
0,6,6,5
2,0,2,0
42,0,42,0
2,0,2,0
0,68,68,72
5,0,5,0
0,232,232,85
5,0,5,0
0,44,44,19
61,0,61,0
2,0,2,0
18,0,18,0
0,88,88,10
0,324,324,45
108,0,108,0
6,0,6,0
1,0,1,0
6,0,6,0
3,0,3,0
10,0,10,0
3,0,3,0
50,0,50,0
193,0,193,0
2,0,2,0
0,50,50,4
11,0,11,0
5,0,5,0
38,0,38,0
0,171,171,37
1,0,1,0
0,14,14,41
3,0,3,0
0,5,5,3
5,0,5,0
32,0,32,0
3,0,3,0
0,1,1,32
9,0,9,0
2,0,2,0
13,0,13,0
0,5,5,17
0,17,17,34
12,0,12,0
0,44,44,0
2,0,2,0
6,0,6,0
33,0,33,0
1,0,1,0
0,43,43,32
0,21,21,17
19,0,19,0
695,0,695,0
13,0,13,0
1,0,1,0
0,28,28,4
58,0,58,0
0,1,1,74
1,0,1,0
5,0,5,0
54,0,54,0
43,0,43,0
3,0,3,0
0,33,33,70
70,0,70,0
16,0,16,0
3,0,3,0
2,0,2,0
1,0,1,0
0,20,20,51
20,0,20,0
16,0,16,0
1,0,1,0
0,15,15,28
17,0,17,0
7,0,7,0
0,8,8,2
0,5,5,4
12,0,12,0
0,20,20,8
14,0,14,0
1,0,1,0
3,0,3,0
2,0,2,0
7,0,7,0
2,0,2,0
0,7,7,4
0,4,4,16
2,0,2,0
0,61,61,17
0,17,17,20
0,4,4,20
7,0,7,0
112,0,112,0
28,0,28,0
115,0,115,0
1,0,1,0
1,0,1,0
2,0,2,0
7,0,7,0
6,0,6,0
14,0,14,0
3,0,3,0
2,0,2,0
7,0,7,0
10,0,10,0
34,0,34,0
2,0,2,0
62,0,62,0
0,33,33,5
0,12,12,31
9,0,9,0
1,0,1,0
20,0,20,0
96,0,96,0
0,36,36,3
6,0,6,0
13,0,13,0
1,0,1,0
103,0,103,0
189,0,189,0
0,16,16,96
2,0,2,0
0,5,5,0
3,0,3,0
2,0,2,0
59,0,59,0
109,0,109,0
2,0,2,0
10,0,10,0
0,15,15,204
14,0,14,0
0,67,67,32
0,22,22,73
11,0,11,0
6,0,6,0
19,0,19,0
3,0,3,0
13,0,13,0
6,0,6,0
0,108,108,48
47,0,47,0
2,0,2,0
45,0,45,0
3,0,3,0
168,0,168,0
1,0,1,0
0,1,1,11
5,0,5,0
7,0,7,0
30,0,30,0
18,0,18,0
3,0,3,0
0,3,3,11
0,117,117,21
11,0,11,0
0,61,61,12
15,0,15,0
1,0,1,0
36,0,36,0
0,723,723,26
4,0,4,0
38,0,38,0
0,295,295,25
0,3,3,6
2,0,2,0
17,0,17,0
14,0,14,0
20,0,20,0
1,0,1,0
4,0,4,0
19,0,19,0
1,0,1,0
0,5,5,1
1,0,1,0
13,0,13,0
1,0,1,0
0,66,66,195
12,0,12,0
10,0,10,0
0,14,14,19
2,0,2,0
0,10,10,4
1,0,1,0
4,0,4,0
70,0,70,0
0,96,96,8
86,0,86,0
0,9,9,4
9,0,9,0
64,0,64,0
8,0,8,0
16,0,16,0
0,5,5,3
7,0,7,0
2,0,2,0
18,0,18,0
21,0,21,0
0,111,111,15
7,0,7,0
1,0,1,0
72,0,72,0
686,0,686,0
33,0,33,0
61,0,61,0
133,0,133,0
0,3,3,17
2,0,2,0
2,0,2,0
8,0,8,0
71,0,71,0
17,0,17,0
45,0,45,0
3,0,3,0
2,0,2,0
2,0,2,0
3,0,3,0
30,0,30,0
0,2,2,5
30,0,30,0
3,0,3,0
669,0,669,0
0,134,134,6
64,0,64,0
0,49,49,6
153,0,153,0
2,0,2,0
4,0,4,0
169,0,169,0
0,95,95,25
15,0,15,0
0,144,144,12
130,0,130,0
29,0,29,0
0,46,46,33
19,0,19,0
1,0,1,0
0,7,7,14
0,4,4,10
7,0,7,0
27,0,27,0
0,2,2,21
1,0,1,0
6,0,6,0
6,0,6,0
6,0,6,0
1,0,1,0
0,46,46,36
3,0,3,0
8,0,8,0
0,3,3,1
2,0,2,0
131,0,131,0
0,5,5,2
2,107,109,17
16,0,16,0
0,2,2,1
7,0,7,0
1,0,1,0
0,89,89,74
4,0,4,0
0,62,62,25
3,0,3,0
8,0,8,0
1,0,1,0
0,2,2,0
1,0,1,0
0,2,2,4
4,0,4,0
41,0,41,0
2,0,2,0
0,46,46,23
38,0,38,0
2,0,2,0
2,0,2,0
11,0,11,0
0,38,38,18
2,0,2,0
66,0,66,0
0,61,61,19
13,0,13,0
27,0,27,0
3,0,3,0
2,0,2,0
2,0,2,0
0,215,215,107
1,0,1,0
2,0,2,0
1,0,1,0
1,0,1,0
3,0,3,0
44,0,44,0
0,86,86,15
27,0,27,0
1,0,1,0
0,4,4,26
1,0,1,0
0,146,146,16
0,34,34,38
2,0,2,0
0,10,10,6
5,0,5,0
11,0,11,0
0,8,8,5
9,0,9,0
0,16,16,40
9,0,9,0
0,6,6,3
3,0,3,0
249,0,249,0
0,30,30,3
42,0,42,0
4,0,4,0
2,0,2,0
5,0,5,0
0,3,3,13
1,0,1,0
0,4,4,7
1,0,1,0
43,0,43,0
7,0,7,0
5,0,5,0
30,0,30,0
1,0,1,0
7,0,7,0
0,1,1,24
1,0,1,0
0,124,124,62
35,0,35,0
2,0,2,0
10,0,10,0
59,0,59,0
1,0,1,0
12,0,12,0
136,0,136,0
11,0,11,0
1,0,1,0
125,0,125,0
3,0,3,0
14,0,14,0
94,0,94,0
1,0,1,0
0,5,5,41
2,0,2,0
55,0,55,0
6,0,6,0
42,0,42,0
1,0,1,0
13,0,13,0
1,0,1,0
5,0,5,0
1,0,1,0
0,41,41,25
0,23,23,8
2,0,2,0
21,0,21,0
12,0,12,0
3,0,3,0
0,53,53,30
54,0,54,0
6,0,6,0
19,0,19,0
7,0,7,0
0,139,139,7
195,0,195,0
6,0,6,0
0,1,1,11
69,0,69,0
29,0,29,0
0,8,8,59
1,0,1,0
25,0,25,0
0,4,4,4
11,0,11,0
0,1,1,25
0,41,41,38
29,0,29,0
0,383,383,102
9,0,9,0
0,2,2,8
0,10,10,18
3,0,3,0
0,28,28,114
4,0,4,0
21,0,21,0
7,0,7,0
1,0,1,0
49,0,49,0
14,0,14,0
1,0,1,0
86,0,86,0
0,187,187,31
0,211,211,11
34,0,34,0
3,0,3,0
3,0,3,0
2,0,2,0
0,3,3,22
1,0,1,0
8,0,8,0
15,0,15,0
1,0,1,0
1,0,1,0
68,0,68,0
0,23,23,0
1,0,1,0
4,0,4,0
0,3,3,16
10,0,10,0
0,13,13,5
10,0,10,0
69,0,69,0
34,0,34,0
2,0,2,0
21,0,21,0
4,0,4,0
140,0,140,0
25,0,25,0
24,0,24,0
0,86,86,32
84,0,84,0
157,0,157,0
1,0,1,0
1,0,1,0
63,0,63,0
49,0,49,0
1,0,1,0
0,3,3,11
11,0,11,0
1,0,1,0
0,22,22,18
4,0,4,0
16,0,16,0
0,48,48,126
8,0,8,0
7,0,7,0
0,5,5,0
1,0,1,0
16,0,16,0
29,0,29,0
8,0,8,0
68,0,68,0
0,27,27,27
38,0,38,0
1,0,1,0
0,306,306,68
9,0,9,0
0,64,64,3
2,0,2,0
1,0,1,0
43,0,43,0
1,0,1,0
0,57,57,6
29,0,29,0
5,0,5,0
30,0,30,0
0,128,128,17
20,0,20,0
5,0,5,0
2,0,2,0
1,0,1,0
19,0,19,0
2,0,2,0
0,11,11,32
0,39,39,15
4,0,4,0
0,9,9,19
0,91,91,5
52,0,52,0
0,3,3,2
0,160,160,23
19,0,19,0
0,24,24,52
0,3,3,10
2,0,2,0
2,0,2,0
1,0,1,0
0,36,36,36
0,5,5,87
0,8,8,37
1,0,1,0
8,0,8,0
0,3,3,33
0,106,106,19
2,0,2,0
0,62,62,30
7,0,7,0
10,2,12,1
0,30,30,32
8,0,8,0
129,0,129,0
0,1,1,9
311,0,311,0
1,0,1,0
1,0,1,0
8,0,8,0
22,0,22,0
1,0,1,0
0,2,2,7
0,16,16,29
18,0,18,0
56,0,56,0
1,0,1,0
334,0,334,0
16,0,16,0
310,0,310,0
0,1,1,3
1,0,1,0
1,0,1,0
1,0,1,0
1,0,1,0
14,0,14,0
3,0,3,0
0,85,85,20
143,0,143,0
2,0,2,0
0,66,66,80
1,0,1,0
0,6,6,52
8,0,8,0
0,1,1,32
2,0,2,0
1,0,1,0
0,98,98,37
0,1,1,24
0,19,19,9
144,0,144,0
1,0,1,0
1,0,1,0
34,0,34,0
17,0,17,0
4,0,4,0
18,0,18,0
26,0,26,0
57,0,57,0
0,7,7,3
4,0,4,0
24,0,24,0
1,0,1,0
8,0,8,0
7,0,7,0
0,13,13,11
1,0,1,0
1,0,1,0
0,65,65,5
31,0,31,0
0,8,8,34
4,0,4,0
0,21,21,6
4,0,4,0
6,0,6,0
23,0,23,0
0,5,5,42
2,0,2,0
1,0,1,0
0,3,3,56
2,0,2,0
57,0,57,0
0,12,12,2
169,0,169,0
66,0,66,0
1104,0,1104,0
105,0,105,0
0,1,1,2
1,0,1,0
22,0,22,0
0,32,32,0
11,0,11,0
2,0,2,0
0,25,25,18
14,0,14,0
12,0,12,0
0,40,40,3
34,0,34,0
5,0,5,0
2,0,2,0
0,12,12,10
0,8,8,31
1,0,1,0
49,0,49,0
49,0,49,0
0,133,133,122
5,0,5,0
6,0,6,0
66,0,66,0
10,0,10,0
1,0,1,0
1,0,1,0
75,0,75,0
1,0,1,0
0,5,5,44
0,1,1,2
3,0,3,0
14,0,14,0
3,0,3,0
0,9,9,15
3,0,3,0
48,0,48,0
10,0,10,0
62,0,62,0
1,0,1,0
0,25,25,44
15,0,15,0
1,0,1,0
0,15,15,50
11,0,11,0
1,0,1,0
1,0,1,0
25,0,25,0
0,37,37,27
2,0,2,0
5,0,5,0
1,0,1,0
38,0,38,0
0,6,6,8
0,5,5,6
35,0,35,0
8,95,103,15
1,0,1,0
0,158,158,3
2,0,2,0
0,20,20,49
61,0,61,0
6,0,6,0
37,0,37,0
184,0,184,0
4,0,4,0
121,0,121,0
3,0,3,0
0,180,180,115
73,0,73,0
5,0,5,0
0,2,2,5
0,2,2,1
0,84,84,5
0,117,117,66
0,3,3,34
0,116,116,39
1,0,1,0
2,0,2,0
189,0,189,0
0,3,3,2
1,0,1,0
0,1,1,7
12,0,12,0
0,155,155,38
3,0,3,0
11,0,11,0
0,6,6,26
1,0,1,0
6,0,6,0
117,0,117,0
0,2,2,1
0,54,54,68
0,115,115,9
3,0,3,0
300,0,300,0
26,0,26,0
3,0,3,0
0,2,2,0
1,0,1,0
14,0,14,0
0,215,215,88
2,0,2,0
2,0,2,0
11,0,11,0
1,0,1,0
0,53,53,99
8,0,8,0
6,0,6,0
9,0,9,0
0,4,4,14
0,25,25,3
88,0,88,0
5,0,5,0
1,0,1,0
3,0,3,0
3,0,3,0
20,0,20,0
27,0,27,0
0,2,2,2
41,0,41,0
92,0,92,0
6,0,6,0
0,45,45,39
5,0,5,0
2,0,2,0
38,0,38,0
2,0,2,0
0,16,16,106
0,29,29,13
1,0,1,0
0,32,32,0
1,0,1,0
2,0,2,0
303,0,303,0
0,141,141,10
3,0,3,0
2,0,2,0
0,249,249,83
6,0,6,0
7,0,7,0
1,0,1,0
0,5,5,44
6,0,6,0
3,0,3,0
0,12,12,3
10,0,10,0
1,0,1,0
4,0,4,0
20,0,20,0
2,0,2,0
0,190,190,14
5,0,5,0
6,0,6,0
7,0,7,0
1,0,1,0
0,4,4,7
24,0,24,0
32,0,32,0
2,0,2,0
7,0,7,0
4,0,4,0
1,0,1,0
58,0,58,0
1,0,1,0
0,40,40,12
60,0,60,0
4,0,4,0
2,0,2,0
32,0,32,0
0,2,2,1
4,0,4,0
4,0,4,0
2,0,2,0
13,0,13,0
54,0,54,0
0,11,11,7
0,11,11,13
1,0,1,0
9,0,9,0
3,0,3,0
2,0,2,0
10,0,10,4
2,0,2,0
2,0,2,0
0,5,5,0
4,0,4,19
2,0,2,0
0,13,13,14
2,0,2,0
11,0,11,0
0,3,3,13
0,2,2,8
63,0,63,0
0,23,23,8
1,0,1,0
90,0,90,0
1,0,1,0
3,0,3,0
3,0,3,0
311,0,311,0
2,0,2,0
1,0,1,0
6,0,6,0
25,0,25,0
0,1,1,12
0,1,1,3
8,0,8,0
1,0,1,0
2,0,2,0
0,2,2,1
1,0,1,0
0,17,17,40
0,1,1,7
39,0,39,0
27,0,27,0
0,14,14,4
28,0,28,0
1,0,1,0
0,17,17,3
12,0,12,0
0,6,6,1
1,0,1,0
0,8,8,12
2,0,2,0
87,0,87,0
1,0,1,0
0,14,14,33
5,0,5,0
1,0,1,0
2,0,2,0
0,2,2,11
1,0,1,0
10,0,10,0
8,0,8,0
5,0,5,0
0,1,1,24
1,0,1,0
4,0,4,0
4,0,4,0
11,0,11,0
1,0,1,0
0,3,3,10
1,0,1,0
15,0,15,0
1,0,1,0
9,0,9,0
0,1,1,1
0,150,150,26
50,0,50,0
0,2,2,3
1,0,1,0
38,0,38,0
0,109,109,110
5,0,5,0
2,0,2,0
5,0,5,0
7,0,7,0
61,0,61,0
3,0,3,0
6,0,6,0
0,8,8,5
4,0,4,0
2,26,28,1
16,0,16,0
0,3,3,25
1,0,1,0
1,0,1,0
0,3,3,23
0,14,14,15
5,0,5,0
0,2,2,1
23,0,23,0
49,0,49,0
11,0,11,0
0,1,1,2
1,0,1,0
0,513,513,24
94,0,94,0
0,8,8,65
6,0,6,0
197,0,197,0
12,0,12,0
3,0,3,0
0,5,5,21
2,0,2,0
1,0,1,0
27,0,27,0
8,0,8,0
0,2,2,23
1,0,1,0
10,0,10,0
10,0,10,0
0,20,20,15
0,8,8,22
0,3,3,1
2,0,2,0
0,1,1,4
0,70,70,27
6,0,6,0
13,0,13,0
0,122,122,56
17,0,17,0
0,39,39,8
1,0,1,0
14,0,14,0
35,0,35,0
4,0,4,0
0,36,36,7
0,2,2,83
1,0,1,0
10,0,10,0
0,56,56,60
5,0,5,0
4,0,4,0
8,0,8,0
1,0,1,0
0,43,43,56
10,0,10,0
9,0,9,0
0,342,342,74
188,0,188,0
2,0,2,0
0,11,11,8
8,0,8,0
14,0,14,0
0,1,1,4
5,0,5,0
3,0,3,0
8,0,8,0
1,0,1,0
1,0,1,0
25,0,25,0
0,36,36,37
0,7,7,2
1,0,1,0
15,0,15,0
3,0,3,0
3,0,3,0
1,0,1,0
0,46,46,1
54,0,54,0
8,0,8,0
5,0,5,0
19,0,19,0
0,1,1,2
0,19,19,8
18,0,18,0
1,0,1,0
2,0,2,0
16,0,16,0
11,0,11,0
0,2,2,6
1,0,1,0
1,0,1,0
0,1,1,4
1,0,1,0
3,0,3,0
3,0,3,0
2,0,2,0
0,1,1,34
4,0,4,0
2,0,2,0
0,6,6,2
171,0,171,0
1,0,1,0
0,11,11,13
22,0,22,0
0,9,9,90
12,0,12,0
25,0,25,0
4,0,4,0
1,0,1,0
0,4,4,71
248,0,248,0
3,0,3,0
0,77,77,38
0,774,774,152
7,0,7,0
9,0,9,0
2,0,2,0
0,169,169,134
0,11,11,14
3,0,3,0
0,1,1,13
3,0,3,0
142,0,142,0
2,0,2,0
374,0,374,0
26,0,26,0
0,2,2,17
14,0,14,0
5,0,5,0
0,11,11,46
0,24,24,121
0,4,4,4
14,0,14,0
11,0,11,0
0,124,124,40
1,0,1,0
0,7,7,5
5,0,5,0
0,78,78,103
0,1,1,29
0,274,274,20
2,0,2,0
0,12,12,27
10,0,10,0
1,0,1,0
2,0,2,0
30,0,30,0
0,1,1,10
0,19,19,0
0,2,2,23
6,0,6,0
0,106,106,4
1,0,1,0
0,2,2,15
7,0,7,0
1,0,1,0
1,0,1,0
2,0,2,0
7,0,7,0
0,7,7,3
0,3,3,16
2,0,2,0
6,0,6,0
4,0,4,0
4,0,4,0
9,0,9,0
0,54,54,10
0,40,40,95
1,0,1,0
0,17,17,70
2,0,2,0
3,0,3,0
23,0,23,0
2,0,2,0
24,0,24,0
0,173,173,14
0,16,16,6
23,0,23,0
2,0,2,0
21,0,21,0
1,0,1,0
0,10,10,2
0,1,1,19
2,0,2,0
1,0,1,0
4,0,4,0
27,0,27,0
2,0,2,0
1,0,1,0
0,10,10,65
1,0,1,0
0,165,165,23
0,41,41,5
37,0,37,0
0,2,2,2
0,55,55,4
38,0,38,0
0,155,155,19
0,101,101,12
0,35,35,0
11,0,11,0
0,1,1,1
0,1,1,11
0,6,6,4
4,0,4,0
11,0,11,0
1,0,1,0
3,0,3,0
2,0,2,0
2,0,2,0
1,0,1,0
197,0,197,0
2,0,2,0
1,0,1,0
11,0,11,0
78,0,78,0
7,0,7,0
9,0,9,0
0,30,30,30
69,0,69,0
2,0,2,0
0,4,4,13
87,0,87,0
0,4,4,4
1,0,1,0
73,0,73,0
8,0,8,0
205,0,205,0
1,0,1,0
0,103,103,16
1,0,1,0
1,0,1,0
0,3,3,4
0,34,34,88
1,0,1,0
17,0,17,0
0,2,2,1
35,0,35,0
0,2,2,4
1,0,1,0
0,4,4,67
2,0,2,0
3,0,3,0
92,0,92,0
0,2,2,31
3,0,3,0
0,1,1,1
0,207,207,72
1,0,1,0
0,4,4,30
11,0,11,0
0,1,1,5
2,0,2,0
1,0,1,0
8,0,8,0
1,0,1,0
3,0,3,0
31,0,31,0
1,0,1,0
3,0,3,0
1,0,1,0
1,0,1,0
2,0,2,0
0,1,1,1
16,0,16,0
28,0,28,0
7,0,7,0
0,5,5,20
2,0,2,0
0,19,19,2
0,17,17,2
0,119,119,70
0,32,32,3
0,1,1,3
0,131,131,63
1,0,1,0
0,1,1,15
11,0,11,0
3,0,3,0
1,0,1,0
163,0,163,0
1,0,1,0
0,1,1,17
26,0,26,0
0,14,14,2
1,0,1,0
3,115,118,44
0,1,1,10
3,0,3,0
1,0,1,0
1,0,1,0
1,0,1,0
0,185,185,100
0,23,23,9
1,0,1,0
0,1,1,1
1,0,1,0
23,0,23,0
0,8,8,4
7,0,7,0
0,140,140,13
2,0,2,0
74,0,74,0
1,0,1,0
0,5,5,1
0,329,329,19
8,0,8,0
0,1,1,15
7,0,7,0
0,6,6,9
0,3,3,7
1,0,1,0
1,0,1,0
0,2,2,28
1,0,1,0
3,0,3,0
1,0,1,0
9,0,9,0
1,0,1,0
1,0,1,0
2,0,2,0
17,0,17,0
23,0,23,0
0,2,2,2
1,0,1,0
0,73,73,20
1232,0,1232,0
2,0,2,0
0,2,2,1
0,2,2,111
56,0,56,0
0,27,27,64
10,0,10,0
2,0,2,0
1,0,1,0
0,5,5,2
1,0,1,0
28,0,28,0
2,0,2,0
53,0,53,0
0,1,1,21
0,153,153,61
5,0,5,0
0,7,7,13
2,0,2,0
0,21,21,27
17,0,17,0
0,1,1,3
19,0,19,0
1,0,1,0
7,0,7,0
0,2,2,8
0,14,14,16
6,0,6,0
1,0,1,0
27,0,27,0
0,14,14,18
1,0,1,0
0,7,7,2
0,14,14,18
2,0,2,0
0,76,76,18
20,0,20,0
2,0,2,0
0,22,22,18
2,0,2,0
1,0,1,0
1,0,1,0
47,0,47,0
3,0,3,0
1,0,1,0
2,0,2,0
1,0,1,0
2,0,2,0
0,28,28,245
0,14,14,0
2,0,2,0
5,0,5,0
35,0,35,0
0,2,2,0
1,0,1,0
1,0,1,0
0,1,1,6
0,1,1,0
23,0,23,0
0,1,1,14
6,0,6,0
79,0,79,0
40,0,40,0
0,1,1,1
0,6,6,22
3,0,3,0
0,13,13,9
2,0,2,0
0,3,3,4
1,0,1,0
153,0,153,0
4,0,4,0
1,0,1,0
0,1,1,3
2,0,2,0
31,0,31,0
0,52,52,8
2,0,2,0
0,9,9,17
0,21,21,17
1,0,1,0
14,0,14,0
0,1,1,0
8,0,8,0
0,1,1,2
0,10,10,16
8,0,8,0
48,0,48,0
0,16,16,9
0,4,4,39
7,0,7,0
2,0,2,0
2,0,2,0
1,0,1,0
0,89,89,16
0,1,1,28
0,3,3,13
16,0,16,0
7,0,7,0
10,0,10,0
0,3,3,14
1,0,1,0
7,0,7,0
152,0,152,0
0,2,2,1
0,1,1,6
2,0,2,0
0,4,4,1
0,49,49,5
3,0,3,0
14,0,14,0
1,0,1,0
1,0,1,0
0,1,1,2
0,50,50,2
0,2,2,20
0,15,15,19
1,0,1,0
47,0,47,0
0,16,16,77
15,0,15,0
0,58,58,3
55,0,55,0
5,0,5,0
0,1,1,13
0,1,1,0
1,0,1,0
104,0,104,0
0,110,110,0
0,3,3,3
3,0,3,0
0,9,9,7
1,0,1,0
0,395,395,27
1,0,1,0
1,0,1,0
2,0,2,0
30,0,30,0
0,1341,1341,45
3,0,3,0
1,0,1,0
1,0,1,0
11,0,11,0
0,12,12,11
6,0,6,0
2,0,2,0
1,0,1,0
0,145,145,21
1,0,1,0
8,0,8,0
7,0,7,0
8,0,8,0
12,0,12,0
0,6,6,102
22,0,22,0
22,0,22,0
0,47,47,18
1,0,1,0
115,0,115,0
0,45,45,56
17,0,17,0
0,3,3,30
1,0,1,0
0,1,1,0
0,12,12,3
1,0,1,0
1,0,1,0
4,0,4,0
2,0,2,0
0,47,47,9
10,0,10,0
1,0,1,0
0,63,63,0
0,2,2,0
60,0,60,0
0,228,228,23
9,0,9,0
0,139,139,7
29,0,29,0
2,0,2,0
8,0,8,0
6,0,6,0
16,0,16,0
22,0,22,0
7,0,7,0
27,0,27,0
0,58,58,32
4,0,4,0
29,0,29,0
2,0,2,0
1,0,1,0
0,1,1,1
0,17,17,79
19,0,19,0
25,0,25,0
8,0,8,0
29,0,29,0
3,0,3,0
0,18,18,20
0,2,2,1
2,0,2,0
0,1,1,83
1,0,1,0
49,0,49,0
160,0,160,0
3,0,3,0
0,1,1,24
0,1,1,4
1,0,1,0
3,0,3,0
0,103,103,60
0,4,4,128
20,0,20,0
1,0,1,0
1,0,1,0
24,0,24,0
0,15,15,10
0,5,5,29
4,0,4,0
84,0,84,0
4,0,4,0
12,0,12,0
1,0,1,0
1,0,1,0
4,0,4,0
0,2,2,3
40,0,40,0
0,131,131,13
0,20,20,5
0,123,123,19
2,0,2,0
9,0,9,0
1,0,1,0
0,2,2,35
2,0,2,0
0,62,62,51
0,15,15,23
1,0,1,0
1,0,1,0
2,0,2,0
2,0,2,0
4,0,4,0
1,0,1,0
1,0,1,0
11,0,11,0
0,1,1,30
0,1,1,1
6,1,7,5
10,0,10,0
0,18,18,7
3,0,3,0
0,18,18,13
1,0,1,0
8,0,8,0
2,0,2,0
2,0,2,0
8,0,8,0
182,0,182,0
0,1,1,1
2,0,2,0
1,0,1,0
1,0,1,0
0,10,10,10
58,0,58,0
142,0,142,0
0,604,604,113
1,0,1,0
0,24,24,6
6,0,6,0
3,0,3,0
28,0,28,0
3,0,3,0
4,0,4,0
0,1,1,8
0,1,1,11
14,0,14,0
9,0,9,0
0,261,261,199
2,0,2,0
0,11,11,2
0,5,5,42
11,0,11,0
4,0,4,0
1,0,1,0
0,148,148,25
0,89,89,14
0,21,21,46
1,0,1,0
4,0,4,0
52,0,52,0
1,0,1,0
25,0,25,0
10,0,10,0
0,2,2,5
14,0,14,0
8,0,8,0
1,0,1,0
0,2,2,22
5,0,5,0
2,0,2,0
6,0,6,0
0,211,211,36
234,0,234,0
0,15,15,10
0,36,36,1
35,0,35,0
0,5,5,15
0,4,4,71
1,0,1,0
0,23,23,1
47,0,47,0
1,0,1,0
0,15,15,6
1,0,1,0
10,0,10,0
0,218,218,33
27,0,27,0
0,26,26,30
9,0,9,0
0,1,1,5
0,29,29,1
10,0,10,0
0,61,61,23
0,34,34,73
8,0,8,0
9,0,9,0
0,18,18,92
1,0,1,0
14,0,14,0
69,0,69,0
2,0,2,0
2,0,2,0
1,0,1,0
1,0,1,0
8,0,8,0
0,20,20,41
9,0,9,0
2,0,2,0
5,0,5,0
18,0,18,0
6,0,6,0
16,0,16,0
0,105,105,7
1,0,1,0
0,47,47,8
3,0,3,0
1,0,1,0
0,53,53,5
22,0,22,0
0,40,40,32
0,59,59,22
1,0,1,0
1,0,1,0
0,2,2,1
0,176,176,0
10,0,10,0
0,61,61,18
0,10,10,7
2,0,2,0
16,0,16,0
1,0,1,0
1,0,1,0
3,0,3,0
2,0,2,0
0,4,4,46
0,6,6,14
0,1,1,8
0,18,18,22
0,3,3,84
0,4,4,1
9,0,9,0
18,0,18,0
4,0,4,0
5,0,5,0
7,0,7,0
1,0,1,0
19,0,19,0
2,0,2,0
1,0,1,0
0,1,1,22
0,47,47,36
1,0,1,0
0,44,44,8
0,9,9,45
2,0,2,0
0,53,53,16
0,13,13,5
1,0,1,0
0,29,29,32
4,0,4,0
131,0,131,0
0,4,4,15
0,373,373,12
0,140,140,14
3,0,3,0
0,74,74,20
2,0,2,0
8,0,8,0
1,0,1,0
0,2,2,3
1,0,1,0
4,0,4,0
0,99,99,10
13,0,13,0
9,0,9,0
8,0,8,0
2,0,2,0
0,10,10,10
21,0,21,0
0,11,11,11
38,0,38,0
8,0,8,0
0,10,10,35
1,0,1,0
1,0,1,0
1,0,1,0
0,3,3,21
0,91,91,92
20,0,20,0
0,3,3,15
0,2,2,0
38,0,38,0
0,1,1,11
12,0,12,0
0,32,32,0
0,27,27,3
2,0,2,0
3,0,3,0
0,2,2,5
8,0,8,0
6,0,6,0
1,0,1,0
1,0,1,0
0,1,1,0
0,23,23,49
1,0,1,0
0,32,32,34
12,0,12,0
1,0,1,0
0,1,1,0
1,0,1,0
0,12,12,116
0,11,11,0
13,0,13,0
33,0,33,0
5,0,5,0
1,0,1,0
2,0,2,0
13,0,13,0
0,3,3,41
1,0,1,0
90,0,90,0
1,0,1,0
1,0,1,0
2,0,2,0
2,0,2,0
0,14,14,3
19,0,19,0
1,0,1,0
0,6,6,10
3,0,3,0
190,0,190,0
1,0,1,0
2,0,2,0
1,0,1,0
0,23,23,20
0,539,539,184
1,0,1,0
2,0,2,0
6,0,6,0
0,6,6,14
10,0,10,0
87,0,87,0
0,1,1,53
0,2,2,0
0,34,34,31
9,0,9,0
1,0,1,0
0,57,57,9
8,0,8,0
0,1,1,18
32,0,32,0
3,0,3,0
0,2,2,5
11,0,11,0
0,1,1,7
29,0,29,0
0,1,1,4
0,347,347,31
1,0,1,0
0,1,1,5
0,6,6,11
56,0,56,0
50,0,50,0
0,13,13,6
0,1,1,0
0,2,2,3
0,20,20,2
0,1,1,17
2,0,2,0
0,30,30,42
46,0,46,0
175,0,175,0
0,44,44,9
0,35,35,14
1,0,1,0
0,19,19,15
8,0,8,0
1,0,1,0
0,104,104,27
13,0,13,0
0,1,1,3
0,1,1,9
0,1264,1264,28
1,0,1,0
28,0,28,0
0,1,1,0
7,0,7,0
0,14,14,39
0,36,36,2
1,0,1,0
0,15,15,30
0,7,7,79
145,0,145,0
2,0,2,0
1,0,1,0
0,1,1,2
0,1,1,29
0,25,25,31
1,0,1,0
0,123,123,29
0,11,11,7
15,0,15,0
1,0,1,0
7,0,7,0
165,0,165,0
1250,0,1250,0
0,2,2,3
18,0,18,0
6,0,6,0
10,0,10,0
4,0,4,0
1,0,1,0
0,1,1,1
0,10,10,20
1,0,1,0
2,0,2,0
1,0,1,0
0,8,8,2
4,0,4,0
1,0,1,0
3,0,3,0
31,0,31,0
0,1,1,0
1,0,1,0
1,0,1,0
45,0,45,0
0,70,70,0
0,35,35,51
1,0,1,0
0,103,103,20
0,13,13,35
2,0,2,0
0,1,1,7
20,0,20,0
0,3,3,1
20,0,20,0
1,0,1,0
0,61,61,9
23,0,23,0
39,0,39,0
1,0,1,0
1,0,1,0
52,0,52,0
38,0,38,0
78,0,78,0
48,0,48,0
30,0,30,0
3,0,3,0
1,0,1,0
0,118,118,3
30,0,30,0
0,7,7,4
9,0,9,0
1,0,1,0
0,1,1,48
0,25,25,45
1,0,1,0
1,0,1,0
11,0,11,0
63,0,63,0
0,1,1,26
14,0,14,0
1,0,1,0
19,0,19,0
2,0,2,0
64,0,64,0
1,0,1,0
3,0,3,0
0,55,55,6
2,0,2,0
16,0,16,0
1,0,1,0
37,0,37,0
0,14,14,3
0,4,4,11
17,0,17,0
2,0,2,0
0,370,370,16
39,0,39,0
1,0,1,0
6,0,6,0
1,0,1,0
2,0,2,0
14,0,14,0
0,41,41,5
0,64,64,8
0,1,1,2
0,455,455,31
0,3,3,4
5,0,5,0
1,0,1,0
0,89,89,0
4,0,4,0
0,8,8,5
49,0,49,0
0,54,54,9
0,2,2,6
10,0,10,0
0,12,12,57
13,0,13,0
18,0,18,0
3,0,3,0
49,0,49,0
0,4,4,33
2,0,2,0
12,0,12,0
1,0,1,0
101,0,101,0
0,3,3,54
0,128,128,0
32,0,32,0
13,0,13,0
1,0,1,0
0,25,25,22
13,0,13,0
0,4,4,35
0,5,5,3
1,0,1,0
11,0,11,0
1,0,1,0
1,0,1,0
0,5,5,14
55,0,55,0
5,0,5,0
1,0,1,0
4,0,4,0
3,0,3,0
163,0,163,0
0,23,23,38
0,1,1,0
8,0,8,0
5,0,5,0
2,0,2,0
4,0,4,0
0,3,3,4
58,0,58,0
148,0,148,0
24,0,24,0
0,1,1,27
3,0,3,0
0,4,4,7
0,2,2,0
9,0,9,0
22,0,22,0
1,0,1,0
1,0,1,0
22,0,22,0
0,14,14,0
1,0,1,0
0,4,4,0
13,0,13,0
1,0,1,0
8,0,8,0
51,0,51,0
1,0,1,0
40,0,40,0
20,0,20,0
0,248,248,8
4,0,4,0
10,0,10,0
1,0,1,0
0,32,32,64
1,0,1,0
0,68,68,39
0,54,54,20
81,0,81,0
1,0,1,0
11,0,11,0
1,0,1,0
34,0,34,0
166,0,166,0
62,0,62,0
1,0,1,0
0,325,325,26
2,0,2,0
3,0,3,0
0,7,7,63
1,0,1,0
0,1,1,59
0,51,51,4
45,0,45,0
1,0,1,0
0,4,4,29
0,58,58,7
2,0,2,0
1,0,1,0
4,0,4,0
0,19,19,10
32,0,32,0
1,0,1,0
17,0,17,0
0,48,48,9
70,0,70,0
20,0,20,0
0,11,11,11
4,0,4,0
0,1,1,33
0,85,85,27
10,0,10,0
8,0,8,0
0,13,13,4
7,0,7,0
7,0,7,0
0,15,15,3
9,0,9,0
57,0,57,0
1,0,1,0
0,2,2,0
0,12,12,12
0,134,134,40
83,0,83,0
1,0,1,0
10,0,10,0
0,1,1,2
16,0,16,0
0,134,134,51
0,2,2,19
40,0,40,0
15,0,15,0
0,18,18,16
34,0,34,0
0,63,63,1
61,0,61,0
1,0,1,0
2,0,2,0
1,0,1,0
0,16,16,0
0,2,2,23
21,0,21,0
17,0,17,0
7,0,7,0
0,1,1,5
0,17,17,3
3,0,3,0
1,0,1,0
140,0,140,0
0,196,196,74
11,0,11,0
12,0,12,0
0,147,147,193
4,0,4,0
0,2,2,9
1,0,1,0
5,0,5,0
0,336,336,42
0,11,11,48
32,0,32,0
0,36,36,18
1,0,1,0
0,110,110,6
5,0,5,0
0,3,3,0
11,0,11,0
2,0,2,0
35,0,35,0
9,0,9,0
0,4,4,10
116,0,116,0
2,0,2,0
2,0,2,0
13,0,13,0
0,1,1,9
134,0,134,0
0,3,3,8
2,0,2,0
1,0,1,0
0,1,1,12
0,1,1,2
336,0,336,0
0,61,61,137
90,0,90,0
0,2,2,0
0,76,76,58
41,0,41,0
0,1,1,1
2,0,2,0
0,118,118,113
36,0,36,0
0,21,21,2
1,0,1,0
0,14,14,6
1,0,1,0
0,6,6,26
41,0,41,0
0,22,22,7
0,4,4,8
1,0,1,0
4,0,4,0
0,2,2,0
14,0,14,0
2,0,2,0
0,3,3,58
191,0,191,0
0,1,1,23
1,0,1,0
0,3,3,28
2,0,2,0
3,0,3,0
1,0,1,0
33,0,33,0
0,11,11,9
0,4,4,0
0,2,2,14
7,0,7,0
3,0,3,0
34,0,34,0
8,0,8,0
0,14,14,10
1,0,1,0
2,0,2,0
3,0,3,0
0,28,28,20
4,0,4,0
8,0,8,0
17,0,17,0
0,24,24,3
197,0,197,0
8,0,8,0
30,0,30,0
4,0,4,0
4,0,4,0
12,0,12,0
17,0,17,0
3,0,3,0
0,26,26,8
23,0,23,0
0,6,6,23
2,0,2,0
0,19,19,56
4,0,4,0
0,2,2,2
0,91,91,27
41,0,41,0
2,0,2,0
13,0,13,0
2,0,2,0
0,3,3,0
8,0,8,0
0,202,202,34
219,0,219,0
4,0,4,0
0,84,84,36
1,0,1,0
9,0,9,0
8,0,8,0
100,0,100,0
3,0,3,0
0,3,3,54
15,0,15,0
14,0,14,0
1,0,1,0
0,22,22,2
14,0,14,0
0,1,1,3
4,0,4,0
3,0,3,0
33,0,33,0
2,0,2,0
2,0,2,0
12,0,12,0
0,8,8,6
4,0,4,0
3,0,3,0
6,0,6,0
0,56,56,19
5,0,5,0
3,0,3,0
0,198,198,11
0,10,10,38
3,0,3,0
1,0,1,0
0,53,53,25
1,0,1,0
18,0,18,0
113,0,113,0
43,0,43,0
0,475,475,27
79,0,79,0
3,0,3,0
34,0,34,0
0,4,4,0
3,0,3,0
0,3,3,94
63,0,63,0
1,0,1,0
1,0,1,0
11,0,11,0
15,0,15,0
6,0,6,0
225,0,225,0
2,0,2,0
9,0,9,0
139,0,139,0
1,0,1,0
2,0,2,0
0,53,53,17
0,1,1,11
2,0,2,0
1,0,1,0
0,2,2,27
0,41,41,30
32,0,32,0
5,0,5,0
0,3,3,9
11,0,11,0
0,20,20,2
3,0,3,0
41,0,41,0
4,0,4,0
1,0,1,0
23,0,23,0
0,37,37,4
0,1,1,1
7,0,7,0
10,0,10,0
0,35,35,19
2,0,2,0
0,20,20,18
0,77,77,7
0,32,32,3
37,0,37,0
145,0,145,0
19,0,19,0
1,0,1,0
2,0,2,0
0,10,10,7
1,0,1,0
110,0,110,0
2,0,2,0
6,0,6,0
6,0,6,0
0,230,230,32
12,0,12,0
0,1,1,6
2,0,2,0
3,0,3,0
2,0,2,0
3,0,3,0
2,0,2,0
0,6,6,20
15,0,15,0
410,0,410,0
0,401,401,60
3,0,3,0
2,0,2,0
0,22,22,2
5,0,5,0
8,0,8,0
0,8,8,25
106,0,106,0
2,0,2,0
4,0,4,0
55,0,55,0
13,0,13,0
0,1,1,33
16,0,16,0
0,175,175,66
14,0,14,0
2,0,2,0
19,0,19,0
68,0,68,0
0,2,2,8
6,0,6,0
2,0,2,0
1,0,1,0
12,0,12,0
62,0,62,0
0,6,6,19
3,0,3,0
5,0,5,0
5,0,5,0
0,40,40,6
2,0,2,0
0,71,71,6
16,0,16,0
8,0,8,0
115,0,115,0
5,0,5,0
2,0,2,0
0,4,4,6
1,0,1,0
1,0,1,0
0,9,9,14
0,18,18,6
25,0,25,0
19,0,19,0
0,94,94,7
2,0,2,0
1,0,1,0
2,0,2,0
0,82,82,62
39,0,39,0
10,0,10,0
2,0,2,0
23,0,23,0
0,2,2,5
2,0,2,0
1,0,1,0
21,0,21,0
9,0,9,0
5,0,5,0
2,0,2,0
0,34,34,13
13,0,13,0
0,31,31,7
0,5,5,1
0,76,76,45
13,0,13,0
3,0,3,0
0,7,7,2
50,0,50,0
1,0,1,0
2,0,2,0
1,0,1,0
21,0,21,0
2,0,2,0
126,0,126,0
1,0,1,0
0,48,48,6
1,0,1,0
1,0,1,0
24,111,135,7
3,0,3,0
0,43,43,3
453,0,453,0
5,0,5,0
0,2,2,14
34,0,34,0
9,0,9,0
0,16,16,15
17,0,17,0
1,0,1,0
0,3,3,2
6,0,6,0
5,0,5,0
0,3,3,31
0,62,62,29
20,0,20,0
0,43,43,22
16,0,16,0
0,24,24,206
0,142,142,0
0,193,193,46
20,0,20,0
0,2,2,2
0,30,30,1
29,0,29,0
2,0,2,0
26,0,26,0
0,4,4,2
6,0,6,0
1,0,1,0
2,0,2,0
1,0,1,0
9,0,9,0
1,0,1,0
1,0,1,0
1,0,1,0
1,0,1,0
0,133,133,74
9,0,9,0
1,0,1,0
1,0,1,0
14,0,14,0
1,0,1,0
9,0,9,0
1,0,1,0
0,7,7,10
1,0,1,0
5,0,5,0
32,0,32,0
11,0,11,0
2,0,2,0
5,0,5,0
144,0,144,0
2,0,2,0
33,0,33,0
0,16,16,1
18,0,18,0
32,0,32,0
99,0,99,0
5,0,5,0
1,0,1,0
43,0,43,0
1,0,1,0
0,1,1,77
0,26,26,17
1,0,1,0
13,0,13,0
0,2,2,0
0,1,1,72
0,12,12,1
0,81,81,46
16,0,16,0
0,181,181,9
8,0,8,0
0,2,2,0
3,0,3,0
181,0,181,0
0,366,366,16
1,0,1,0
2,0,2,0
4,0,4,0
14,0,14,0
0,8,8,16
2,0,2,0
0,13,13,68
1,0,1,0
1,0,1,0
19,0,19,0
0,16,16,15
12,0,12,0
6,0,6,0
0,205,205,5
0,2,2,3
64,0,64,0
1,0,1,0
2,0,2,0
5,0,5,0
0,6,6,4
2,0,2,0
6,0,6,0
2,0,2,0
0,2,2,16
1,0,1,0
107,0,107,0
1,0,1,0
2,0,2,0
5,0,5,0
0,25,25,26
1,0,1,0
9,0,9,0
15,0,15,0
1,0,1,0
2,0,2,0
12,0,12,0
0,38,38,12
23,0,23,0
5,0,5,0
3,0,3,0
4,0,4,0
193,0,193,0
1,0,1,0
5,0,5,0
1,0,1,0
0,10,10,10
3,0,3,0
53,0,53,0
7,0,7,0
1,0,1,0
1,0,1,0
1,0,1,0
3,0,3,0
275,0,275,0
12,0,12,0
1,0,1,0
40,0,40,0
6,0,6,0
17,0,17,0
0,56,56,20
28,0,28,0
0,215,215,51
90,0,90,0
10,0,10,0
0,42,42,29
29,0,29,0
0,28,28,11
0,37,37,17
0,16,16,14
117,0,117,0
0,3,3,4
0,134,134,6
0,159,159,7
11,0,11,0
4,0,4,0
0,1,1,17
13,0,13,0
8,0,8,0
10,0,10,0
0,4,4,9
18,0,18,0
13,0,13,0
0,9,9,9
1,0,1,0
7,0,7,0
0,59,59,23
1,0,1,0
21,0,21,0
0,15,15,115
0,23,23,35
4,0,4,0
0,17,17,63
4,0,4,0
3,0,3,0
3,0,3,0
81,0,81,0
1,0,1,0
3,0,3,0
17,0,17,0
0,16,16,0
54,0,54,0
9,0,9,0
1,0,1,0
0,104,104,14
5,0,5,0
3,0,3,0
23,0,23,0
5,0,5,0
0,2,2,4
71,0,71,0
0,11,11,2
57,0,57,0
15,0,15,0
1,0,1,0
0,5,5,2
0,12,12,2
2,0,2,0
2,0,2,0
23,0,23,0
0,233,233,64
1,0,1,0
4,0,4,0
2,0,2,0
10,0,10,0
0,259,259,12
0,12,12,33
8,0,8,0
27,0,27,0
0,2,2,9
0,10,10,17
2,0,2,0
0,2,2,0
11,0,11,0
0,3,3,11
2,0,2,0
7,0,7,0
1,0,1,0
0,9,9,1
0,5,5,77
767,0,767,0
321,0,321,0
7,0,7,0
31,0,31,0
46,0,46,0
0,10,10,24
13,0,13,0
0,75,75,139
0,4,4,7
4,0,4,0
0,28,28,15
21,0,21,0
0,5,5,5
8,0,8,0
0,2,2,2
22,0,22,0
7,0,7,0
0,176,176,12
14,0,14,0
0,4,4,4
36,0,36,0
3,0,3,0
0,37,37,50
1,0,1,0
10,0,10,0
0,1,1,8
5,0,5,0
22,0,22,0
1,0,1,0
5,0,5,0
1,0,1,0
0,54,54,9
0,3,3,6
18,0,18,0
0,46,46,65
26,0,26,0
46,0,46,0
0,48,48,36
28,0,28,0
3,0,3,0
0,7,7,57
4,0,4,0
218,0,218,0
0,3,3,5
7,0,7,0
4,0,4,0
1,0,1,0
0,1,1,5
33,0,33,0
1,0,1,0
0,41,41,48
2,0,2,0
1,0,1,0
22,0,22,0
37,0,37,0
5,0,5,0
1,0,1,0
0,14,14,24
1,0,1,0
3,0,3,0
101,0,101,0
0,41,41,10
21,0,21,0
12,0,12,0
0,139,139,7
120,0,120,0
0,15,15,9
12,0,12,0
17,0,17,0
0,1,1,14
6,0,6,0
20,0,20,0
12,0,12,0
44,0,44,0
1,0,1,0
0,59,59,7
0,4,4,7
4,0,4,0
268,0,268,0
9,0,9,0
0,18,18,121
12,0,12,0
6,0,6,0
2,0,2,0
50,0,50,0
2,0,2,0
0,11,11,0
9,0,9,0
0,162,162,32
9,0,9,0
0,34,34,19
0,4,4,1
0,88,88,20
17,0,17,0
1,0,1,0
30,0,30,0
20,0,20,0
1,0,1,0
1,0,1,0
10,0,10,0
0,3,3,4
8,0,8,0
0,34,34,27
14,0,14,0
4,0,4,0
47,0,47,0
1,0,1,0
0,61,61,114
56,0,56,0
0,112,112,15
5,0,5,0
0,46,46,4
2,0,2,0
0,184,184,26
3,0,3,0
1,0,1,0
69,0,69,0
1,0,1,0
2,0,2,0
0,17,17,10
4,0,4,0
0,2,2,23
13,0,13,0
204,0,204,0
25,0,25,0
3,0,3,0
7,0,7,0
0,16,16,26
1,0,1,0
1,0,1,0
4,0,4,0
0,48,48,43
62,0,62,0
3,0,3,0
12,0,12,0
49,0,49,0
67,0,67,0
0,1,1,63
0,208,208,19
7,0,7,0
0,7,7,0
3,0,3,0
0,133,133,17
6,0,6,0
1,0,1,0
38,0,38,0
0,21,21,11
3,0,3,0
0,168,168,22
7,0,7,0
2,0,2,0
2,0,2,0
11,0,11,0
0,1,1,22
168,0,168,0
38,0,38,0
0,1,1,73
1,0,1,0
4,0,4,0
8,0,8,0
0,22,22,14
10,0,10,0
0,100,100,99
0,15,15,4
5,0,5,0
0,36,36,1
0,191,191,13
0,227,227,3
323,0,323,0
4,0,4,0
2,0,2,0
3,0,3,0
286,0,286,0
0,68,68,28
10,0,10,0
0,83,83,18
12,0,12,0
19,0,19,0
5,0,5,0
0,29,29,7
5,0,5,0
1,0,1,0
0,10,10,123
3,0,3,0
0,17,17,7
3,0,3,0
6,0,6,0
4,0,4,0
0,12,12,24
1,0,1,0
0,24,24,2
0,5,5,18
3,0,3,0
10,0,10,0
1,0,1,0
1,0,1,0
4,0,4,0
11,0,11,0
0,58,58,11
3,0,3,0
3,0,3,0
18,0,18,0
119,0,119,0
7,0,7,0
0,4,4,0
4,0,4,0
1,0,1,0
0,18,18,14
139,0,139,0
0,32,32,5
3,0,3,0
0,19,19,56
3,0,3,0
28,0,28,0
52,0,52,0
104,0,104,0
0,5,5,6
0,5,5,62
9,0,9,0
3,0,3,0
5,0,5,0
12,0,12,0
459,0,459,0
13,0,13,0
96,0,96,0
11,0,11,0
19,0,19,0
3,0,3,0
16,0,16,0
57,0,57,0
0,56,56,9
5,0,5,0
8,0,8,0
111,0,111,0
0,28,28,21
5,0,5,0
1,0,1,0
4,0,4,0
0,1,1,11
7,0,7,0
3,0,3,0
7,0,7,0
7,0,7,0
13,0,13,0
0,6,6,3
0,305,305,85
3,0,3,0
0,308,308,32
0,1,1,5
184,0,184,0
0,3,3,1
57,0,57,0
7,0,7,0
0,23,23,77
12,0,12,0
2,0,2,0
0,21,21,22
0,1,1,0
63,0,63,0
1,0,1,0
0,210,210,0
60,0,60,0
0,3,3,2
0,48,48,52
1,0,1,0
0,1,1,2
123,0,123,0
0,543,543,77
0,10,10,0
3,0,3,0
2,0,2,0
4,0,4,0
26,0,26,0
15,0,15,0
0,5,5,5
24,0,24,0
6,0,6,0
2,0,2,0
0,34,34,8
28,0,28,0
0,2,2,27
35,0,35,0
7,0,7,0
17,0,17,0
6,0,6,0
8,0,8,0
2,0,2,0
1,0,1,0
34,0,34,0
0,62,62,130
4,0,4,0
3,0,3,0
23,0,23,0
2,0,2,0
2,0,2,0
10,0,10,0
72,0,72,0
0,703,703,60
1,0,1,0
10,0,10,0
6,0,6,0
7,0,7,0
0,2,2,2
0,6,6,27
2,0,2,0
6,0,6,0
6,0,6,0
0,11,11,8
5,0,5,0
15,0,15,0
25,0,25,0
1,0,1,0
3,0,3,0
5,0,5,0
0,7,7,7
8,0,8,0
0,212,212,57
27,0,27,0
101,0,101,0
0,22,22,25
59,0,59,0
0,3,3,12
1,0,1,0
16,0,16,0
0,10,10,0
11,0,11,0
0,212,212,15
12,0,12,0
88,0,88,0
164,0,164,0
95,0,95,0
1,0,1,0
9,0,9,0
9,0,9,0
0,117,117,201
0,14,14,48
3,0,3,0
0,34,34,18
0,36,36,19
39,0,39,0
5,0,5,0
26,0,26,0
0,10,10,36
12,0,12,0
0,16,16,232
0,1,1,49
1418,0,1418,0
2,0,2,0
14,0,14,0
0,1,1,4
12,0,12,0
30,0,30,0
3,0,3,0
41,0,41,0
0,3,3,31
1,0,1,0
7,0,7,0
0,3,3,20
0,81,81,53
14,0,14,0
40,0,40,0
0,3,3,1
0,1,1,60
0,1,1,0
30,0,30,0
0,9,9,84
0,151,151,0
1,0,1,0
1,0,1,0
18,0,18,0
32,0,32,0
25,0,25,0
100,0,100,0
0,14,14,14
6,0,6,0
215,0,215,0
0,16,16,29
9,0,9,0
130,0,130,0
20,0,20,0
0,41,41,39
3,0,3,0
1,0,1,0
3,0,3,0
0,32,32,21
0,6,6,57
0,85,85,21
0,9,9,18
9,0,9,0
4,0,4,0
33,0,33,0
1,0,1,0
27,0,27,0
0,31,31,19
119,0,119,0
6,0,6,0
0,123,123,33
1,0,1,0
0,3,3,15
2,0,2,0
17,0,17,0
31,0,31,0
8,0,8,0
0,8,8,38
1,0,1,0
65,0,65,0
0,4,4,36
2,0,2,0
168,0,168,0
0,111,111,37
3,0,3,0
7,0,7,0
0,156,156,82
0,7,7,7
2,0,2,0
0,6,6,6
0,2,2,23
6,0,6,0
0,5,5,35
4,0,4,0
1,0,1,0
0,4,4,28
3,0,3,0
0,22,22,0
47,0,47,0
0,2,2,4
7,0,7,0
14,0,14,0
143,0,143,0
6,0,6,0
5,0,5,0
1,0,1,0
1,0,1,0
1,0,1,0
24,0,24,0
0,15,15,14
10,0,10,0
8,0,8,0
0,9,9,2
6,0,6,0
21,0,21,0
0,59,59,3
9,0,9,0
0,2,2,2
1,6,7,9
2,0,2,0
4,0,4,0
67,0,67,0
0,15,15,60
3,0,3,0
9,0,9,0
29,0,29,0
0,16,16,19
0,20,20,25
3,0,3,0
0,98,98,19
8,0,8,0
0,23,23,39
1,0,1,0
9,0,9,0
0,12,12,0
4,0,4,0
3,0,3,0
1,0,1,0
0,3,3,13
3,0,3,0
4,0,4,0
27,0,27,0
77,0,77,0
216,0,216,0
53,0,53,0
0,20,20,1
5,0,5,0
1,0,1,0
3,0,3,0
0,146,146,33
25,0,25,0
0,66,66,94
16,0,16,0
2,0,2,0
5,0,5,0
0,67,67,58
2,0,2,0
8,0,8,0
3,0,3,0
0,7,7,11
30,0,30,0
0,22,22,72
190,0,190,0
0,68,68,47
48,0,48,0
80,0,80,0
0,9,9,4
54,0,54,0
1,0,1,0
3,0,3,0
23,0,23,0
0,14,14,40
28,0,28,0
6,0,6,0
0,42,42,35
1,0,1,0
2,0,2,0
0,2,2,155
3,0,3,0
0,267,267,32
11,0,11,0
0,34,34,14
0,47,47,1
7,0,7,0
10,0,10,0
0,1,1,1
3,0,3,0
1,0,1,0
0,8,8,0
8,0,8,0
10,0,10,0
16,0,16,0
6,0,6,0
0,199,199,8
4,0,4,0
0,44,44,13
5,0,5,0
5,0,5,0
3,0,3,0
5,0,5,0
36,0,36,0
2,0,2,0
1,0,1,0
19,0,19,0
0,65,65,80
17,0,17,0
1,0,1,0
0,23,23,15
15,0,15,0
161,0,161,0
4,0,4,0
2,0,2,0
11,0,11,0
0,11,11,34
155,0,155,0
6,0,6,0
0,194,194,43
66,0,66,0
1,0,1,0
0,10,10,42
25,0,25,0
2,0,2,0
0,13,13,5
13,0,13,0
0,43,43,37
15,0,15,0
7,0,7,0
5,0,5,0
5,0,5,0
0,4,4,3
5,0,5,0
11,0,11,0
13,0,13,0
0,114,114,12
3,0,3,0
1,0,1,0
1,0,1,0
133,0,133,0
4,0,4,0
0,144,144,30
31,0,31,0
9,0,9,0
0,20,20,48
36,0,36,0
0,303,303,31
10,0,10,0
0,66,66,59
2,0,2,0
77,0,77,0
0,4,4,9
0,160,160,45
6,0,6,0
0,140,140,18
6,0,6,0
1,0,1,0
0,76,76,11
77,0,77,0
2,0,2,0
19,0,19,0
0,42,42,15
11,0,11,0
58,0,58,0
0,36,36,22
79,0,79,0
22,0,22,0
0,81,81,37
0,1,1,29
5,0,5,0
0,196,196,11
13,0,13,0
114,0,114,0
0,17,17,80
13,0,13,0
350,0,350,0
2,0,2,0
11,0,11,0
1,0,1,0
39,0,39,0
0,21,21,8
11,0,11,0
0,45,45,2
3,0,3,0
0,54,54,10
0,1,1,219
0,18,18,90
3,0,3,0
5,0,5,0
2,0,2,0
1,0,1,0
0,28,28,7
23,0,23,0
0,1,1,108
257,0,257,0
2,0,2,0
0,446,446,27
6,0,6,0
4,0,4,0
16,0,16,0
33,0,33,0
17,0,17,0
4,0,4,0
2,0,2,0
0,68,68,27
3,0,3,0
3,0,3,0
31,0,31,0
8,0,8,0
0,23,23,18
1,0,1,0
5,0,5,0
8,0,8,0
0,9,9,1
1,0,1,0
5,0,5,0
0,16,16,24
1,0,1,0
51,0,51,0
0,155,155,21
19,0,19,0
1,0,1,0
0,61,61,5
18,0,18,0
3,0,3,0
4,0,4,0
9,0,9,0
0,1,1,0
5,0,5,0
4,0,4,0
7,0,7,0
2,0,2,0
0,3,3,13
1,0,1,0
9,0,9,0
0,18,18,108
3,0,3,0
8,0,8,0
2,0,2,0
3,0,3,0
57,0,57,0
0,44,44,18
1,0,1,0
3,0,3,0
1,0,1,0
1,0,1,0
0,34,34,16
32,0,32,0
2,0,2,0
8,0,8,0
1,0,1,0
3,0,3,0
3,0,3,0
0,3,3,123
0,4,4,23
0,4,4,29
0,7,7,21
0,3,3,40
16,0,16,0
0,319,319,25
2,0,2,0
6,0,6,0
6,0,6,0
0,15,15,5
2,0,2,0
3,0,3,0
30,0,30,0
2,0,2,0
0,1,1,15
16,0,16,0
0,4,4,55
31,0,31,0
0,1,1,0
0,74,74,81
10,0,10,0
1,0,1,0
6,0,6,0
0,53,53,111
0,11,11,23
4,0,4,0
0,10,10,20
1,0,1,0
0,2,2,5
1,0,1,0
4,0,4,0
0,1,1,3
0,39,39,4
7,0,7,0
1,0,1,0
29,0,29,0
10,0,10,0
15,0,15,0
0,8,8,3
1,0,1,0
0,59,59,105
1,0,1,0
4,0,4,0
0,15,15,8
7,0,7,0
71,0,71,0
7,0,7,0
12,0,12,0
4,0,4,0
0,13,13,46
5,0,5,0
0,192,192,13
189,0,189,0
2,0,2,0
31,0,31,0
19,0,19,0
7,0,7,0
1,0,1,0
6,0,6,0
6,0,6,0
1,0,1,0
7,0,7,0
0,3,3,7
12,0,12,0
6,0,6,0
18,0,18,0
0,12,12,13
1,0,1,0
3,0,3,0
1,0,1,0
0,2,2,0
3,0,3,0
2,0,2,0
1,0,1,0
4,0,4,0
1,0,1,0
10,0,10,0
0,127,127,9
1,0,1,0
9,0,9,0
3,0,3,0
1,0,1,0
1,0,1,0
5,0,5,0
5,0,5,0
5,0,5,0
0,65,65,9
22,0,22,0
14,0,14,0
4,0,4,0
2,0,2,0
0,4,4,12
3,0,3,0
5,0,5,0
1,0,1,0
2,0,2,0
11,0,11,0
9,0,9,0
47,0,47,0
3,0,3,0
9,0,9,0
1,0,1,0
0,25,25,5
31,0,31,0
0,12,12,7
4,0,4,0
0,16,16,0
0,61,61,9
34,0,34,0
33,0,33,0
0,1,1,2
3,0,3,0
0,1,1,122
2,0,2,0
5,0,5,0
1,0,1,0
1,0,1,0
0,9,9,7
174,0,174,0
1,0,1,0
1,0,1,0
0,5,5,12
9,0,9,0
1,0,1,0
2,0,2,0
1,0,1,0
58,0,58,0
30,0,30,0
0,11,11,4
45,0,45,0
0,2,2,7
2,0,2,0
0,2,2,13
0,11,11,7
32,0,32,0
3,0,3,0
0,3,3,8
1,0,1,0
1,0,1,0
2,0,2,0
2,0,2,0
0,4,4,3
0,25,25,16
20,0,20,0
0,2,2,6
4,0,4,0
4,0,4,0
0,8,8,8
95,0,95,0
30,0,30,0
23,0,23,0
5,0,5,0
31,0,31,0
75,0,75,0
50,0,50,0
1,0,1,0
3,0,3,0
1,0,1,0
1,0,1,0
0,4,4,0
5,0,5,0
0,111,111,22
14,0,14,0
0,36,36,9
2,0,2,0
25,0,25,0
24,0,24,0
22,0,22,0
1,0,1,0
1,0,1,0
0,1,1,29
0,42,42,12
17,0,17,0
104,0,104,0
4,0,4,0
0,3,3,5
186,0,186,0
0,9,9,3
0,23,23,21
4,0,4,0
0,2,2,2
3,0,3,0
0,3,3,8
14,0,14,0
0,158,158,41
6,0,6,0
91,0,91,0
1,0,1,0
1,0,1,0
0,64,64,17
170,0,170,0
0,47,47,39
1,0,1,0
1,0,1,0
0,13,13,148
0,169,169,4
152,0,152,0
1,0,1,0
7,0,7,0
0,2,2,5
34,0,34,0
21,0,21,0
5,0,5,0
2,0,2,0
45,0,45,0
0,31,31,27
7,0,7,0
3,0,3,0
5,0,5,0
23,0,23,0
5,0,5,0
63,0,63,0
0,3,3,1
0,10,10,0
3,0,3,0
10,0,10,0
39,0,39,0
70,0,70,0
0,8,8,26
1,0,1,0
11,0,11,0
9,0,9,0
6,0,6,0
0,8,8,3
1,0,1,0
5,0,5,0
0,33,33,57
0,16,16,8
27,0,27,0
91,0,91,0
5,0,5,0
0,41,41,93
4,0,4,0
7,0,7,0
0,9,9,40
27,0,27,0
55,0,55,0
1,0,1,0
14,0,14,0
1,0,1,0
0,2,2,11
4,0,4,0
7,0,7,0
0,6,6,10
21,0,21,0
4,0,4,0
14,0,14,0
0,26,26,17
1,0,1,0
1,0,1,0
23,0,23,0
0,774,774,20
0,2,2,9
21,0,21,0
737,0,737,0
12,0,12,0
0,94,94,73
8,0,8,0
129,0,129,0
5,0,5,0
6,0,6,0
0,131,131,9
26,0,26,0
3,0,3,0
47,0,47,0
1,0,1,0
4,0,4,0
1,0,1,0
2,0,2,0
8,0,8,0
3,0,3,0
0,594,594,40
19,0,19,0
1,0,1,0
7,0,7,0
0,2,2,20
6,0,6,0
18,0,18,0
0,1,1,3
48,0,48,0
47,0,47,0
1,0,1,0
264,0,264,0
8,0,8,0
6,0,6,0
13,0,13,0
3,0,3,0
7,0,7,0
0,36,36,12
0,38,38,18
75,0,75,0
0,27,27,99
3,0,3,0
14,0,14,0
0,1,1,18
10,0,10,0
0,1,1,10
213,0,213,0
1,0,1,0
42,0,42,0
6,0,6,0
7,0,7,0
494,0,494,0
0,616,616,26
39,0,39,0
5,0,5,0
30,0,30,0
5,0,5,0
0,63,63,60
1,0,1,0
1,0,1,0
62,0,62,0
6,0,6,0
1,0,1,0
0,65,65,2
67,0,67,0
8,0,8,0
3,0,3,0
5,0,5,0
13,0,13,0
5,0,5,0
2,0,2,0
1,0,1,0
0,108,108,158
53,0,53,0
0,1,1,0
17,0,17,0
3,0,3,0
20,0,20,0
7,0,7,0
16,0,16,0
3,0,3,0
3,0,3,0
1,0,1,0
1,0,1,0
0,3,3,69
14,0,14,0
5,0,5,0
29,0,29,0
2,0,2,0
0,72,72,32
8,0,8,0
0,16,16,20
4,0,4,0
7,0,7,0
109,0,109,0
4,0,4,0
0,34,34,4
0,81,81,58
6,0,6,0
24,0,24,0
19,0,19,0
5,0,5,0
0,1,1,7
633,0,633,0
0,19,19,18
0,12,12,0
4,0,4,0
7,0,7,0
0,3,3,24
1,0,1,0
4,0,4,0
1,0,1,0
2,0,2,0
0,63,63,0
38,0,38,0
2,0,2,0
1,0,1,0
197,0,197,0
0,12,12,17
3,0,3,0
0,47,47,15
18,0,18,0
2,0,2,0
19,0,19,0
28,0,28,0
1,0,1,0
23,0,23,0
0,4,4,118
49,0,49,0
51,0,51,0
7,0,7,0
0,7,7,1
8,0,8,0
2,0,2,0
0,107,107,34
0,341,341,56
106,0,106,0
0,4,4,0
9,0,9,0
5,0,5,0
0,34,34,11
15,0,15,0
347,0,347,0
18,0,18,0
161,0,161,0
1,0,1,0
38,0,38,0
0,23,23,6
3,0,3,0
1,0,1,0
0,214,214,13
37,0,37,0
0,44,44,6
32,0,32,0
1,0,1,0
4,0,4,0
13,0,13,0
22,0,22,0
65,0,65,0
0,12,12,18
11,0,11,0
108,0,108,0
3,0,3,0
4,0,4,0
35,0,35,0
0,16,16,9
5,0,5,0
21,0,21,0
0,16,16,0
0,51,51,15
1,0,1,0
54,0,54,0
0,16,16,11
0,6,6,0
12,0,12,0
65,0,65,0
1,0,1,0
0,7,7,63
18,0,18,0
71,0,71,0
18,0,18,0
0,6,6,1
2,0,2,0
2,0,2,0
107,0,107,0
4,0,4,0
3,0,3,0
0,5,5,1
0,18,18,20
3,0,3,0
1,0,1,0
1,0,1,0
1,0,1,0
58,0,58,0
2,0,2,0
0,289,289,22
0,52,52,6
8,0,8,0
25,0,25,0
11,0,11,0
2,0,2,0
1,0,1,0
13,0,13,0
0,4,4,32
8,0,8,0
18,0,18,0
4,0,4,0
75,0,75,0
8,0,8,0
4,0,4,0
0,13,13,0
0,33,33,42
9,0,9,0
0,6,6,0
0,39,39,18
13,0,13,0
10,0,10,0
2,0,2,0
4,0,4,0
0,89,89,30
4,0,4,0
3,0,3,0
55,0,55,0
139,0,139,0
0,2,2,2
0,4,4,9
6,0,6,0
9,0,9,0
0,55,55,15
98,0,98,0
1,0,1,0
1,0,1,0
13,0,13,0
5,0,5,0
0,419,419,77
0,116,116,46
1,0,1,0
4,0,4,0
320,0,320,0
103,0,103,0
0,2,2,13
1,0,1,0
6,0,6,0
0,532,532,3
7,0,7,0
5,0,5,0
143,0,143,0
0,88,88,53
0,3,3,7
28,0,28,0
0,106,106,11
10,0,10,0
4,0,4,0
2,0,2,0
46,0,46,0
2,0,2,0
20,0,20,0
1,0,1,0
0,251,251,17
6,0,6,0
4,0,4,0
5,0,5,0
2,0,2,0
0,408,408,29
0,2,2,47
3,0,3,0
0,4,4,7
0,59,59,13
4,0,4,0
0,40,40,11
0,6,6,48
27,0,27,0
2,0,2,0
1,0,1,0
2,0,2,0
3,0,3,0
1,0,1,0
51,0,51,0
2,0,2,0
33,0,33,0
0,39,39,7
0,1432,1432,161
0,105,105,5
11,0,11,0
7,0,7,0
1,0,1,0
0,56,56,17
0,89,89,25
62,0,62,0
100,0,100,0
10,0,10,0
2,0,2,0
1,0,1,0
1,0,1,0
0,2,2,0
12,0,12,0
4,0,4,0
7,0,7,0
0,12,12,63
23,0,23,0
0,66,66,0
0,25,25,16
4,0,4,0
0,10,10,20
10,0,10,0
3,0,3,0
40,0,40,0
1,0,1,0
4,0,4,0
0,5,5,2
384,0,384,0
9,0,9,0
0,47,47,61
18,0,18,0
112,0,112,0
5,0,5,0
1,0,1,0
18,0,18,0
8,0,8,0
5,0,5,0
2,0,2,0
5,0,5,0
1,0,1,0
4,0,4,0
16,0,16,0
3,0,3,0
0,1,1,25
7,0,7,0
0,40,40,27
15,0,15,0
36,0,36,0
1,0,1,0
46,0,46,0
8,0,8,0
0,35,35,12
15,0,15,0
0,6,6,0
7,0,7,0
21,0,21,0
1,0,1,0
6,0,6,0
33,0,33,0
5,0,5,0
0,3,3,34
8,0,8,0
0,23,23,21
0,25,25,65
14,0,14,0
93,0,93,0
6,0,6,0
2,0,2,0
0,7,7,0
1,0,1,0
0,38,38,95
0,146,146,29
0,106,106,15
130,0,130,0
1,0,1,0
3,0,3,0
0,3,3,6
4,0,4,0
0,7,7,10
6,0,6,0
0,358,358,52
29,0,29,0
0,14,14,3
1,0,1,0
3,0,3,0
0,105,105,7
94,0,94,0
111,0,111,0
27,0,27,0
42,0,42,0
0,33,33,86
1,0,1,0
1,0,1,0
0,679,679,87
6,0,6,0
0,16,16,12
0,32,32,28
18,0,18,0
21,0,21,0
7,0,7,0
3,0,3,0
3,0,3,0
3,0,3,0
3,0,3,0
0,4,4,2
2,0,2,0
1,0,1,0
0,3,3,2
0,28,28,75
0,18,18,75
0,27,27,46
0,23,23,20
18,0,18,0
54,0,54,0
29,0,29,0
0,4,4,13
8,0,8,0
0,1,1,6
28,0,28,0
1,0,1,0
15,0,15,0
0,264,264,27
14,0,14,0
27,0,27,0
10,0,10,0
25,0,25,0
0,1,1,5
34,0,34,0
1,0,1,0
35,0,35,0
0,4,4,25
25,0,25,0
9,0,9,0
3,0,3,0
0,2,2,14
2,0,2,0
3,0,3,0
25,0,25,0
1,0,1,0
14,0,14,0
0,1,1,0
1,0,1,0
4,0,4,0
9,0,9,0
1,0,1,0
0,509,509,157
2,0,2,0
0,6,6,14
1,0,1,0
2,0,2,0
1,0,1,0
0,831,831,32
2,0,2,0
0,18,18,12
16,0,16,0
0,291,291,27
61,0,61,0
0,19,19,16
22,0,22,0
9,0,9,0
15,0,15,0
1,0,1,0
0,2,2,4
9,0,9,0
151,0,151,0
39,0,39,0
0,2,2,2
4,0,4,0
8,0,8,0
31,0,31,0
3,0,3,0
28,0,28,0
0,287,287,0
29,0,29,0
0,148,148,17
17,0,17,0
0,5,5,18
4,0,4,0
0,45,45,8
179,0,179,0
0,146,146,23
71,0,71,0
4,0,4,0
13,0,13,0
1,0,1,0
97,0,97,0
11,0,11,0
211,0,211,0
3,0,3,0
1,0,1,0
7,0,7,0
3,0,3,0
9,0,9,0
0,16,16,2
22,0,22,0
0,30,30,10
29,0,29,0
0,24,24,27
15,0,15,0
0,1,1,5
7,0,7,0
0,279,279,238
9,0,9,0
1,0,1,0
0,141,141,11
0,105,105,4
26,0,26,0
12,0,12,0
10,0,10,0
5,0,5,0
0,9,9,13
3,0,3,0
2,0,2,0
84,0,84,0
41,0,41,0
0,44,44,78
0,11,11,5
0,48,48,29
219,0,219,0
0,14,14,13
8,0,8,0
1,0,1,0
0,4,4,0
0,23,23,85
0,41,41,27
3,0,3,0
8,0,8,0
0,7,7,32
3,0,3,0
0,3,3,8
0,4,4,16
4,0,4,0
0,20,20,3
0,52,52,14
19,0,19,0
4,0,4,0
2,0,2,0
0,10,10,95
0,15,15,107
5,0,5,0
4,0,4,0
0,3,3,35
6,0,6,0
0,11,11,1
11,0,11,0
1,0,1,0
0,14,14,34
0,54,54,21
16,0,16,0
9,0,9,0
0,28,28,12
21,0,21,0
0,24,24,35
7,0,7,0
4,0,4,0
10,0,10,0
15,0,15,0
1,0,1,0
1,0,1,0
0,3,3,81
33,0,33,0
1,0,1,0
16,0,16,0
0,4,4,10
0,9,9,1
12,0,12,0
0,129,129,39
1,0,1,0
0,83,83,14
0,34,34,101
8,0,8,0
7,0,7,0
9,0,9,0
30,0,30,0
0,9,9,0
23,0,23,0
0,69,69,20
36,0,36,0
1,0,1,0
0,1,1,2
0,16,16,4
0,25,25,36
9,0,9,0
2,0,2,0
19,0,19,0
0,16,16,0
19,0,19,0
0,10,10,2
0,12,12,39
2,0,2,0
1,0,1,0
3,0,3,0
1,0,1,0
1,0,1,0
0,2,2,10
11,0,11,0
4,0,4,0
0,23,23,40
15,0,15,0
4,0,4,0
141,0,141,0
0,29,29,5
0,11,11,5
57,0,57,0
1,0,1,0
0,85,85,19
12,0,12,0
68,0,68,0
1,0,1,0
1,0,1,0
5,0,5,0
0,127,127,115
121,0,121,0
0,2,2,14
0,1,1,49
1,0,1,0
0,1,1,2
0,19,19,31
1,0,1,0
8,0,8,0
6,0,6,0
2,0,2,0
2,0,2,0
46,0,46,0
5,0,5,0
0,1,1,14
2,0,2,0
0,1,1,6
0,16,16,23
1,0,1,0
42,0,42,0
1,0,1,0
4,0,4,0
3,0,3,0
22,0,22,0
1,0,1,0
11,0,11,0
0,18,18,36
0,8,8,8
17,0,17,0
10,0,10,0
0,137,137,34
48,0,48,0
40,0,40,0
0,85,85,22
2,0,2,0
0,2,2,29
127,0,127,0
1,0,1,0
0,30,30,24
11,0,11,0
6,0,6,0
5,0,5,0
0,25,25,11
19,0,19,0
1,0,1,0
14,0,14,0
0,4,4,37
0,1,1,10
94,0,94,0
0,19,19,33
3,0,3,0
0,102,102,8
85,0,85,0
0,17,17,21
0,16,16,23
2,0,2,0
3,0,3,0
3,0,3,0
42,0,42,0
0,21,21,3
6,0,6,0
0,8,8,55
1,0,1,0
0,29,29,1
9,0,9,0
18,0,18,0
1,0,1,0
0,83,83,13
1,0,1,0
32,0,32,0
0,2,2,13
63,0,63,0
17,0,17,0
0,144,144,82
4,0,4,0
12,0,12,0
0,82,82,6
1,0,1,0
1,0,1,0
1,0,1,0
3,0,3,0
3,0,3,0
7,0,7,0
24,0,24,0
0,28,28,7
0,77,77,39
20,0,20,0
3,0,3,0
4,0,4,0
0,5,5,17
0,13,13,13
21,0,21,0
3,0,3,0
2,0,2,0
3,0,3,0
44,0,44,0
7,0,7,0
3,0,3,0
12,0,12,0
0,19,19,121
0,8,8,38
9,0,9,0
2,0,2,0
17,0,17,0
0,78,78,24
17,0,17,0
46,0,46,0
16,0,16,0
0,8,8,4
0,24,24,18
6,0,6,0
3,0,3,0
25,0,25,0
89,0,89,0
2,0,2,0
3,0,3,0
0,765,765,80
455,0,455,0
4,0,4,0
7,0,7,0
0,38,38,33
5,0,5,0
5,0,5,0
10,0,10,0
0,15,15,19
3,0,3,0
2,0,2,0
15,0,15,0
1,0,1,0
1,0,1,0
0,8,8,4
1,0,1,0
1,0,1,0
6,0,6,0
35,0,35,0
0,71,71,0
8,0,8,0
9,0,9,0
4,0,4,0
8,0,8,0
24,0,24,0
3,0,3,8
2,0,2,0
0,23,23,30
0,536,536,132
0,80,80,4
2,0,2,0
4,0,4,0
215,0,215,0
0,48,48,23
3,0,3,0
0,6,6,19
4,0,4,0
5,0,5,0
4,0,4,0
0,1,1,1
12,0,12,0
0,1,1,5
0,30,30,12
26,0,26,0
0,1,1,3
0,2,2,110
21,0,21,0
0,1,1,44
9,0,9,0
2,0,2,0
86,0,86,0
10,0,10,0
6,0,6,0
13,0,13,0
38,0,38,0
3,0,3,0
2,0,2,0
1,0,1,0
5,0,5,0
0,8,8,0
0,8,8,15
0,24,24,6
1,0,1,0
3,0,3,0
0,37,37,15
10,0,10,0
32,0,32,0
0,3,3,86
2,0,2,0
0,1,1,13
39,0,39,0
58,0,58,0
3,0,3,0
115,0,115,0
0,34,34,16
3,0,3,0
1,0,1,0
1,0,1,0
28,0,28,0
29,0,29,0
18,0,18,0
2,0,2,0
3,0,3,0
0,2,2,5
2,0,2,0
2,0,2,0
4,0,4,0
0,52,52,20
67,0,67,0
5,0,5,0
4,0,4,0
3,0,3,0
2,0,2,0
7,0,7,0
0,20,20,23
5,0,5,0
41,0,41,0
14,0,14,0
3,0,3,0
3,0,3,0
833,0,833,0
55,0,55,0
2,0,2,0
0,4,4,3
0,2,2,1
3,0,3,0
38,0,38,0
0,495,495,19
0,241,241,5
4,0,4,0
0,7,7,21
28,0,28,0
0,16,16,9
9,0,9,0
21,0,21,0
24,0,24,0
4,0,4,0
6,0,6,0
0,125,125,30
46,0,46,0
4,0,4,0
4,0,4,0
0,18,18,5
0,3,3,0
26,0,26,0
5,0,5,0
0,5,5,17
0,58,58,13
8,0,8,0
0,2,2,35
26,0,26,0
68,0,68,0
2,0,2,0
1,0,1,0
13,0,13,0
0,28,28,35
4,0,4,0
40,0,40,0
0,1,1,9
68,0,68,0
2,0,2,0
38,0,38,0
35,0,35,0
1,0,1,0
0,3,3,5
1,0,1,0
6,0,6,0
0,13,13,6
6,0,6,0
0,47,47,1
62,0,62,0
17,0,17,0
1,0,1,0
1,0,1,0
0,1,1,4
0,111,111,11
0,3,3,13
0,3,3,11
0,136,136,4
3,0,3,0
23,0,23,0
0,1,1,1
1,0,1,0
6,0,6,0
1,0,1,0
5,0,5,0
4,0,4,0
1,0,1,0
0,15,15,24
1,0,1,0
2,0,2,0
7,0,7,0
4,0,4,0
1,0,1,0
13,0,13,0
9,0,9,0
1,0,1,0
2,0,2,0
3,0,3,0
6,0,6,0
0,4,4,49
0,52,52,1
2,0,2,0
0,10,10,1
0,2,2,81
11,0,11,0
0,116,116,10
1,0,1,0
0,20,20,6
15,0,15,0
67,0,67,0
14,0,14,0
0,15,15,0
10,0,10,0
0,64,64,56
4,0,4,0
2,0,2,0
0,6,6,44
89,0,89,0
2,0,2,0
84,0,84,0
6,0,6,0
0,31,31,18
44,0,44,0
6,0,6,0
0,4,4,9
1,0,1,0
0,6,6,5
10,0,10,0
0,44,44,12
4,0,4,0
0,293,293,23
7,0,7,0
0,143,143,64
8,0,8,0
2,0,2,0
2,0,2,0
0,8,8,13
0,94,94,72
2,0,2,0
26,0,26,0
83,0,83,0
3,0,3,0
0,1,1,162
2,0,2,0
5,0,5,0
23,0,23,0
4,0,4,0
2,0,2,0
2,0,2,0
15,0,15,0
2,0,2,0
44,0,44,0
7,0,7,0
12,0,12,0
0,3,3,7
4,0,4,0
0,171,171,70
19,0,19,0
21,0,21,0
4,0,4,0
0,7,7,18
19,0,19,0
18,0,18,0
4,0,4,0
1,0,1,0
0,14,14,4
5,0,5,0
16,0,16,0
27,0,27,0
2,0,2,0
1,0,1,0
57,0,57,0
27,0,27,0
0,28,28,5
1,0,1,0
80,0,80,0
9,0,9,0
9,0,9,0
0,1,1,15
4,0,4,0
6,0,6,0
10,0,10,0
142,0,142,0
0,66,66,34
11,0,11,0
39,0,39,0
16,0,16,0
13,0,13,0
2,0,2,0
19,0,19,0
0,6,6,2
122,0,122,0
17,0,17,0
8,0,8,0
13,0,13,0
3,0,3,0
52,0,52,0
0,26,26,15
14,0,14,0
2,0,2,0
2,0,2,0
0,1,1,32
0,432,432,11
13,0,13,0
5,0,5,0
0,12,12,3
1,0,1,0
30,0,30,0
41,0,41,0
0,3,3,5
10,0,10,0
31,0,31,0
0,27,27,3
29,0,29,0
0,3,3,7
56,0,56,0
0,363,363,26
134,0,134,0
0,16,16,28
7,0,7,0
1,0,1,0
430,0,430,0
0,3,3,50
7,0,7,0
0,7,7,4
0,16,16,32
6,0,6,0
52,0,52,0
5,0,5,0
15,0,15,0
1,0,1,0
2,0,2,0
1,0,1,0
0,16,16,20
48,0,48,0
10,0,10,0
5,0,5,0
1,0,1,0
8,0,8,0
2,0,2,0
31,0,31,0
1,0,1,0
0,17,17,0
2,0,2,0
8,0,8,0
0,3,3,28
64,0,64,0
46,0,46,0
1,702,703,26
5,0,5,0
1,0,1,0
0,17,17,27
0,34,34,5
29,0,29,0
35,0,35,0
241,0,241,0
56,0,56,0
0,73,73,4
1,0,1,0
4,0,4,0
1,0,1,0
2,0,2,0
9,0,9,0
10,0,10,0
8,0,8,0
0,2,2,18
9,0,9,0
10,0,10,0
0,3,3,21
7,0,7,0
25,0,25,0
0,1,1,3
15,0,15,0
2,0,2,0
32,0,32,0
13,0,13,0
147,0,147,0
5,0,5,0
30,0,30,0
8,0,8,0
2,0,2,0
0,6,6,0
0,1,1,5
6,0,6,0
2,0,2,0
4,0,4,0
44,0,44,0
3,0,3,0
4,0,4,0
6,0,6,0
0,18,18,22
1,0,1,0
7,0,7,0
5,0,5,0
16,0,16,0
2,0,2,0
0,30,30,11
13,0,13,0
0,1,1,9
1,0,1,0
35,0,35,0
36,0,36,0
2,0,2,0
4,0,4,0
10,0,10,0
1,0,1,0
2,0,2,0
97,0,97,0
5,0,5,0
0,3,3,19
0,28,28,67
2,0,2,0
4,0,4,0
0,4,4,13
1,0,1,0
94,0,94,0
5,0,5,0
4,0,4,0
1,0,1,0
8,0,8,0
0,13,13,1
1,0,1,0
2,0,2,0
0,37,37,49
0,150,150,43
11,0,11,0
0,2,2,19
0,6,6,1
1,0,1,0
0,2,2,58
11,0,11,0
0,1,1,2
73,0,73,0
0,1,1,0
3,0,3,0
7,0,7,0
2,0,2,0
0,73,73,1
1,0,1,0
25,0,25,0
6,0,6,0
1,0,1,0
0,31,31,27
1,0,1,0
211,0,211,0
2,0,2,0
0,3,3,13
9,0,9,0
1,0,1,0
0,178,178,101
3,0,3,0
1,0,1,0
15,0,15,0
0,34,34,8
153,0,153,0
0,7,7,8
9,0,9,0
0,2,2,7
0,4,4,3
23,0,23,0
38,0,38,0
55,0,55,0
0,10,10,4
8,0,8,0
69,0,69,0
0,7,7,12
0,159,159,48
1,0,1,0
11,0,11,0
2,0,2,0
23,0,23,0
26,0,26,0
0,14,14,15
12,0,12,0
0,199,199,39
0,605,605,97
2,0,2,0
0,170,170,159
0,4,4,2
1,0,1,0
0,82,82,32
26,0,26,0
0,39,39,3
1,0,1,0
2,0,2,0
0,96,96,84
30,0,30,0
11,0,11,0
1,0,1,0
0,489,489,6
56,0,56,0
541,0,541,0
0,1,1,21
2,0,2,0
1,0,1,0
2,0,2,0
0,89,89,25
2,0,2,0
0,28,28,23
29,0,29,0
10,0,10,0
3,0,3,0
6,0,6,0
2,0,2,0
6,0,6,0
0,3,3,23
18,0,18,0
4,0,4,0
1,0,1,0
144,0,144,0
0,7,7,6
10,0,10,0
1,0,1,0
4,0,4,0
1,0,1,0
0,15,15,5
18,0,18,0
0,1,1,0
5,0,5,0
0,54,54,42
4,0,4,0
12,0,12,0
9,0,9,0
7,0,7,0
12,0,12,0
1,0,1,0
17,0,17,0
22,0,22,0
0,4,4,45
4,0,4,0
8,0,8,0
0,2,2,59
17,0,17,0
49,0,49,0
31,0,31,0
38,0,38,0
9,0,9,0
43,0,43,0
0,28,28,12
15,0,15,0
1,0,1,0
9,0,9,0
1,0,1,0
3,0,3,0
0,5,5,21
4,0,4,0
0,3,3,5
4,0,4,0
0,7,7,5
4,0,4,0
5,0,5,0
16,0,16,0
0,48,48,43
12,0,12,0
47,0,47,0
4,0,4,0
0,1,1,4
0,62,62,27
0,6,6,10
0,9,9,0
2,0,2,0
0,2,2,21
0,7,7,13
1,0,1,0
11,0,11,0
4,0,4,0
4,0,4,0
0,120,120,18
4,0,4,0
0,7,7,28
5,0,5,0
8,0,8,0
233,0,233,0
2,0,2,0
35,0,35,0
10,0,10,0
0,1,1,2
0,88,88,92
0,3,3,10
11,0,11,0
7,0,7,0
1,0,1,0
4,0,4,0
0,20,20,35
1,0,1,0
0,52,52,35
57,0,57,0
23,0,23,0
2,0,2,0
12,0,12,0
0,46,46,33
0,2,2,8
1,0,1,0
10,0,10,0
27,0,27,0
2,0,2,0
1,0,1,0
10,0,10,0
64,0,64,0
7,0,7,0
11,0,11,0
0,36,36,6
9,0,9,0
15,0,15,0
1171,0,1171,0
0,34,34,7
0,220,220,37
0,2,2,3
0,12,12,15
10,0,10,0
8,0,8,0
2,0,2,0
0,63,63,71
51,0,51,0
2,0,2,0
1,0,1,0
0,4,4,1
1,0,1,0
8,0,8,0
4,0,4,0
2,0,2,0
0,6,6,20
0,3,3,15
2,0,2,0
15,0,15,0
0,23,23,1
16,0,16,0
2,0,2,0
0,91,91,5
0,30,30,9
23,0,23,0
1,0,1,0
23,0,23,0
0,3,3,55
0,8,8,10
1,0,1,0
2,0,2,0
10,0,10,0
0,30,30,3
6,0,6,0
0,253,253,22
10,0,10,0
2,0,2,0
2,0,2,0
0,12,12,23
18,0,18,0
0,3,3,10
1,0,1,0
0,126,126,76
0,7,7,13
12,0,12,0
7,0,7,0
3,0,3,0
0,10,10,10
9,0,9,0
2,0,2,0
7,0,7,0
1,0,1,0
3,0,3,0
0,48,48,10
4,0,4,0
0,8,8,33
259,0,259,0
0,40,40,8
6,0,6,0
5,0,5,0
8,0,8,0
825,0,825,0
2,0,2,0
8,0,8,0
1,0,1,0
2,0,2,0
0,67,67,52
3,0,3,0
4,0,4,0
1,0,1,0
0,48,48,10
9,0,9,0
9,0,9,0
15,0,15,0
10,0,10,0
1,0,1,0
15,0,15,0
0,32,32,6
1,0,1,0
6,0,6,0
3,0,3,0
0,46,46,28
91,0,91,0
1,0,1,0
2,0,2,0
0,21,21,9
73,0,73,0
0,5,5,5
1,0,1,0
46,0,46,0
0,7,7,23
2,0,2,0
3,0,3,0
135,0,135,0
48,0,48,0
0,2,2,12
240,0,240,0
0,264,264,38
16,0,16,0
2,0,2,0
0,124,124,39
0,78,78,55
89,0,89,0
14,0,14,0
102,0,102,0
7,0,7,0
1,0,1,0
164,0,164,0
7,0,7,0
0,49,49,74
0,1,1,6
11,0,11,0
0,2,2,227
0,3,3,20
16,0,16,0
2,0,2,0
9,0,9,0
3,0,3,0
4,0,4,0
0,3,3,1
6,0,6,0
1,0,1,0
86,0,86,0
0,3,3,7
7,0,7,0
4,0,4,0
1,0,1,0
1,0,1,0
0,141,141,57
0,105,105,14
34,0,34,0
4,0,4,0
1,0,1,0
6,0,6,0
14,0,14,0
4,0,4,0
1,0,1,0
0,5,5,2
0,1,1,2
1,0,1,0
6,0,6,0
2,0,2,0
0,14,14,104
3,0,3,0
513,0,513,0
2,0,2,0
2,0,2,0
0,51,51,10
0,3,3,0
9,0,9,0
2,0,2,0
0,309,309,293
51,0,51,0
0,5,5,11
5,0,5,0
1,0,1,0
2,0,2,0
2,0,2,0
26,0,26,0
0,8,8,38
15,0,15,0
13,0,13,0
0,24,24,2
9,0,9,0
2,0,2,0
0,2,2,24
2,0,2,0
5,0,5,0
2,0,2,0
22,0,22,0
0,4,4,18
2,0,2,0
5,0,5,0
6,0,6,0
0,86,86,4
1,0,1,0
24,0,24,0
103,0,103,0
0,47,47,5
7,0,7,0
3,0,3,0
0,7,7,4
7,0,7,0
1,0,1,0
1,0,1,0
7,0,7,0
2,0,2,0
0,46,46,10
1,0,1,0
5,0,5,0
8,0,8,0
4,0,4,0
14,0,14,0
9,888,897,146
2,0,2,0
0,561,561,11
3,0,3,0
0,6,6,5
1,0,1,0
3,0,3,0
1,0,1,0
1,0,1,0
4,0,4,0
0,91,91,31
1,0,1,0
0,6,6,16
28,0,28,0
6,0,6,0
1,0,1,0
1,0,1,0
82,0,82,0
24,0,24,0
0,90,90,13
0,3,3,46
4,0,4,0
8,0,8,0
2,0,2,0
4,0,4,0
3,0,3,0
31,0,31,0
0,108,108,43
33,0,33,0
1,0,1,0
1,0,1,0
1,0,1,0
0,3,3,5
0,5,5,94
51,0,51,0
7,0,7,0
2,0,2,0
4,0,4,0
1,327,328,77
25,0,25,0
102,0,102,0
6,0,6,0
75,0,75,0
0,221,221,114
0,40,40,20
48,0,48,0
1,0,1,0
0,1,1,32
1,0,1,0
4,0,4,0
14,0,14,0
0,34,34,25
0,9,9,29
10,0,10,0
6,0,6,0
0,195,195,12
3,0,3,0
0,17,17,43
5,0,5,0
1,0,1,0
80,0,80,0
33,0,33,0
0,44,44,56
22,0,22,0
9,0,9,0
3,0,3,0
15,0,15,0
2,0,2,0
0,4,4,2
2,0,2,0
6,0,6,0
2,0,2,0
37,0,37,0
15,0,15,0
0,204,204,9
2,0,2,0
2,0,2,0
0,31,31,4
7,0,7,0
6,0,6,0
1,0,1,0
1,0,1,0
0,37,37,11
1,0,1,0
0,1,1,81
0,36,36,0
0,7,7,1
4,0,4,0
2,0,2,0
0,28,28,14
39,0,39,0
1,0,1,0
0,4,4,46
0,6,6,40
5,0,5,0
5,0,5,0
0,203,203,32
1,0,1,0
10,0,10,0
19,0,19,0
0,96,96,13
132,0,132,0
2,0,2,0
0,203,203,55
185,0,185,0
2,0,2,0
3,0,3,0
22,0,22,0
0,9,9,1
8,0,8,0
6,0,6,0
1,0,1,0
0,1,1,2
0,3,3,9
6,0,6,0
32,0,32,0
5,0,5,0
4,0,4,0
13,0,13,0
0,100,100,18
3,0,3,0
48,0,48,0
0,24,24,24
0,11,11,8
15,0,15,0
2,0,2,0
0,9,9,0
138,0,138,0
3,0,3,0
0,4,4,13
10,0,10,0
0,8,8,2
0,58,58,1
5,0,5,0
1,0,1,0
0,4,4,45
11,0,11,0
3,0,3,0
1,0,1,0
1,0,1,0
1,0,1,0
6,0,6,0
1,0,1,0
1,0,1,0
1,0,1,0
0,7,7,0
5,0,5,0
0,10,10,2
1,0,1,0
5,0,5,0
1,0,1,0
0,97,97,19
123,0,123,0
3,0,3,0
0,318,318,61
0,1,1,14
17,0,17,0
9,0,9,0
1,0,1,0
1,0,1,0
0,174,174,37
24,0,24,0
0,101,101,38
3,0,3,0
0,3,3,7
3,0,3,0
2,0,2,0
20,0,20,0
12,0,12,0
5,0,5,0
67,0,67,0
12,0,12,0
0,4,4,28
2,0,2,0
1,0,1,0
14,0,14,0
0,2,2,36
75,0,75,0
0,8,8,0
0,1,1,27
1,0,1,0
0,20,20,14
5,0,5,0
9,0,9,0
2,0,2,0
58,0,58,0
66,0,66,0
0,3,3,9
0,5,5,87
38,0,38,0
1,0,1,0
3,0,3,0
1,0,1,0
1,0,1,0
0,10,10,44
1,0,1,0
15,0,15,0
1,0,1,0
0,6,6,1
0,10,10,1
3,0,3,0
515,0,515,0
0,20,20,25
1,0,1,0
0,2,2,16
3,0,3,0
28,0,28,0
4,0,4,0
7,0,7,0
4,0,4,0
0,1,1,6
10,0,10,0
8,0,8,0
11,0,11,0
0,7,7,5
1,0,1,0
22,0,22,0
46,0,46,0
1,0,1,0
0,81,81,48
51,0,51,0
50,0,50,0
0,47,47,37
1,0,1,0
17,0,17,0
1,0,1,0
7,0,7,0
1,0,1,0
3,0,3,0
1,0,1,0
0,26,26,33
1,0,1,0
7,0,7,0
0,23,23,25
1,0,1,0
1,0,1,0
7,0,7,0
67,0,67,0
0,4,4,5
1,0,1,0
0,6,6,10
1,0,1,0
2,0,2,0
0,277,277,25
1,0,1,0
6,0,6,0
2,0,2,0
0,2,2,181
0,8,8,0
0,8,8,55
2,0,2,0
2,0,2,0
2,0,2,0
1,0,1,0
4,0,4,0
0,53,53,16
25,0,25,0
2,0,2,0
1,0,1,0
1,0,1,0
50,0,50,0
0,2,2,46
0,39,39,229
49,0,49,0
0,1,1,142
0,22,22,7
53,0,53,0
0,4,4,0
6,0,6,0
2,0,2,0
0,39,39,11
6,0,6,0
0,6,6,15
2,0,2,0
0,13,13,8
6,0,6,0
54,0,54,0
0,20,20,53
2,0,2,0
4,0,4,0
0,31,31,19
0,9,9,29
0,5,5,33
1,0,1,0
1,0,1,0
3,0,3,0
3,0,3,0
5,0,5,0
0,21,21,21
96,0,96,0
44,0,44,0
1,0,1,0
0,4,4,4
5,0,5,0
3,0,3,0
3,0,3,0
0,10,10,21
4,0,4,0
4,0,4,0
113,0,113,0
5,0,5,0
9,0,9,0
0,2,2,94
6,0,6,0
0,10,10,8
0,165,165,11
2,0,2,0
46,0,46,0
6,0,6,0
0,16,16,85
0,1,1,8
23,0,23,0
0,9,9,65
5,0,5,0
4,0,4,0
75,0,75,0
0,1,1,0
53,0,53,0
0,34,34,0
0,2,2,4
0,103,103,16
121,0,121,0
21,0,21,0
3,0,3,0
6,0,6,0
0,2,2,2
0,1,1,2
0,4,4,38
1,0,1,0
0,3,3,6
102,0,102,0
7,0,7,0
56,0,56,0
0,3,3,7
0,1,1,10
3,0,3,0
27,0,27,0
6,0,6,0
6,0,6,0
6,0,6,0
0,27,27,48
64,0,64,0
5,0,5,0
0,6,6,6
278,0,278,0
2,0,2,0
3,0,3,0
1,0,1,0
99,0,99,0
2,0,2,0
2,0,2,0
0,4,4,2
0,55,55,8
139,0,139,0
0,1,1,14
19,0,19,0
1,0,1,0
0,19,19,64
5,0,5,0
3,0,3,0
6,0,6,0
0,2,2,6
4,0,4,0
0,24,24,4
0,14,14,6
7,0,7,0
1,0,1,0
0,20,20,16
0,102,102,35
7,0,7,0
1,0,1,0
0,103,103,8
10,0,10,0
6,0,6,0
17,0,17,0
2,0,2,0
10,0,10,0
0,8,8,4
1,0,1,0
53,0,53,0
390,0,390,0
4,0,4,0
2,0,2,0
7,0,7,0
0,21,21,46
3,0,3,0
0,6,6,12
3,0,3,0
0,12,12,14
6,0,6,0
13,0,13,0
0,11,11,2
95,0,95,0
21,0,21,0
26,0,26,0
43,0,43,0
22,0,22,0
0,20,20,26
15,0,15,0
3,0,3,0
0,9,9,27
9,0,9,0
1,0,1,0
1,0,1,0
0,9,9,10
5,0,5,0
0,28,28,1
2,0,2,0
0,11,11,72
6,0,6,0
0,1,1,4
0,2,2,3
1,0,1,0
6,0,6,0
0,2,2,4
0,2,2,0
1,0,1,0
4,0,4,0
0,89,89,18
1,0,1,0
2,0,2,0
0,2,2,18
17,0,17,0
19,0,19,0
1,0,1,0
3,0,3,0
11,0,11,0
3,0,3,0
0,9,9,27
15,0,15,0
2,0,2,0
17,0,17,0
0,8,8,11
2,0,2,0
0,88,88,46
2,0,2,0
2,0,2,0
0,1,1,28
3,0,3,0
0,15,15,54
10,0,10,0
1,0,1,0
0,5,5,2
2,0,2,0
11,0,11,0
28,0,28,0
1,0,1,0
5,0,5,0
0,86,86,2
78,0,78,0
0,606,606,29
484,0,484,0
31,0,31,0
1,0,1,0
28,0,28,0
0,31,31,225
5,0,5,0
79,0,79,0
0,9,9,12
7,0,7,0
1,0,1,0
9,0,9,0
5,0,5,0
2,0,2,0
44,0,44,0
26,0,26,0
0,348,348,90
6,0,6,0
0,42,42,0
3,0,3,0
104,0,104,0
2,0,2,0
195,0,195,0
20,0,20,0
0,1,1,3
3,0,3,0
0,1,1,0
4,0,4,0
0,4,4,18
6,0,6,0
4,0,4,0
0,71,71,21
0,3,3,19
2,0,2,0
8,0,8,0
0,7,7,36
8,0,8,0
19,0,19,0
0,1,1,5
19,0,19,0
7,0,7,0
2,0,2,0
0,12,12,30
9,0,9,0
1,0,1,0
1,0,1,0
4,0,4,0
1,0,1,0
13,0,13,0
15,0,15,0
4,0,4,0
16,0,16,0
0,5,5,221
177,0,177,0
10,0,10,0
8,0,8,0
7,0,7,0
4,0,4,0
3,0,3,0
1,0,1,0
40,0,40,0
0,41,41,31
2,0,2,0
2,0,2,0
56,0,56,0
0,51,51,7
1,0,1,0
0,522,522,16
10,0,10,0
6,0,6,0
1,0,1,0
1,0,1,0
2,0,2,0
63,0,63,0
5,0,5,0
0,15,15,13
16,0,16,0
2,0,2,0
0,2,2,1
11,0,11,0
5,0,5,0
12,0,12,0
1,0,1,0
101,0,101,0
51,0,51,0
43,0,43,0
3,0,3,0
0,233,233,46
177,0,177,0
3,0,3,0
0,1,1,20
2,0,2,0
0,681,681,54
68,0,68,0
5,0,5,0
16,0,16,0
3,0,3,0
5,0,5,0
2,0,2,0
0,1771,1771,142
1,0,1,0
0,130,130,12
0,117,117,13
0,4,4,12
8,0,8,0
2,0,2,0
16,0,16,0
0,13,13,22
8,0,8,0
0,1,1,2
0,2,2,17
6,0,6,0
23,0,23,0
0,4,4,63
3,0,3,0
0,4,4,0
102,0,102,0
0,66,66,8
1,0,1,0
0,66,66,11
2,0,2,0
34,0,34,0
0,39,39,7
5,0,5,0
0,10,10,1
127,0,127,0
55,0,55,0
4,0,4,0
6,0,6,0
2,0,2,0
6,0,6,0
0,31,31,80
1,0,1,0
5,0,5,0
1,0,1,0
0,69,69,8
292,0,292,0
1,0,1,0
1,0,1,0
8,0,8,0
3,0,3,0
148,0,148,0
9,0,9,0
5,0,5,0
15,0,15,0
5,0,5,0
3,0,3,0
0,91,91,18
39,0,39,0
8,0,8,0
1,0,1,0
2,0,2,0
65,0,65,0
0,60,60,1
6,0,6,0
0,21,21,59
6,0,6,0
0,11,11,7
0,1119,1119,29
1,0,1,0
0,4,4,7
14,0,14,0
256,0,256,0
24,0,24,0
0,469,469,64
0,2,2,7
1,0,1,0
16,0,16,0
0,1,1,3
0,98,98,18
46,0,46,0
2,0,2,0
0,8,8,14
0,11,11,17
0,5,5,2
1,0,1,0
0,86,86,60
59,0,59,0
1,0,1,0
52,0,52,0
5,0,5,0
4,0,4,0
120,0,120,0
0,6,6,55
179,0,179,0
2,0,2,0
40,0,40,0
22,0,22,0
0,500,500,7
41,0,41,0
18,0,18,0
2,0,2,0
0,10,10,61
3,0,3,0
0,9,9,6
0,14,14,37
2,0,2,0
11,0,11,0
0,4,4,19
23,0,23,0
7,0,7,0
0,5,5,5
44,0,44,0
0,17,17,19
3,0,3,0
0,6,6,4
54,0,54,0
0,7,7,3
3,0,3,0
6,0,6,0
3,0,3,0
2,0,2,0
1,0,1,0
6,0,6,0
134,0,134,0
3,0,3,0
40,0,40,0
2,0,2,0
198,0,198,0
0,380,380,41
2,0,2,0
6,0,6,0
2,0,2,0
0,43,43,12
1,0,1,0
2,0,2,0
1,0,1,0
4,0,4,0
0,2,2,24
2,0,2,0
0,2,2,15
76,0,76,0
1,0,1,0
3,0,3,0
0,33,33,61
7,0,7,0
3,0,3,0
0,234,234,79
0,221,221,19
230,0,230,0
1,0,1,0
1,0,1,0
6,0,6,0
9,0,9,0
47,0,47,0
18,0,18,0
0,71,71,10
11,0,11,0
16,0,16,0
20,0,20,0
1,0,1,0
6,0,6,0
1,0,1,0
1,0,1,0
59,0,59,0
2,0,2,0
0,35,35,15
6,0,6,0
0,41,41,48
57,0,57,0
124,0,124,0
3,0,3,0
8,0,8,0
1,0,1,0
0,15,15,48
4,0,4,0
40,0,40,0
0,1,1,5
1,0,1,0
1,0,1,0
1,0,1,0
1,0,1,0
5,0,5,0
50,0,50,0
0,14,14,76
25,0,25,0
0,21,21,6
0,81,81,23
0,4,4,0
6,0,6,0
1,0,1,0
0,21,21,19
16,0,16,0
53,0,53,0
0,74,74,11
2,0,2,0
24,0,24,0
0,79,79,1
3,0,3,0
2,0,2,0
117,0,117,0
1,0,1,0
16,0,16,0
5,0,5,0
0,52,52,10
5,0,5,0
0,13,13,9
3,0,3,0
9,0,9,0
6,0,6,0
0,10,10,14
7,0,7,0
8,0,8,0
3,0,3,0
118,0,118,0
0,3,3,2
0,15,15,3
10,0,10,0
3,0,3,0
0,58,58,2
25,0,25,0
20,0,20,0
1,0,1,0
17,0,17,0
0,9,9,50
0,206,206,13
1,0,1,0
2,0,2,0
0,17,17,32
67,0,67,0
24,0,24,0
0,300,300,54
0,8,8,3
1,0,1,0
10,0,10,0
58,0,58,0
3,0,3,0
8,0,8,0
116,0,116,0
2,0,2,0
0,150,150,9
40,0,40,0
0,1,1,0
15,0,15,0
11,0,11,0
7,0,7,0
4,0,4,0
13,0,13,0
3,0,3,0
20,0,20,0
2,0,2,0
1,0,1,0
1,0,1,0
3,0,3,0
0,13,13,14
13,0,13,0
4,0,4,0
7,0,7,0
42,0,42,0
0,1,1,17
1,0,1,0
0,104,104,9
102,0,102,0
42,0,42,0
15,0,15,0
0,5,5,23
0,6,6,1
16,0,16,0
2,0,2,0
0,57,57,16
4,0,4,0
0,16,16,1
3,0,3,0
0,48,48,10
0,3,3,3
34,0,34,0
1,0,1,0
40,0,40,0
1,0,1,0
38,0,38,0
8,0,8,0
0,9,9,53
0,5,5,99
1,0,1,0
1,0,1,0
51,0,51,0
3,0,3,0
0,12,12,9
1,0,1,0
2,0,2,0
9,0,9,0
0,18,18,9
2,0,2,0
71,0,71,0
4,0,4,0
2,0,2,0
20,0,20,0
6,0,6,0
16,0,16,0
0,36,36,44
3,0,3,0
0,67,67,67
1,0,1,0
7,0,7,0
0,22,22,79
2,0,2,0
2,0,2,0
16,0,16,0
0,8,8,1
19,0,19,0
2,0,2,0
0,9,9,3
1,0,1,0
2,0,2,0
0,1,1,23
0,4,4,19
10,0,10,0
0,10,10,0
3,0,3,0
2,0,2,0
8,0,8,0
31,0,31,0
16,0,16,0
1,0,1,0
22,0,22,0
0,4,4,5
5,0,5,0
32,0,32,0
0,57,57,14
2,0,2,0
8,0,8,0
3,0,3,0
0,55,55,4
0,3,3,24
70,0,70,0
10,0,10,0
1,0,1,0
0,36,36,1
5,0,5,0
1,0,1,0
5,0,5,0
0,3,3,1
0,31,31,20
14,0,14,0
8,0,8,0
34,0,34,0
1,0,1,0
1,0,1,0
4,0,4,0
19,0,19,0
67,0,67,0
1,0,1,0
0,204,204,87
0,622,622,31
432,0,432,0
84,0,84,0
9,0,9,0
0,5,5,6
2,0,2,0
29,0,29,0
5,0,5,0
1,0,1,0
21,0,21,0
18,0,18,0
0,4,4,6
2,0,2,0
4,0,4,0
10,0,10,0
0,73,73,0
23,0,23,0
1,0,1,0
33,0,33,0
14,0,14,0
6,0,6,0
6,0,6,0
0,326,326,70
29,0,29,0
58,0,58,0
0,11,11,5
0,7,7,0
0,7,7,1
0,9,9,19
0,36,36,6
48,0,48,0
0,25,25,43
1,0,1,0
0,92,92,10
193,0,193,0
0,4,4,9
14,0,14,0
0,1,1,6
1,0,1,0
2,0,2,0
1,0,1,0
19,0,19,0
1,0,1,0
1,0,1,0
13,0,13,0
1,0,1,0
0,2,2,12
3,0,3,0
3,0,3,0
4,0,4,0
0,1,1,22
3,0,3,0
0,3,3,13
3,0,3,0
0,91,91,25
0,9,9,27
20,0,20,0
0,39,39,49
57,0,57,0
0,50,50,25
4,0,4,0
2,0,2,0
2,0,2,0
0,5,5,33
1,0,1,0
0,15,15,4
0,2,2,10
0,2,2,18
1,0,1,0
1,0,1,0
0,75,75,40
28,0,28,0
0,2,2,1
1,0,1,0
2,0,2,0
36,0,36,0
22,0,22,0
2,0,2,0
1,0,1,0
1,0,1,0
1,0,1,0
0,9,9,1
11,0,11,0
3,0,3,0
4,0,4,0
0,17,17,5
16,0,16,0
2,0,2,0
24,0,24,0
55,0,55,0
0,1,1,9
0,4,4,1
1,0,1,0
2,0,2,0
0,16,16,36
3,0,3,0
25,0,25,0
5,0,5,0
0,166,166,15
0,21,21,1
11,0,11,0
3,0,3,0
4,0,4,0
2,0,2,0
0,19,19,16
10,0,10,0
1,0,1,0
0,42,42,60
1,0,1,0
0,20,20,3
34,0,34,0
0,17,17,117
0,7,7,30
10,0,10,0
2,0,2,0
13,0,13,0
0,84,84,18
19,0,19,0
0,3,3,16
4,0,4,0
5,0,5,0
0,74,74,0
4,0,4,0
6,0,6,0
3,0,3,0
4,0,4,0
21,0,21,0
10,0,10,0
0,6,6,24
1,0,1,0
0,5,5,2
5,0,5,0
5,0,5,0
1,0,1,0
3,0,3,0
7,0,7,0
18,0,18,0
9,0,9,0
4,0,4,0
5,0,5,0
4,0,4,0
1,0,1,0
33,0,33,0
1,0,1,0
186,0,186,0
7,0,7,0
5,0,5,0
2,0,2,0
2,0,2,0
39,0,39,0
0,33,33,0
0,212,212,14
4,0,4,0
1,0,1,0
9,0,9,0
4,0,4,0
4,0,4,0
3,0,3,0
1,0,1,0
0,14,14,10
0,157,157,24
243,0,243,0
2,0,2,0
5,0,5,0
0,385,385,40
1,0,1,0
0,2,2,1
1,0,1,0
4,0,4,0
0,514,514,73
2,0,2,0
96,0,96,0
7,0,7,0
9,0,9,0
0,2,2,8
18,0,18,0
19,0,19,0
0,2,2,16
0,3,3,14
1,0,1,0
3,0,3,0
0,41,41,35
5,0,5,0
24,0,24,0
0,17,17,13
3,0,3,0
2,0,2,0
12,0,12,0
0,5,5,27
10,0,10,0
10,0,10,0
9,0,9,0
34,0,34,0
0,18,18,15
16,0,16,0
20,0,20,0
2,0,2,0
2,0,2,0
68,0,68,0
9,0,9,0
9,0,9,0
2,0,2,0
2,0,2,0
0,63,63,24
6,0,6,0
5,0,5,0
2,0,2,0
0,15,15,6
41,0,41,0
0,23,23,62
30,0,30,0
21,0,21,0
3,0,3,0
0,324,324,4
9,0,9,0
1,0,1,0
0,1,1,16
3,0,3,0
0,5,5,2
3,0,3,0
0,61,61,11
2,0,2,0
0,13,13,8
0,85,85,29
0,12,12,12
0,23,23,33
8,0,8,0
10,0,10,0
5,0,5,0
13,0,13,0
1,0,1,0
0,45,45,4
14,0,14,0
2,0,2,0
0,283,283,14
3,0,3,0
0,3,3,15
3,0,3,0
127,0,127,0
1,0,1,0
0,1,1,0
8,0,8,0
0,73,73,9
5,0,5,0
0,14,14,12
1,0,1,0
1,0,1,0
0,13,13,3
14,0,14,0
0,16,16,6
8,0,8,0
0,13,13,21
2,0,2,0
3,0,3,0
14,0,14,0
0,13,13,54
3,0,3,0
0,174,174,5
10,0,10,0
1,0,1,0
6,0,6,0
15,0,15,0
36,0,36,0
0,1,1,19
5,0,5,0
12,0,12,0
0,11,11,187
4,0,4,0
1,0,1,0
6,0,6,0
4,0,4,0
19,0,19,0
1,0,1,0
73,0,73,0
4,0,4,0
10,0,10,0
3,0,3,0
0,6,6,12
0,5,5,10
1,0,1,0
0,12,12,16
5,0,5,0
16,0,16,0
0,48,48,37
0,56,56,23
13,0,13,0
36,0,36,0
45,0,45,0
7,0,7,0
3,0,3,0
2,0,2,0
0,4,4,97
52,0,52,0
0,14,14,0
7,0,7,0
6,0,6,0
2,0,2,0
5,0,5,0
2,0,2,0
2,0,2,0
0,20,20,27
16,0,16,0
1,0,1,0
5,0,5,0
2,0,2,0
1,0,1,0
28,0,28,0
10,0,10,0
0,4,4,50
1,0,1,0
0,3,3,38
5,0,5,0
0,5,5,15
2,0,2,0
7,0,7,0
0,2,2,0
6,0,6,0
6,0,6,0
39,0,39,0
0,8,8,3
7,0,7,0
8,0,8,0
0,134,134,111
2,0,2,0
0,6,6,0
3,0,3,0
3,0,3,0
7,0,7,0
0,3,3,34
1,0,1,0
5,0,5,0
6,0,6,0
18,0,18,0
0,1,1,1
9,0,9,0
0,9,9,77
1,0,1,0
1,0,1,0
0,4,4,27
0,3,3,1
17,0,17,0
4,0,4,0
13,0,13,0
15,0,15,0
2,0,2,0
8,0,8,0
3,0,3,0
5,0,5,0
1,0,1,0
4,0,4,0
1,0,1,0
0,19,19,31
1,0,1,0
0,1,1,25
55,0,55,0
0,6,6,13
13,0,13,0
39,0,39,0
3,0,3,0
2,0,2,0
5,0,5,0
0,16,16,6
6,0,6,0
0,16,16,2
1,0,1,0
42,0,42,0
4,0,4,0
0,8,8,32
21,0,21,0
0,16,16,0
0,26,26,0
5,0,5,0
14,0,14,0
5,0,5,0
111,0,111,0
3,0,3,0
2,0,2,0
2,0,2,0
1,0,1,0
12,0,12,0
1,0,1,0
14,0,14,0
0,171,171,25
1,0,1,0
0,290,290,18
262,0,262,0
22,0,22,0
0,6,6,2
0,28,28,63
3,0,3,0
4,0,4,0
0,25,25,3
5,0,5,0
4,0,4,0
0,19,19,243
5,0,5,0
1,0,1,0
1,0,1,0
47,0,47,0
0,40,40,12
4,0,4,0
8,0,8,0
0,4,4,1
0,2,2,0
3,0,3,0
2,0,2,0
13,0,13,0
0,38,38,12
5,0,5,0
0,3,3,2
3,0,3,0
1,0,1,0
0,2,2,11
2,0,2,0
8,0,8,0
0,10,10,31
3,0,3,0
25,0,25,0
5,0,5,0
0,4,4,41
4,0,4,0
9,0,9,0
28,0,28,0
0,26,26,13
3,0,3,0
7,0,7,0
0,54,54,61
1,0,1,0
0,56,56,5
7,0,7,0
1,0,1,0
0,8,8,11
0,1,1,34
23,0,23,0
22,0,22,0
0,41,41,30
5,0,5,0
8,0,8,0
33,0,33,0
0,6,6,29
0,467,467,99
8,0,8,0
0,4,4,32
5,0,5,0
20,0,20,0
9,0,9,0
2,0,2,0
0,43,43,2
145,0,145,0
4,0,4,0
51,0,51,0
0,2,2,18
41,0,41,0
16,0,16,0
0,2,2,8
4,0,4,0
0,8,8,0
3,0,3,0
30,0,30,0
9,0,9,0
4,0,4,0
9,0,9,0
5,0,5,0
0,12,12,13
1,0,1,0
14,0,14,0
6,0,6,0
0,140,140,45
1,0,1,0
0,3,3,6
10,0,10,0
0,101,101,22
135,0,135,0
1,0,1,0
8,0,8,0
105,0,105,0
8,0,8,0
1,0,1,0
0,47,47,38
36,0,36,0
4,0,4,0
59,0,59,0
1,0,1,0
1,0,1,0
23,0,23,0
39,0,39,0
5,0,5,0
0,195,195,0
106,0,106,0
78,0,78,0
0,4,4,12
0,9,9,11
57,0,57,0
5,0,5,0
0,64,64,8
19,0,19,0
3,0,3,0
2,0,2,0
1,0,1,0
0,7,7,7
0,25,25,27
4,0,4,0
454,0,454,0
0,18,18,13
0,137,137,110
3,0,3,0
0,1,1,1
48,0,48,0
3,0,3,0
12,0,12,0
10,0,10,0
60,0,60,0
19,0,19,0
1,0,1,0
21,0,21,0
3,0,3,0
1,0,1,0
11,0,11,0
93,0,93,0
1,0,1,0
0,18,18,0
0,1,1,49
31,0,31,0
1,0,1,0
1,0,1,0
24,0,24,0
1,0,1,0
2,0,2,0
27,0,27,0
80,0,80,0
13,0,13,0
6,0,6,0
3,0,3,0
0,11,11,32
0,26,26,1
2,0,2,0
19,0,19,0
0,20,20,44
5,0,5,0
2,0,2,0
1,0,1,0
0,37,37,72
0,5,5,7
0,92,92,5
6,0,6,0
54,0,54,0
36,0,36,0
89,0,89,0
0,9,9,22
10,0,10,0
2,0,2,0
3,0,3,0
0,18,18,25
1,0,1,0
10,0,10,0
0,4,4,28
12,0,12,0
13,0,13,0
0,51,51,78
0,8,8,13
38,0,38,0
0,25,25,11
2,0,2,0
0,1,1,20
0,253,253,144
0,49,49,15
1,0,1,0
28,0,28,0
10,0,10,0
0,48,48,177
6,0,6,0
1,0,1,0
0,5,5,62
1,0,1,0
4,0,4,0
0,95,95,29
27,0,27,0
5,0,5,0
5,0,5,0
4,0,4,0
272,0,272,0
2,0,2,0
141,0,141,0
15,0,15,0
4,0,4,0
2,0,2,0
0,2,2,32
367,0,367,0
0,44,44,18
1,0,1,0
0,2,2,4
15,0,15,0
0,21,21,14
0,15,15,4
23,0,23,0
0,99,99,14
1,0,1,0
0,12,12,0
3,0,3,0
1,0,1,0
6,0,6,0
8,0,8,0
1,0,1,0
17,0,17,0
0,18,18,5
14,0,14,0
2,0,2,0
0,3,3,3
2,0,2,0
10,0,10,0
3,0,3,0
2,0,2,0
1,0,1,0
21,0,21,0
2,0,2,0
7,0,7,0
1,0,1,0
15,0,15,0
35,0,35,0
19,0,19,0
0,1,1,22
6,0,6,0
27,0,27,0
4,0,4,0
9,0,9,0
21,0,21,0
1,0,1,0
76,0,76,0
2,0,2,0
7,0,7,0
6,0,6,0
1,0,1,0
0,5,5,14
0,1,1,3
5,0,5,0
1,0,1,0
2,0,2,0
1,0,1,0
0,7,7,19
2,0,2,0
8,0,8,0
1,0,1,0
1,0,1,0
2,0,2,0
3,0,3,0
3,0,3,0
36,0,36,0
19,0,19,0
1,0,1,0
0,138,138,34
3,0,3,0
0,44,44,25
0,63,63,54
2,0,2,0
2,0,2,0
2,0,2,0
2,0,2,0
0,2,2,11
5,0,5,0
0,8,8,12
0,1,1,45
306,0,306,0
51,0,51,0
8,0,8,0
0,2,2,2
10,0,10,0
0,53,53,18
0,1338,1338,7
4,0,4,0
26,0,26,0
13,0,13,0
0,427,427,35
380,0,380,0
26,0,26,0
196,0,196,0
67,0,67,0
0,91,91,30
76,0,76,0
1,0,1,0
37,0,37,0
0,39,39,32
33,0,33,0
3,0,3,0
3,0,3,0
3,0,3,0
0,139,139,4
1,0,1,0
93,0,93,0
0,26,26,28
4,0,4,0
1,0,1,0
10,0,10,0
2,0,2,0
0,1,1,0
0,81,81,88
25,0,25,0
1,0,1,0
2,0,2,0
0,341,341,7
2,0,2,0
2,0,2,0
6,0,6,0
3,0,3,0
0,6,6,0
21,0,21,0
178,0,178,0
0,16,16,0
0,10,10,10
9,0,9,0
4,0,4,0
43,0,43,0
2,0,2,0
0,8,8,0
110,0,110,0
2,0,2,0
8,0,8,0
62,0,62,0
4,0,4,0
45,0,45,0
1,0,1,0
23,0,23,0
8,0,8,0
0,16,16,34
3,0,3,0
0,4,4,14
16,0,16,0
16,0,16,0
2,0,2,0
0,113,113,28
82,0,82,0
1,0,1,0
1,0,1,0
6,0,6,0
5,0,5,0
0,37,37,14
400,0,400,0
29,0,29,0
2,0,2,0
2,0,2,0
2,0,2,0
132,0,132,0
12,0,12,0
2,0,2,0
11,0,11,0
0,1,1,21
5,0,5,0
3,0,3,0
441,0,441,0
26,0,26,0
0,21,21,7
2,0,2,0
1,0,1,0
0,42,42,14
0,18,18,64
4,0,4,0
6,0,6,0
1,0,1,0
62,0,62,0
1,0,1,0
1,0,1,0
2,0,2,0
22,0,22,0
10,0,10,0
1,0,1,0
7,0,7,0
30,0,30,0
0,46,46,4
11,0,11,0
34,0,34,0
5,0,5,0
16,0,16,0
0,1,1,7
7,0,7,0
2,0,2,0
1,0,1,0
5,0,5,0
0,2,2,17
1,0,1,0
3,0,3,0
0,31,31,14
6,0,6,0
7,0,7,0
8,0,8,0
0,25,25,11
13,0,13,0
0,10,10,63
37,0,37,0
1,0,1,0
33,0,33,0
2,0,2,0
0,4,4,14
0,10,10,80
5,0,5,0
1,0,1,0
0,22,22,25
1,0,1,0
28,0,28,0
0,368,368,33
0,14,14,46
2,0,2,0
6,0,6,0
0,7,7,2
23,0,23,0
0,18,18,50
2,0,2,0
0,21,21,159
4,0,4,0
0,4,4,1
22,0,22,0
14,0,14,0
39,0,39,0
2,0,2,0
5,113,118,31
166,0,166,0
2,0,2,0
7,0,7,0
45,0,45,0
2,0,2,0
55,0,55,0
4,0,4,0
5,0,5,0
0,78,78,45
3,0,3,0
9,0,9,0
0,1,1,4
24,0,24,0
2,0,2,0
0,31,31,38
3,0,3,0
1,0,1,0
10,0,10,0
1,0,1,0
0,1,1,11
3,0,3,0
0,18,18,56
0,253,253,42
13,0,13,0
0,8,8,92
3,0,3,0
0,131,131,99
1,0,1,0
44,0,44,0
43,0,43,0
0,48,48,9
1,0,1,0
38,0,38,0
15,0,15,0
6,0,6,0
8,0,8,0
11,0,11,0
4,0,4,0
0,51,51,91
1,0,1,0
2,0,2,0
53,0,53,0
0,89,89,54
45,0,45,0
18,0,18,0
4,0,4,0
0,1,1,0
0,366,366,12
82,0,82,0
2,0,2,0
16,0,16,0
0,1,1,8
23,0,23,0
0,77,77,11
6,0,6,0
0,196,196,50
4,0,4,0
15,0,15,0
16,0,16,0
0,31,31,33
5,0,5,0
0,114,114,35
13,0,13,0
0,108,108,105
33,0,33,0
0,6,6,2
0,81,81,35
17,0,17,0
0,7,7,12
1,0,1,0
0,2,2,0
8,0,8,0
5,0,5,0
47,0,47,0
23,0,23,0
1,0,1,0
37,0,37,0
106,0,106,0
5,0,5,0
3,0,3,0
2,0,2,0
1,0,1,0
0,167,167,62
1,0,1,0
0,2,2,18
0,34,34,4
0,1,1,4
10,0,10,0
12,0,12,0
13,0,13,0
10,0,10,0
15,0,15,0
0,17,17,0
19,0,19,0
0,1,1,27
6,0,6,0
0,24,24,28
5,0,5,0
6,0,6,0
0,15,15,17
77,0,77,0
0,3,3,8
1,0,1,0
0,2,2,3
1,0,1,0
22,0,22,0
1,0,1,0
0,3,3,2
2,0,2,0
2,0,2,0
2,0,2,0
11,0,11,0
19,0,19,0
5,0,5,0
0,2,2,22
1,0,1,0
412,0,412,0
255,0,255,0
1,0,1,0
9,0,9,0
198,0,198,0
2,0,2,0
0,15,15,13
1,0,1,0
0,512,512,0
5,0,5,0
90,0,90,0
0,30,30,12
3,0,3,0
0,18,18,28
181,0,181,0
21,0,21,0
25,0,25,0
0,556,556,6
0,27,27,3
3,0,3,0
39,0,39,0
0,490,490,27
2,0,2,0
0,1,1,11
0,2,2,9
5,0,5,0
141,0,141,0
56,0,56,0
0,163,163,22
98,0,98,0
0,15,15,32
1,0,1,0
0,60,60,106
0,10,10,7
37,0,37,0
2,0,2,0
0,22,22,0
1,0,1,0
4,0,4,0
0,15,15,3
48,0,48,0
0,2,2,125
17,0,17,0
5,0,5,0
2,0,2,0
0,2,2,0
1,0,1,0
0,15,15,0
12,0,12,0
2,0,2,0
0,7,7,0
62,0,62,0
2,0,2,0
20,0,20,0
7,0,7,0
7,0,7,0
2,0,2,0
0,5,5,14
1,0,1,0
2,0,2,0
7,0,7,0
8,0,8,0
0,12,12,24
0,1,1,29
0,16,16,2
7,0,7,0
4,0,4,0
0,1,1,4
0,2,2,5
1,0,1,0
0,3,3,52
102,0,102,0
14,0,14,0
23,0,23,0
17,0,17,0
104,0,104,0
1,0,1,0
7,0,7,0
1,0,1,0
17,0,17,0
2,0,2,0
1,0,1,0
68,0,68,0
1,0,1,0
1,0,1,0
0,6,6,14
1,0,1,0
5,0,5,0
6,0,6,0
0,6,6,40
13,0,13,0
30,0,30,0
0,8,8,24
1,0,1,0
0,10,10,59
5,0,5,0
0,127,127,15
1,0,1,0
5,0,5,0
4,0,4,0
4,0,4,0
5,0,5,0
25,0,25,0
0,42,42,0
34,0,34,0
0,16,16,1
0,364,364,7
361,0,361,0
0,140,140,19
5,0,5,0
4,0,4,0
0,1,1,6
6,0,6,0
0,21,21,30
1,0,1,0
2,0,2,0
0,144,144,78
29,0,29,0
12,0,12,0
2,0,2,0
79,0,79,0
9,0,9,0
16,0,16,0
24,0,24,0
0,4,4,14
6,0,6,0
0,62,62,49
8,0,8,0
0,117,117,8
84,0,84,0
0,52,52,20
2,0,2,0
1,0,1,0
0,1,1,17
17,0,17,0
8,0,8,0
69,0,69,0
15,0,15,0
1,0,1,0
0,9,9,6
8,0,8,0
55,0,55,0
0,29,29,9
8,0,8,0
35,0,35,0
35,0,35,0
3,0,3,0
0,3,3,5
1,0,1,0
10,0,10,0
0,44,44,10
7,0,7,0
3,0,3,0
7,0,7,0
0,1,1,0
5,0,5,0
9,0,9,0
88,0,88,0
1,0,1,0
0,7,7,25
0,11,11,7
24,0,24,0
3,0,3,0
0,20,20,8
0,48,48,4
40,0,40,0
16,0,16,0
0,25,25,23
10,0,10,0
4,0,4,0
7,0,7,0
30,0,30,0
1,0,1,0
2,0,2,0
1,0,1,0
0,3,3,4
3,0,3,0
0,54,54,9
2,0,2,0
0,20,20,53
2,0,2,0
5,0,5,0
0,2,2,22
4,0,4,0
10,0,10,0
6,0,6,0
72,0,72,0
33,0,33,0
1,0,1,0
0,5,5,58
4,0,4,0
1,0,1,0
6,0,6,0
8,0,8,0
111,0,111,0
0,16,16,11
4,0,4,0
1,0,1,0
2,0,2,0
10,0,10,0
14,0,14,0
1,0,1,0
8,0,8,0
0,11,11,15
3,0,3,0
9,0,9,0
3,0,3,0
5,0,5,0
17,0,17,0
15,0,15,0
3,0,3,0
0,4,4,4
25,0,25,0
1,0,1,0
10,0,10,0
0,83,83,14
1,0,1,0
13,0,13,0
21,0,21,0
20,0,20,0
3,0,3,0
27,0,27,0
8,0,8,0
3,0,3,0
2,0,2,0
60,0,60,0
0,70,70,70
54,0,54,0
3,0,3,0
1,0,1,0
2,0,2,0
1,0,1,0
12,0,12,0
19,0,19,0
2,0,2,0
0,3,3,2
2,0,2,0
1,0,1,0
1,0,1,0
41,0,41,0
0,57,57,2
5,0,5,0
17,0,17,0
4,0,4,0
2,0,2,0
0,20,20,31
0,1565,1565,7
1,0,1,0
0,31,31,73
10,0,10,0
0,17,17,29
1,0,1,0
3,0,3,0
1,0,1,0
431,0,431,0
0,5,5,17
0,87,87,41
2,0,2,0
2,0,2,0
0,13,13,6
1,0,1,0
143,0,143,0
4,0,4,0
4,0,4,0
0,129,129,45
1,0,1,0
1,0,1,0
4,0,4,0
6,0,6,0
5,0,5,0
0,3,3,12
5,0,5,0
0,54,54,14
12,0,12,0
5,0,5,0
0,68,68,56
0,1,1,2
9,0,9,0
4,0,4,0
1,0,1,0
0,4,4,21
0,27,27,7
2,0,2,0
0,95,95,112
1,0,1,0
0,1,1,0
0,31,31,16
12,0,12,0
0,2,2,11
0,2,2,2
0,1,1,5
1,0,1,0
1,0,1,0
29,0,29,0
0,1,1,34
4,0,4,0
7,0,7,0
15,0,15,0
3,0,3,0
19,0,19,0
2,0,2,0
11,0,11,0
3,0,3,0
6,0,6,0
7,0,7,0
4,0,4,0
0,1,1,9
1,0,1,0
31,0,31,0
0,30,30,17
2,0,2,0
15,0,15,0
0,7,7,10
3,0,3,0
2,0,2,0
0,9,9,52
0,5,5,11
18,0,18,0
0,1,1,61
1,0,1,0
1,0,1,0
2,0,2,0
20,0,20,0
1,0,1,0
0,11,11,10
0,5,5,60
11,0,11,0
1,0,1,0
13,0,13,0
8,0,8,0
4,0,4,0
3,0,3,0
0,30,30,5
10,0,10,0
256,0,256,0
0,39,39,46
6,0,6,0
2,0,2,0
33,0,33,0
2,0,2,0
0,1,1,9
3,0,3,0
0,8,8,4
1,0,1,0
20,0,20,0
1,0,1,0
0,4,4,0
25,0,25,0
6,0,6,0
7,0,7,0
1,0,1,0
0,66,66,69
3,0,3,0
50,0,50,0
382,0,382,0
1,0,1,0
0,58,58,5
0,23,23,21
24,0,24,0
0,183,183,22
9,0,9,0
1,0,1,0
7,0,7,0
1,0,1,0
2,0,2,0
66,0,66,0
71,0,71,0
0,1,1,9
0,3,3,5
2,0,2,0
0,93,93,6
3,0,3,0
82,0,82,0
41,0,41,0
7,0,7,0
4,0,4,0
2,0,2,0
4,0,4,0
4,0,4,0
2,0,2,0
31,0,31,0
0,1,1,2
40,0,40,0
2,0,2,0
12,0,12,0
0,132,132,90
186,0,186,0
0,3,3,8
0,61,61,14
37,0,37,0
46,0,46,0
2,0,2,0
1,0,1,0
0,16,16,4
2,0,2,0
1,0,1,0
7,0,7,0
7,0,7,0
1,0,1,0
1,0,1,0
0,68,68,7
60,0,60,0
0,2,2,0
0,63,63,20
12,0,12,0
9,0,9,0
6,0,6,0
46,0,46,0
19,0,19,0
4,0,4,0
0,728,728,201
5,0,5,0
0,31,31,29
6,0,6,0
17,0,17,0
5,0,5,0
0,71,71,65
1,0,1,0
1,0,1,0
1,0,1,0
20,0,20,0
100,0,100,0
0,215,215,11
11,0,11,0
0,13,13,24
9,0,9,0
1,0,1,0
4,0,4,0
0,81,81,59
0,1,1,6
83,0,83,0
7,0,7,0
1,0,1,0
21,0,21,0
3,0,3,0
0,10,10,14
0,6,6,1
5,0,5,0
0,4,4,16
0,30,30,0
0,34,34,18
17,0,17,0
0,35,35,17
1,0,1,0
0,23,23,1
2,0,2,0
49,0,49,0
14,0,14,0
1,0,1,0
1,0,1,0
27,0,27,0
0,27,27,5
30,0,30,0
0,108,108,56
0,5,5,137
2,0,2,0
4,0,4,0
15,0,15,0
1,0,1,0
1,0,1,0
3,0,3,0
1,0,1,0
1,0,1,0
1,0,1,0
0,1,1,12
0,5,5,1
0,25,25,17
0,15,15,22
2,0,2,0
0,3,3,1
45,0,45,0
3,0,3,0
9,0,9,0
5,0,5,0
21,0,21,0
0,10,10,1
14,0,14,0
0,59,59,89
33,0,33,0
110,0,110,0
9,0,9,0
2,0,2,0
0,3,3,1
1,0,1,0
0,6,6,10
8,0,8,0
0,10,10,41
0,1,1,4
12,0,12,0
3,0,3,0
0,3,3,5
0,2,2,0
1,0,1,0
1,0,1,0
1,0,1,0
0,2,2,17
1,0,1,0
2,0,2,0
9,0,9,0
63,0,63,0
0,21,21,42
0,6,6,6
86,0,86,0
49,0,49,0
54,0,54,0
2,0,2,0
0,8,8,18
15,0,15,0
3,0,3,0
9,0,9,0
4,0,4,0
0,103,103,25
2,0,2,0
12,0,12,0
0,48,48,10
4,0,4,0
38,0,38,0
0,53,53,48
4,0,4,0
35,0,35,0
0,77,77,6
3,0,3,0
8,0,8,0
3,0,3,0
5,0,5,0
0,2,2,5
2,0,2,0
2,0,2,0
4,0,4,0
0,34,34,14
12,0,12,0
0,6,6,0
0,5,5,19
1,0,1,0
1,0,1,0
1,0,1,0
9,0,9,0
0,5,5,1
0,39,39,14
18,0,18,0
0,12,12,3
24,0,24,0
2,0,2,0
8,0,8,0
67,0,67,0
0,51,51,8
1,0,1,0
2,0,2,0
3,0,3,0
44,0,44,0
17,0,17,0
0,3,3,28
0,10,10,19
0,18,18,27
3,0,3,0
0,4,4,4
2,0,2,0
31,0,31,0
60,0,60,0
0,27,27,45
2,0,2,0
116,0,116,0
1,0,1,0
0,171,171,8
32,0,32,0
8,0,8,0
1,0,1,0
0,125,125,41
1,0,1,0
3,0,3,0
0,1,1,33
2,0,2,0
0,13,13,54
1,0,1,0
15,0,15,0
0,4,4,15
0,321,321,63
56,0,56,0
3,0,3,0
9,0,9,0
26,0,26,0
0,3,3,15
1,0,1,0
4,0,4,0
0,18,18,1
2,0,2,0
0,185,185,1
6,0,6,0
3,0,3,0
0,84,84,2
67,0,67,0
24,0,24,0
3,0,3,0
61,0,61,0
3,0,3,0
6,0,6,0
1,0,1,0
0,71,71,45
1,0,1,0
1,0,1,0
0,82,82,1
2,0,2,0
21,0,21,0
11,0,11,0
23,0,23,0
25,0,25,0
0,13,13,0
0,16,16,35
0,1,1,7
8,0,8,0
2,0,2,0
0,10,10,1
1,0,1,0
0,21,21,26
135,0,135,0
0,197,197,17
1,0,1,0
1,0,1,0
0,25,25,1
3,0,3,0
6,0,6,0
3,0,3,0
0,40,40,20
2,0,2,0
0,3,3,13
7,0,7,0
8,0,8,0
0,50,50,1
0,25,25,19
5,0,5,0
0,13,13,25
2,0,2,0
0,29,29,5
82,0,82,0
15,0,15,0
2,0,2,0
0,150,150,1
0,3,3,5
0,3,3,1
1,0,1,0
10,0,10,0
20,0,20,0
0,205,205,86
63,0,63,0
1,0,1,0
2,0,2,0
1,0,1,0
36,0,36,0
0,13,13,76
37,0,37,0
16,0,16,0
0,7,7,103
1,0,1,0
1,0,1,0
2,0,2,0
0,21,21,20
2,0,2,0
0,5,5,10
1,0,1,0
19,0,19,0
22,0,22,0
0,99,99,27
0,59,59,6
17,0,17,0
44,0,44,0
0,72,72,24
0,48,48,81
29,0,29,0
1,0,1,0
2,0,2,0
0,22,22,21
0,8,8,5
2,0,2,0
0,7,7,5
2,0,2,0
12,0,12,0
2,0,2,0
4,0,4,0
0,22,22,2
10,0,10,0
0,2,2,5
3,0,3,0
10,0,10,0
5,0,5,0
0,6,6,1
0,33,33,34
1,0,1,0
0,35,35,9
0,3,3,6
17,0,17,0
4,0,4,0
0,167,167,56
1,0,1,0
154,0,154,0
0,146,146,10
3,0,3,0
12,0,12,0
0,20,20,21
18,0,18,0
9,0,9,0
2,0,2,0
4,0,4,0
64,0,64,0
1,0,1,0
0,21,21,40
11,0,11,0
1,0,1,0
8,0,8,0
1,0,1,0
0,44,44,0
0,65,65,0
7,0,7,0
1,0,1,0
6,0,6,0
9,0,9,0
0,11,11,0
4,0,4,0
0,3,3,9
7,0,7,0
49,0,49,0
1,0,1,0
16,0,16,0
0,1,1,3
13,0,13,0
11,0,11,0
1,0,1,0
0,57,57,3
3,0,3,0
6,0,6,0
0,4,4,0
6,0,6,0
0,142,142,10
2,0,2,0
0,1,1,20
7,0,7,0
0,82,82,3
0,7,7,1
0,20,20,7
13,0,13,0
0,12,12,13
0,17,17,5
2,0,2,0
74,0,74,0
1,0,1,0
5,0,5,0
11,0,11,0
259,0,259,0
12,0,12,0
0,4,4,27
3,0,3,0
38,0,38,0
3,0,3,0
2,0,2,0
8,0,8,0
0,136,136,36
66,0,66,0
0,51,51,5
452,0,452,0
248,0,248,0
0,32,32,9
9,0,9,0
3,0,3,0
0,2,2,4
0,53,53,2
0,2,2,49
3,0,3,0
10,0,10,0
27,0,27,0
9,0,9,0
6,0,6,0
0,3,3,317
0,55,55,3
0,1,1,18
39,0,39,0
4,0,4,0
13,0,13,0
67,0,67,0
0,381,381,32
2,0,2,0
0,154,154,56
26,0,26,0
8,0,8,0
41,0,41,0
4,0,4,0
0,13,13,2
2,0,2,0
11,0,11,0
16,0,16,0
2,0,2,0
0,2,2,3
12,0,12,0
3,0,3,0
353,0,353,0
2,0,2,0
1,0,1,0
0,2,2,4
2,0,2,0
12,0,12,0
2,0,2,0
306,0,306,0
37,0,37,0
97,0,97,0
2,0,2,0
18,0,18,0
10,0,10,0
5,0,5,0
0,113,113,49
0,4,4,7
5,0,5,0
42,0,42,0
0,2,2,0
164,0,164,0
1,0,1,0
9,0,9,0
1,0,1,0
1,0,1,0
7,0,7,0
4,0,4,0
0,8,8,19
30,0,30,0
16,0,16,0
0,17,17,5
23,0,23,0
0,34,34,48
2,0,2,0
0,20,20,16
6,0,6,0
2,0,2,0
0,60,60,2
4,0,4,0
1,0,1,0
0,5,5,88
0,1,1,0
4,0,4,0
0,1,1,6
15,0,15,0
14,0,14,0
0,1,1,2
1,0,1,0
2,0,2,0
1,0,1,0
1,0,1,0
4,0,4,0
0,182,182,19
0,39,39,18
17,0,17,0
12,0,12,0
2,0,2,0
0,17,17,4
3,0,3,0
0,258,258,27
27,0,27,0
0,9,9,40
4,0,4,0
0,8,8,4
31,0,31,0
0,101,101,41
20,0,20,0
0,20,20,0
0,2,2,4
10,0,10,0
0,157,157,38
0,85,85,34
0,71,71,14
2,0,2,0
25,0,25,0
16,0,16,0
2,0,2,0
44,0,44,0
10,0,10,0
46,0,46,0
2,0,2,0
105,0,105,0
14,0,14,0
0,74,74,7
4,0,4,0
56,0,56,0
19,0,19,0
1,0,1,0
22,0,22,0
1,0,1,0
3,0,3,0
0,3,3,3
1,0,1,0
0,8,8,19
11,0,11,0
0,94,94,6
136,0,136,0
0,6,6,8
1,0,1,0
0,1,1,13
5,0,5,0
1,0,1,0
0,14,14,8
4,0,4,0
5,0,5,0
394,0,394,0
26,0,26,0
15,0,15,0
0,49,49,4
35,0,35,0
1,0,1,0
7,0,7,0
3,0,3,0
0,35,35,16
6,0,6,0
114,0,114,0
17,0,17,0
2,0,2,0
1,0,1,0
2,0,2,0
4,0,4,0
10,0,10,0
0,28,28,6
0,1,1,0
10,0,10,0
0,11,11,20
2,0,2,0
6,0,6,0
0,1,1,0
9,0,9,0
3,0,3,0
75,0,75,0
0,28,28,30
3,0,3,0
0,8,8,19
0,69,69,13
1,0,1,0
53,0,53,0
2,0,2,0
1,0,1,0
3,0,3,0
9,0,9,0
1,0,1,0
1,0,1,0
3,0,3,0
1,0,1,0
0,1,1,284
4,0,4,0
1,0,1,0
0,4,4,30
0,7,7,0
33,0,33,0
7,0,7,0
0,1,1,53
11,0,11,0
53,0,53,0
1,0,1,0
0,182,182,32
0,25,25,21
0,1,1,1
45,0,45,0
5,0,5,0
1,0,1,0
12,0,12,0
4,0,4,0
2,0,2,0
8,0,8,0
0,4,4,44
6,0,6,0
1,0,1,0
7,0,7,0
72,0,72,0
0,3,3,7
8,0,8,0
2,0,2,0
26,0,26,0
0,17,17,4
1,0,1,0
0,2,2,80
1,0,1,0
18,0,18,0
0,17,17,7
74,0,74,0
3,0,3,0
0,92,92,10
2,0,2,0
1,0,1,0
23,0,23,0
0,34,34,8
46,0,46,0
27,0,27,0
0,34,34,3
33,0,33,0
1,0,1,0
2,0,2,0
0,35,35,39
2,0,2,0
198,0,198,0
42,0,42,0
12,0,12,0
0,70,70,96
0,63,63,28
0,39,39,11
19,0,19,0
3,0,3,0
18,0,18,0
0,1,1,9
0,58,58,61
13,0,13,0
0,5,5,0
2,0,2,0
1,0,1,0
10,0,10,0
0,8,8,0
2,0,2,0
4,0,4,0
0,15,15,9
8,0,8,0
1,0,1,0
133,0,133,0
22,0,22,0
0,86,86,29
0,13,13,105
11,0,11,0
0,6,6,3
46,0,46,0
0,8,8,6
47,0,47,0
10,0,10,0
61,0,61,0
59,0,59,0
1,0,1,0
0,11,11,63
1,0,1,0
0,1,1,0
0,35,35,5
12,0,12,0
0,200,200,72
12,0,12,0
9,0,9,0
71,0,71,0
80,0,80,0
0,68,68,25
140,0,140,0
2,0,2,0
78,0,78,0
3,0,3,0
8,0,8,0
2,0,2,0
29,0,29,0
1,0,1,0
8,0,8,0
34,0,34,0
1,0,1,0
2,0,2,0
0,23,23,17
20,0,20,0
0,2,2,3
31,0,31,0
5,0,5,0
4,0,4,0
11,0,11,0
4,0,4,0
0,3,3,39
6,0,6,0
2,0,2,0
0,16,16,3
1,0,1,0
2,0,2,0
6,0,6,0
3,0,3,0
160,0,160,0
6,0,6,0
1,0,1,0
1,0,1,0
5,0,5,0
1,0,1,0
12,0,12,0
56,0,56,0
2,0,2,0
3,0,3,0
0,71,71,44
3,0,3,0
3,0,3,0
118,0,118,0
0,88,88,5
3,0,3,0
4,0,4,0
14,0,14,0
0,19,19,3
0,9,9,4
14,0,14,0
1,0,1,0
0,8,8,16
26,0,26,0
1,0,1,0
0,120,120,45
0,35,35,149
75,0,75,0
1,0,1,0
15,0,15,0
6,0,6,0
15,0,15,0
0,99,99,47
0,11,11,32
0,105,105,45
0,23,23,15
1,0,1,0
1,0,1,0
2,0,2,0
2,0,2,0
8,0,8,0
74,0,74,0
2,0,2,0
1,0,1,0
0,1,1,26
0,6,6,30
1,0,1,0
7,0,7,0
7,0,7,0
16,0,16,0
14,0,14,0
30,0,30,0
4,0,4,0
0,636,636,56
4,0,4,0
6,0,6,0
2,0,2,0
0,183,183,15
3,0,3,0
1,0,1,0
0,18,18,136
0,106,106,8
7,0,7,0
2,0,2,0
1,0,1,0
41,0,41,0
1,0,1,0
19,0,19,0
0,4,4,0
2,0,2,0
3,0,3,0
0,16,16,24
0,89,89,307
81,0,81,0
9,0,9,0
0,2,2,55
38,0,38,0
24,0,24,0
1,0,1,0
0,2,2,5
4,0,4,0
1,0,1,0
5,0,5,0
0,41,41,46
1,0,1,0
38,0,38,0
8,0,8,0
25,0,25,0
3,0,3,0
16,0,16,0
20,0,20,0
3,0,3,0
2,0,2,0
0,1,1,2
4,0,4,0
3,0,3,0
17,0,17,0
27,0,27,0
74,0,74,0
27,0,27,0
0,10,10,11
1,0,1,0
111,0,111,0
0,4,4,23
3,0,3,0
1,0,1,0
0,100,100,21
20,0,20,0
1,0,1,0
32,0,32,0
44,0,44,0
2,0,2,0
0,1,1,115
1,0,1,0
21,0,21,0
28,0,28,0
2,0,2,0
0,2,2,6
87,0,87,0
0,32,32,3
0,11,11,2
10,0,10,0
37,0,37,0
22,0,22,0
0,1,1,27
0,7,7,4
5,0,5,0
3,0,3,0
6,0,6,0
0,4,4,85
2,0,2,0
33,0,33,0
0,26,26,61
3,0,3,0
0,133,133,45
292,0,292,0
9,0,9,0
51,0,51,0
0,49,49,35
0,18,18,4
9,0,9,0
12,0,12,0
0,9,9,13
66,0,66,0
3,0,3,0
5,0,5,0
4,0,4,0
17,0,17,0
0,18,18,17
0,7,7,12
39,0,39,0
14,0,14,0
1,0,1,0
0,20,20,5
0,271,271,27
281,0,281,0
4,0,4,0
7,0,7,0
362,0,362,0
0,29,29,22
17,0,17,0
0,81,81,36
1,0,1,0
0,64,64,19
3,0,3,0
30,0,30,0
2,0,2,0
0,88,88,214
0,178,178,16
5,0,5,0
2,0,2,0
43,0,43,0
1,0,1,0
13,0,13,0
0,11,11,51
15,0,15,0
9,0,9,0
4,0,4,0
13,0,13,0
8,0,8,0
1,0,1,0
0,7,7,98
18,0,18,0
9,0,9,0
0,13,13,38
11,0,11,0
252,0,252,0
2,0,2,0
1,0,1,0
0,356,356,109
5,0,5,0
1,0,1,0
1,0,1,0
7,0,7,0
1,0,1,0
49,0,49,0
0,5,5,27
1,0,1,0
1,0,1,0
2,0,2,0
1,0,1,0
12,0,12,0
5,0,5,0
26,0,26,0
7,0,7,0
0,2,2,3
1,0,1,0
71,0,71,0
9,0,9,0
4,0,4,0
0,131,131,26
0,27,27,37
4,0,4,0
0,7,7,42
32,0,32,0
7,0,7,0
14,0,14,0
0,15,15,34
1,0,1,0
8,0,8,0
0,3,3,39
5,0,5,0
0,19,19,0
15,0,15,0
3,0,3,0
1,0,1,0
10,0,10,0
1,0,1,0
7,0,7,0
0,1,1,2
2,0,2,0
3,0,3,0
9,0,9,0
0,12,12,8
10,0,10,0
0,33,33,2
27,0,27,0
2,0,2,0
2,0,2,0
2,0,2,0
3,0,3,0
0,34,34,45
0,14,14,12
1,0,1,0
50,0,50,0
1,0,1,0
2,0,2,0
0,5,5,71
0,45,45,56
0,43,43,16
16,0,16,0
2,0,2,0
3,0,3,0
1,0,1,0
12,0,12,0
0,2,2,4
2,0,2,0
5,0,5,0
0,4,4,54
24,0,24,0
29,0,29,0
1,0,1,0
8,0,8,0
7,0,7,0
0,5,5,6
75,0,75,0
0,6,6,37
2,0,2,0
4,0,4,0
0,8,8,21
4,0,4,0
20,0,20,0
0,1,1,33
0,23,23,5
12,0,12,0
8,0,8,0
1,0,1,0
1,0,1,0
0,10,10,5
142,0,142,0
3,0,3,0
0,110,110,29
4,0,4,0
16,0,16,0
10,0,10,0
2,0,2,0
41,0,41,0
18,0,18,0
2,0,2,0
0,86,86,40
131,0,131,0
4,0,4,0
0,1,1,127
1,0,1,0
0,32,32,17
0,10,10,4
1,0,1,0
14,0,14,0
9,0,9,0
0,28,28,7
9,0,9,0
0,9,9,58
1,0,1,0
1,0,1,0
1,0,1,0
0,5,5,0
16,0,16,0
1,0,1,0
3,0,3,0
6,0,6,0
1,0,1,0
0,15,15,4
3,0,3,0
12,0,12,0
4,0,4,0
0,2,2,45
0,156,156,125
75,0,75,0
0,267,267,65
2,0,2,0
1,0,1,0
0,20,20,17
6,0,6,0
53,0,53,0
0,190,190,10
0,165,165,22
134,0,134,0
0,58,58,0
0,2,2,0
0,35,35,2
0,8,8,12
54,0,54,0
1,0,1,0
1,0,1,0
0,217,217,11
14,0,14,0
0,44,44,7
26,0,26,0
0,3,3,20
15,0,15,0
17,0,17,0
9,0,9,0
2,0,2,0
0,4,4,37
1,0,1,0
1,0,1,0
6,0,6,0
0,172,172,8
0,182,182,110
20,0,20,0
33,0,33,0
6,0,6,0
0,21,21,35
22,0,22,0
226,0,226,0
1,0,1,0
0,12,12,17
0,9,9,31
11,0,11,0
0,4,4,0
3,0,3,0
0,27,27,11
6,0,6,0
2,0,2,0
11,0,11,0
141,0,141,0
156,0,156,0
1,0,1,0
1,0,1,0
1,0,1,0
0,166,166,23
1,0,1,0
4,0,4,0
2,0,2,0
9,0,9,0
0,9,9,131
0,4,4,17
1,0,1,0
0,8,8,10
105,0,105,0
56,0,56,0
232,0,232,0
0,8,8,0
24,0,24,0
0,45,45,2
6,0,6,0
33,0,33,0
0,8,8,15
2,0,2,0
1,0,1,0
1,0,1,0
1,0,1,0
1,0,1,0
2,0,2,0
0,5,5,15
0,2,2,13
1,0,1,0
0,17,17,2
16,0,16,0
0,5,5,72
0,1,1,156
93,0,93,0
0,15,15,3
2,0,2,0
0,289,289,11
6,0,6,0
10,0,10,0
2,0,2,0
1,0,1,0
0,168,168,63
4,0,4,0
9,0,9,0
0,4,4,11
1,0,1,0
16,0,16,0
0,50,50,66
0,11,11,27
1,0,1,0
12,0,12,0
2,0,2,0
3,0,3,0
0,2,2,2
0,42,42,5
12,0,12,0
3,0,3,0
33,0,33,0
1,0,1,0
156,0,156,0
0,9,9,5
0,2,2,2
0,191,191,54
1,0,1,0
0,272,272,34
0,18,18,42
50,0,50,0
0,4,4,30
0,244,244,42
0,5,5,12
49,0,49,0
553,0,553,0
2,0,2,0
0,9,9,18
0,7,7,3
2,0,2,0
9,0,9,0
5,0,5,0
3,0,3,0
2,0,2,0
1,0,1,0
56,0,56,0
0,6,6,94
16,0,16,0
0,258,258,13
3,0,3,0
0,6,6,19
42,0,42,0
56,0,56,0
0,8,8,22
1,0,1,0
17,0,17,0
0,3,3,13
0,1,1,3
3,0,3,0
2,0,2,0
0,24,24,11
156,0,156,0
2,0,2,0
2,0,2,0
1,0,1,0
0,129,129,41
13,0,13,0
190,0,190,0
1,0,1,0
0,10,10,7
3,0,3,0
1,0,1,0
0,26,26,2
0,12,12,27
1,0,1,0
0,63,63,0
20,0,20,0
2,0,2,0
0,18,18,3
12,0,12,0
7,0,7,0
2,0,2,0
1,0,1,0
0,42,42,24
0,71,71,5
6,0,6,0
0,3,3,4
6,0,6,0
0,1,1,0
6,0,6,0
0,238,238,5
0,50,50,36
6,0,6,0
4,0,4,0
30,0,30,0
4,0,4,0
6,0,6,0
49,0,49,0
13,0,13,0
3,0,3,0
0,14,14,5
0,3,3,49
27,0,27,0
0,69,69,42
2,0,2,0
10,0,10,0
1,0,1,0
1,0,1,0
2,0,2,0
1,0,1,0
0,2,2,58
0,42,42,68
41,0,41,0
5,0,5,0
32,0,32,0
8,0,8,0
0,1,1,1
6,0,6,0
29,0,29,0
0,19,19,20
1,0,1,0
14,0,14,0
0,49,49,65
25,0,25,0
1,0,1,0
0,77,77,36
1,0,1,0
12,0,12,0
2,0,2,0
33,0,33,0
0,1,1,64
9,0,9,0
13,0,13,0
0,50,50,20
7,0,7,0
9,0,9,0
4,0,4,0
2,0,2,0
0,37,37,1
1,0,1,0
1,0,1,0
1,0,1,0
1,0,1,0
0,20,20,0
6,0,6,0
0,12,12,25
84,0,84,0
2,0,2,0
4,0,4,0
179,0,179,0
0,7,7,26
0,26,26,3
7,0,7,0
0,4,4,13
1,0,1,0
24,0,24,0
38,0,38,0
0,12,12,34
2,0,2,0
1,0,1,0
0,1,1,6
0,2,2,3
5,0,5,0
8,0,8,0
0,2,2,23
2,0,2,0
0,1,1,2
5,0,5,0
1,0,1,0
0,28,28,72
3,0,3,0
2,0,2,0
0,5,5,0
10,0,10,0
0,188,188,16
2,0,2,0
1,0,1,0
0,89,89,23
2,0,2,0
75,0,75,0
1,0,1,0
0,12,12,32
3,0,3,0
1,0,1,0
2,0,2,0
0,2,2,2
50,0,50,0
30,0,30,0
5,0,5,0
0,38,38,57
13,0,13,0
2,0,2,0
0,5,5,8
29,0,29,0
0,15,15,0
10,0,10,0
25,0,25,0
1,0,1,0
1,0,1,0
171,0,171,0
1,0,1,0
8,0,8,0
13,0,13,0
0,184,184,10
165,0,165,0
32,0,32,0
1,0,1,0
7,0,7,0
0,55,55,0
0,2,2,2
0,21,21,16
19,0,19,0
16,0,16,0
0,15,15,1
2,0,2,0
2,0,2,0
4,0,4,0
0,9,9,6
4,0,4,0
12,0,12,0
0,1,1,2
2,0,2,0
33,0,33,0
0,8,8,45
2,0,2,0
0,58,58,60
0,62,62,107
1,0,1,0
0,3,3,79
2,0,2,0
21,0,21,0
0,2,2,0
42,0,42,0
2,0,2,0
0,6,6,9
2,0,2,0
9,0,9,0
0,95,95,7
8,0,8,0
7,0,7,0
7,0,7,0
3,0,3,0
16,0,16,0
1,0,1,0
78,0,78,0
60,0,60,0
3,0,3,0
0,2,2,13
21,0,21,0
0,13,13,0
2,0,2,0
0,7,7,23
0,230,230,85
1,0,1,0
18,0,18,0
4,0,4,0
534,0,534,0
0,11,11,1
1,0,1,0
0,11,11,16
0,3,3,2
2,0,2,0
0,11,11,24
27,0,27,0
0,11,11,6
59,0,59,0
0,1018,1018,7
1,0,1,0
1,0,1,0
0,6,6,18
19,0,19,0
6,0,6,0
3,0,3,0
4,0,4,0
2,0,2,0
0,3,3,1
0,1,1,136
11,0,11,0
5,0,5,0
0,1,1,0
65,0,65,0
3,3,6,10
3,0,3,0
0,9,9,0
3,0,3,0
0,47,47,65
8,0,8,0
0,7,7,3
5,0,5,0
14,0,14,0
5,0,5,0
1,0,1,0
0,184,184,15
29,0,29,0
10,0,10,0
0,74,74,70
19,0,19,0
12,0,12,0
1,0,1,0
4,0,4,0
2,0,2,0
5,0,5,0
1,0,1,0
1,0,1,0
2,0,2,0
5,0,5,0
0,774,774,33
2,0,2,0
0,26,26,25
1,0,1,0
0,6,6,122
1,0,1,0
2,0,2,0
1,0,1,0
1,0,1,0
2,0,2,0
3,0,3,0
2,0,2,0
8,0,8,0
3,0,3,0
0,17,17,7
2,0,2,0
0,11,11,8
0,14,14,19
46,0,46,0
3,0,3,0
9,0,9,0
38,0,38,0
5,0,5,0
1,0,1,0
196,0,196,0
75,0,75,0
1,0,1,0
6,0,6,0
0,84,84,9
136,0,136,0
109,0,109,0
4,0,4,0
9,0,9,0
34,0,34,0
21,0,21,0
3,0,3,0
0,1025,1025,71
1,0,1,0
16,0,16,0
13,0,13,0
4,0,4,0
4,0,4,0
0,2,2,2
8,0,8,0
16,0,16,0
5,0,5,0
123,0,123,0
13,0,13,0
1,0,1,0
18,0,18,0
0,2,2,9
0,1,1,0
52,0,52,0
0,17,17,33
2,0,2,0
0,1,1,44
18,0,18,0
11,0,11,0
2,0,2,0
0,91,91,38
16,0,16,0
2,0,2,0
2,0,2,0
11,0,11,0
1,0,1,0
0,7,7,94
0,22,22,13
1,0,1,0
16,0,16,0
3,0,3,0
0,158,158,99
17,0,17,0
1,0,1,0
34,0,34,0
55,0,55,0
2,0,2,0
4,0,4,0
2,0,2,0
2,0,2,0
0,4,4,102
0,191,191,10
57,0,57,0
0,4,4,0
0,39,39,12
0,25,25,21
1,0,1,0
0,7,7,4
1,0,1,0
0,13,13,2
1,0,1,0
2,0,2,0
0,26,26,3
3,0,3,0
0,292,292,20
1,0,1,0
0,84,84,7
2,0,2,0
0,5,5,8
0,10,10,3
5,0,5,0
2,0,2,0
0,4,4,3
1,0,1,0
2,0,2,0
6,0,6,0
42,0,42,0
1,0,1,0
3,0,3,0
0,34,34,25
1,0,1,0
0,4,4,56
0,166,166,52
158,0,158,0
0,7,7,10
5,0,5,0
6,0,6,0
10,0,10,0
6,0,6,0
0,5,5,7
18,0,18,0
2,0,2,0
7,0,7,0
3,0,3,0
0,13,13,92
3,0,3,0
3,0,3,0
0,1,1,13
0,1,1,16
4,0,4,0
4,0,4,0
4,0,4,0
2,0,2,0
0,104,104,33
57,0,57,0
1,0,1,0
0,1,1,0
194,0,194,0
4,0,4,0
26,0,26,0
0,10,10,27
24,0,24,0
0,5,5,4
8,0,8,0
0,7,7,4
4,0,4,0
6,0,6,0
0,25,25,0
1,0,1,0
1,0,1,0
14,0,14,0
0,1,1,45
7,0,7,0
14,0,14,0
1,0,1,0
4,0,4,0
0,3,3,35
23,0,23,0
1,0,1,0
113,0,113,0
3,0,3,0
7,0,7,0
1,0,1,0
3,0,3,0
1,0,1,0
226,0,226,0
9,0,9,0
0,1,1,4
4,0,4,0
28,0,28,0
2,0,2,0
0,15,15,25
0,12,12,13
6,0,6,0
0,37,37,20
0,77,77,6
0,558,558,72
11,0,11,0
5,0,5,0
9,0,9,0
23,0,23,0
9,0,9,0
21,0,21,0
4,0,4,0
0,1,1,0
0,18,18,11
5,0,5,0
0,5,5,5
1,0,1,0
0,140,140,0
93,0,93,0
1,0,1,0
7,0,7,0
0,25,25,134
41,0,41,0
2,0,2,0
25,0,25,0
3,0,3,0
0,17,17,13
10,0,10,0
0,2,2,0
0,51,51,6
5,0,5,0
2,0,2,0
16,0,16,0
1,0,1,0
14,0,14,0
0,2,2,17
2,0,2,0
14,0,14,0
0,5,5,55
51,0,51,0
3,0,3,0
0,44,44,8
0,17,17,11
5,0,5,0
1,0,1,0
0,9,9,275
15,0,15,0
0,46,46,14
9,0,9,0
0,9,9,1
2,0,2,0
0,42,42,79
1,0,1,0
18,0,18,0
0,20,20,4
6,0,6,0
0,2,2,214
204,0,204,0
0,6,6,15
3,0,3,0
1,0,1,0
0,2,2,23
3,0,3,0
0,286,286,74
6,0,6,0
130,0,130,0
4,0,4,0
0,2,2,16
89,0,89,0
1,0,1,0
1,591,592,64
3,0,3,0
536,0,536,0
3,0,3,0
0,1,1,1
21,0,21,0
118,0,118,0
2,0,2,0
5,0,5,0
2,0,2,0
100,0,100,0
0,38,38,38
25,0,25,0
0,1,1,21
5,0,5,0
19,0,19,0
17,0,17,0
2,0,2,0
1,0,1,0
0,411,411,23
55,0,55,0
1,0,1,0
2,0,2,0
11,0,11,0
3,0,3,0
52,0,52,0
0,21,21,7
11,0,11,0
6,0,6,0
1,0,1,0
3,0,3,0
8,0,8,0
2,0,2,0
0,304,304,55
11,0,11,0
31,0,31,0
40,0,40,0
7,0,7,0
1,0,1,0
0,19,19,3
0,4,4,0
0,607,607,10
9,0,9,0
1,0,1,0
6,0,6,0
8,0,8,0
0,30,30,14
4,0,4,0
72,0,72,0
17,0,17,0
87,0,87,0
0,38,38,91
1,0,1,0
0,59,59,22
29,0,29,0
0,108,108,47
6,0,6,0
0,1471,1471,64
26,0,26,0
0,1,1,2
0,27,27,15
0,17,17,75
22,0,22,0
14,0,14,0
197,0,197,0
59,0,59,0
1,0,1,0
7,0,7,0
0,149,149,55
94,0,94,0
3,0,3,0
3,0,3,0
11,0,11,0
67,0,67,0
0,142,142,88
2,0,2,0
3,0,3,0
0,83,83,10
49,0,49,0
9,0,9,0
11,0,11,0
21,0,21,0
125,0,125,0
22,0,22,0
0,8,8,36
5,0,5,0
0,1,1,150
6,0,6,0
0,182,182,60
1,0,1,0
4,0,4,0
0,381,381,21
3,0,3,0
0,78,78,5
0,12,12,76
59,0,59,0
0,20,20,8
1,0,1,0
1,0,1,0
15,0,15,0
94,0,94,0
3,0,3,0
0,34,34,34
8,0,8,0
0,23,23,2
17,0,17,0
0,111,111,10
5,0,5,0
6,0,6,0
9,0,9,0
9,0,9,0
0,2,2,32
7,0,7,0
0,109,109,10
0,5,5,7
0,11,11,48
0,2,2,0
2,0,2,0
4,0,4,0
1,0,1,0
0,12,12,3
0,1,1,66
0,10,10,23
2,0,2,0
0,4,4,59
3,0,3,0
0,4,4,24
1,0,1,0
5,0,5,0
1,0,1,0
0,199,199,1
0,1,1,10
0,8,8,131
10,0,10,0
20,0,20,0
0,1,1,12
1,0,1,0
21,0,21,0
60,0,60,0
0,33,33,4
1,0,1,0
23,0,23,0
22,0,22,0
0,89,89,246
1,0,1,0
15,0,15,0
0,13,13,27
13,0,13,0
2,0,2,0
76,0,76,0
8,0,8,0
9,0,9,0
4,0,4,0
4,0,4,0
13,0,13,0
13,0,13,0
1,0,1,0
8,0,8,0
3,0,3,0
39,0,39,0
0,7,7,2
0,11,11,0
2,0,2,0
4,0,4,0
1,0,1,0
4,0,4,0
0,39,39,95
2,0,2,0
0,26,26,20
1,0,1,0
20,0,20,0
18,0,18,0
53,0,53,0
0,14,14,9
41,0,41,0
2,0,2,0
31,0,31,0
34,0,34,0
0,18,18,7
11,0,11,0
1,0,1,0
1,0,1,0
5,0,5,0
9,0,9,0
0,67,67,20
0,38,38,40
11,0,11,0
4,0,4,0
10,0,10,0
0,29,29,31
1,0,1,0
1,0,1,0
3,0,3,0
74,0,74,0
5,0,5,0
2,0,2,0
101,0,101,0
0,81,81,7
1,0,1,0
16,0,16,0
0,1,1,0
1,0,1,0
0,19,19,6
8,0,8,0
19,0,19,0
33,0,33,0
3,0,3,0
1,0,1,0
5,0,5,0
49,0,49,0
31,0,31,0
2,0,2,0
7,0,7,0
4,0,4,0
0,6,6,2
2,0,2,0
0,245,245,45
10,0,10,0
4,0,4,0
0,149,149,45
1,0,1,0
3,0,3,0
18,0,18,0
1,0,1,0
35,0,35,0
14,0,14,0
3,0,3,0
4,0,4,0
2,0,2,0
13,0,13,0
2,0,2,0
16,0,16,0
1,0,1,0
1,0,1,0
7,0,7,0
3,0,3,0
1,0,1,0
30,0,30,0
0,24,24,28
14,0,14,0
4,0,4,0
1,0,1,0
3,0,3,0
0,50,50,33
14,0,14,0
0,38,38,6
0,3,3,30
1,0,1,0
105,0,105,0
19,0,19,0
4,0,4,0
2,0,2,0
40,0,40,0
1,0,1,0
1,0,1,0
2,0,2,0
1,0,1,0
4,0,4,0
1,0,1,0
7,0,7,0
214,0,214,0
0,35,35,197
16,0,16,0
2,0,2,0
0,9,9,5
0,1,1,32
25,0,25,0
0,189,189,26
82,0,82,0
100,0,100,0
3,0,3,0
0,6,6,8
9,0,9,0
143,0,143,0
0,122,122,33
17,0,17,0
1,0,1,0
38,0,38,0
0,3,3,11
0,21,21,29
4,0,4,0
137,0,137,0
4,0,4,0
0,3,3,4
12,0,12,0
2,0,2,0
0,8,8,37
24,0,24,0
0,1,1,12
46,0,46,0
0,39,39,27
0,44,44,6
2,0,2,0
3,0,3,0
0,110,110,7
1,0,1,0
25,0,25,0
1,0,1,0
3,0,3,0
0,1,1,2
33,0,33,0
1,0,1,0
2,0,2,0
7,0,7,0
3,0,3,0
0,17,17,25
16,0,16,0
1,0,1,0
0,124,124,14
4,0,4,0
1,0,1,0
39,0,39,0
0,11,11,1
2,0,2,0
0,6,6,1
93,0,93,0
7,0,7,0
12,0,12,0
3,0,3,0
25,0,25,0
0,4,4,2
0,97,97,97
0,55,55,18
27,0,27,0
16,0,16,0
0,7,7,3
0,1,1,12
419,0,419,0
15,0,15,0
2,0,2,0
2,0,2,0
12,0,12,0
0,42,42,6
14,0,14,0
13,0,13,0
80,0,80,0
10,0,10,0
57,0,57,0
0,305,305,51
7,0,7,0
20,0,20,0
1,0,1,0
6,0,6,0
2,0,2,0
0,53,53,25
57,0,57,0
1,0,1,0
16,0,16,0
0,2,2,7
1,0,1,0
2,0,2,0
1,0,1,0
0,15,15,2
8,0,8,0
0,446,446,10
2,0,2,0
27,0,27,0
0,1,1,0
0,1,1,1
4,0,4,0
0,25,25,19
2,0,2,0
1,0,1,0
2,0,2,0
8,0,8,0
7,0,7,0
6,0,6,0
0,21,21,21
0,5,5,39
0,86,86,3
4,0,4,0
2,0,2,0
5,0,5,0
2,0,2,0
35,0,35,0
5,0,5,0
2,0,2,0
8,0,8,0
2,0,2,0
62,0,62,0
30,0,30,0
0,3,3,3
1,0,1,0
2,0,2,0
6,0,6,0
63,0,63,0
4,0,4,0
1,0,1,0
6,0,6,0
7,0,7,0
8,0,8,0
2,0,2,0
2,0,2,0
0,113,113,1
110,0,110,0
4,0,4,0
21,0,21,0
8,0,8,0
5,0,5,0
0,137,137,38
1,0,1,0
1,0,1,0
26,0,26,0
41,0,41,0
0,28,28,1
2,0,2,0
7,0,7,0
1,0,1,0
3,0,3,0
0,50,50,39
3,0,3,0
45,0,45,0
0,125,125,83
66,0,66,0
0,54,54,3
108,0,108,0
1,0,1,0
3,0,3,0
0,39,39,50
5,0,5,0
0,192,192,17
6,0,6,0
0,19,19,15
22,0,22,0
5,0,5,0
1,0,1,0
8,0,8,0
4,0,4,0
5,0,5,0
11,0,11,0
0,3,3,3
3,0,3,0
9,0,9,0
2,0,2,0
15,0,15,0
1,0,1,0
2,0,2,0
6,0,6,0
20,0,20,0
8,0,8,0
0,51,51,17
3,0,3,0
6,0,6,0
30,0,30,0
1,17,18,37
114,0,114,0
0,132,132,28
107,0,107,0
4,0,4,0
9,0,9,0
6,0,6,0
13,0,13,0
10,0,10,0
8,0,8,0
26,0,26,0
0,2,2,38
65,0,65,0
1,0,1,0
2,0,2,0
4,0,4,0
1,0,1,0
3,0,3,0
4,0,4,0
40,0,40,0
3,0,3,0
2,0,2,0
6,0,6,0
0,247,247,22
0,8,8,48
7,0,7,0
1,0,1,0
1,0,1,0
0,3,3,8
30,0,30,0
2,0,2,0
14,0,14,0
1,0,1,0
14,0,14,0
0,2,2,2
22,0,22,0
1,0,1,0
5,0,5,0
1,0,1,0
6,0,6,0
5,0,5,0
0,4,4,1
1,0,1,0
2,0,2,0
1,0,1,0
28,0,28,0
9,0,9,0
5,0,5,0
9,0,9,0
3,0,3,0
1,0,1,0
0,2,2,9
0,3,3,3
26,0,26,0
4,0,4,0
0,4,4,4
1,0,1,0
0,252,252,141
29,0,29,0
1,0,1,0
17,0,17,0
5,0,5,0
0,10,10,4
1,0,1,0
0,2,2,1
10,0,10,0
3,0,3,0
0,34,34,4
15,0,15,0
0,1,1,32
0,1,1,3
7,0,7,0
1,0,1,0
1,0,1,0
0,58,58,25
82,0,82,0
0,2,2,2
1,0,1,0
3,0,3,0
0,2,2,4
0,104,104,73
119,0,119,0
52,0,52,0
14,0,14,0
4,0,4,0
0,1,1,46
16,0,16,0
0,13,13,4
0,1,1,5
18,0,18,0
2,0,2,0
0,2,2,30
0,7,7,13
0,125,125,40
0,2,2,1
95,0,95,0
0,1,1,47
1,0,1,0
0,1,1,57
102,0,102,0
0,29,29,15
2,0,2,0
0,15,15,37
0,10,10,6
2,0,2,0
6,0,6,0
5,0,5,0
0,7,7,2
4,0,4,0
23,0,23,0
0,66,66,12
5,0,5,0
16,0,16,0
1,0,1,0
10,0,10,0
0,70,70,14
2,0,2,0
21,0,21,0
14,0,14,0
0,9,9,1
6,0,6,0
64,0,64,0
19,0,19,0
29,0,29,0
32,0,32,0
0,95,95,5
68,0,68,0
0,789,789,4
0,13,13,20
1,0,1,0
19,0,19,0
2,0,2,0
11,0,11,0
1,0,1,0
0,3,3,18
9,0,9,0
0,80,80,0
63,0,63,0
2,0,2,0
21,0,21,0
1,0,1,0
4,0,4,0
75,0,75,0
0,6,6,2
73,0,73,0
3,0,3,0
4,0,4,0
0,2,2,1
0,14,14,30
0,760,760,68
5,0,5,0
0,4,4,1
4,0,4,0
3,0,3,0
6,0,6,0
0,1,1,2
0,36,36,37
1,0,1,0
5,0,5,0
0,4,4,8
1,0,1,0
3,0,3,0
0,31,31,2
3,0,3,0
9,0,9,0
7,0,7,0
2,0,2,0
19,0,19,0
2,0,2,0
6,0,6,0
11,0,11,0
5,0,5,0
19,0,19,0
11,0,11,0
1,0,1,0
15,0,15,0
8,0,8,0
25,0,25,0
0,24,24,15
104,0,104,0
18,0,18,0
0,10,10,5
46,0,46,0
0,11,11,55
1,0,1,0
1,0,1,0
0,3,3,9
0,38,38,0
14,0,14,0
0,7,7,8
65,0,65,0
5,0,5,0
4,0,4,0
6,0,6,0
3,0,3,0
5,0,5,0
0,22,22,6
0,63,63,32
0,7,7,19
0,10,10,9
12,0,12,0
0,45,45,13
37,0,37,0
3,0,3,0
0,5,5,2
1,0,1,0
1,0,1,0
20,0,20,0
126,0,126,0
4,0,4,0
0,37,37,17
27,0,27,0
7,0,7,0
0,27,27,9
0,23,23,18
12,0,12,0
9,0,9,0
5,0,5,0
33,0,33,0
0,103,103,34
24,0,24,0
0,25,25,10
1,0,1,0
0,124,124,11
8,0,8,0
36,0,36,0
74,0,74,0
0,35,35,78
6,0,6,0
4,0,4,0
14,0,14,0
1,0,1,0
14,0,14,0
1,0,1,0
16,0,16,0
0,41,41,126
3,0,3,0
1,0,1,0
19,0,19,0
5,0,5,0
3,0,3,0
7,0,7,0
1,0,1,0
2,0,2,0
77,0,77,0
2,0,2,0
1,0,1,0
3,0,3,0
0,67,67,57
60,0,60,0
22,0,22,0
2,0,2,0
2,0,2,0
2,0,2,0
2,0,2,0
0,7,7,23
11,0,11,0
0,25,25,2
1,0,1,0
4,0,4,0
0,4,4,4
4,0,4,0
2,0,2,0
112,0,112,0
0,25,25,55
4,0,4,0
1,0,1,0
10,0,10,0
24,0,24,0
4,0,4,0
0,6,6,24
51,0,51,0
23,0,23,0
0,6,6,10
2,0,2,0
1,0,1,0
24,0,24,0
0,2,2,1
106,0,106,0
0,46,46,19
6,0,6,0
13,0,13,0
0,20,20,73
7,0,7,0
8,0,8,0
0,12,12,11
0,12,12,1
4,0,4,0
0,13,13,15
2,0,2,0
10,0,10,0
8,0,8,0
1,0,1,0
2,0,2,0
9,0,9,0
0,5,5,1
4,0,4,0
1,0,1,0
0,42,42,27
15,0,15,0
2,0,2,0
4,0,4,0
0,11,11,53
6,0,6,0
2,0,2,0
8,0,8,0
1,0,1,0
2,0,2,0
1,0,1,0
454,0,454,0
0,53,53,22
78,0,78,0
24,0,24,0
2,0,2,0
1,0,1,0
1,0,1,0
0,459,459,80
1,0,1,0
11,0,11,0
0,19,19,5
5,0,5,0
77,0,77,0
0,230,230,24
61,0,61,0
1,0,1,0
30,0,30,0
1,0,1,0
0,8,8,34
0,10,10,21
5,0,5,0
0,8,8,2
3,0,3,0
0,13,13,11
0,6,6,1
0,1,1,5
22,0,22,0
5,0,5,0
1,0,1,0
17,0,17,0
0,131,131,67
5,0,5,0
6,0,6,0
24,0,24,0
1,0,1,0
3,0,3,0
8,0,8,0
0,2,2,1
5,0,5,0
2,0,2,0
0,1,1,5
0,44,44,55
0,61,61,29
31,0,31,0
16,0,16,0
26,0,26,0
0,2,2,26
27,0,27,0
0,41,41,0
28,0,28,0
2,0,2,0
10,0,10,0
17,0,17,0
3,0,3,0
0,10,10,43
3,0,3,0
2,0,2,0
2,0,2,0
1,0,1,0
0,2,2,2
0,1,1,11
0,58,58,27
16,0,16,0
0,2,2,14
3,0,3,0
16,0,16,0
23,0,23,0
1,0,1,0
8,0,8,0
1,0,1,0
0,12,12,38
47,0,47,0
0,56,56,14
0,2,2,12
2,0,2,0
28,0,28,0
2,0,2,0
0,57,57,41
5,0,5,0
1,0,1,0
4,0,4,0
0,3,3,1
1,0,1,0
0,161,161,0
56,0,56,0
0,5,5,1
11,0,11,0
2,0,2,0
0,3,3,8
0,2,2,0
1,0,1,0
0,4,4,2
3,0,3,0
159,0,159,0
5,0,5,0
0,26,26,8
20,0,20,0
0,614,614,75
114,0,114,0
1,0,1,0
12,0,12,0
3,0,3,0
5,0,5,0
2,0,2,0
2,0,2,0
3,0,3,0
0,27,27,12
0,102,102,52
0,3,3,8
10,0,10,0
2,0,2,0
2,0,2,0
26,0,26,0
1,0,1,0
19,0,19,0
0,2,2,45
62,0,62,0
1,0,1,0
190,0,190,0
0,1,1,4
33,0,33,0
0,12,12,24
0,21,21,26
14,0,14,0
1,0,1,0
0,6,6,69
208,0,208,0
4,0,4,0
0,13,13,8
40,0,40,0
189,0,189,0
1,0,1,0
4,0,4,0
10,0,10,0
667,0,667,0
120,0,120,0
1,0,1,0
91,0,91,0
0,9,9,15
2,0,2,0
0,16,16,3
12,0,12,0
16,0,16,0
0,6,6,6
12,0,12,0
5,0,5,0
1,0,1,0
3,0,3,0
0,1,1,0
42,0,42,0
0,195,195,95
1,0,1,0
57,0,57,0
1,0,1,0
0,3,3,4
1,0,1,0
33,0,33,0
2,0,2,0
1,0,1,0
1,0,1,0
3,0,3,0
0,77,77,166
47,0,47,0
15,0,15,0
0,2,2,7
6,0,6,0
0,13,13,6
14,0,14,0
2,0,2,0
23,0,23,0
1,0,1,0
7,0,7,0
0,61,61,3
1,0,1,0
0,33,33,49
30,0,30,0
4,0,4,0
35,0,35,0
2,0,2,0
3,0,3,0
11,0,11,0
5,0,5,0
17,0,17,0
0,152,152,46
22,0,22,0
1,0,1,0
0,71,71,19
0,16,16,81
0,3,3,0
6,0,6,0
0,51,51,13
10,0,10,0
166,0,166,0
23,0,23,0
0,41,41,13
0,43,43,40
5,0,5,0
7,0,7,0
0,51,51,48
0,28,28,10
0,69,69,6
0,4,4,0
1,0,1,0
17,0,17,0
2,0,2,0
10,0,10,0
27,0,27,0
1,0,1,0
9,0,9,0
149,0,149,0
0,7,7,43
6,0,6,0
2,0,2,0
135,0,135,0
0,1381,1381,78
1395,0,1395,0
2,0,2,0
0,12,12,48
21,0,21,0
10,0,10,0
2,0,2,0
0,6,6,1
2,0,2,0
0,3,3,2
1,0,1,0
0,2,2,11
1,0,1,0
1,0,1,0
1,0,1,0
1,0,1,0
0,44,44,39
9,0,9,0
4,0,4,0
6,0,6,0
52,0,52,0
146,0,146,0
6,0,6,0
35,0,35,0
8,0,8,0
0,4,4,8
2,0,2,0
0,123,123,2
3,0,3,0
25,0,25,0
0,64,64,22
20,0,20,0
1,0,1,0
0,13,13,0
5,0,5,0
8,0,8,0
0,19,19,8
36,0,36,0
18,0,18,0
10,0,10,0
12,0,12,0
0,271,271,3
1,0,1,0
10,0,10,0
8,0,8,0
6,0,6,0
0,2,2,0
0,11,11,43
12,0,12,0
0,23,23,11
7,0,7,0
6,0,6,0
0,8,8,27
0,10,10,96
7,0,7,0
0,2,2,16
62,0,62,0
11,0,11,0
9,0,9,0
2,0,2,0
6,0,6,0
76,0,76,0
16,0,16,0
7,0,7,0
28,0,28,0
11,0,11,0
257,0,257,0
0,17,17,3
125,0,125,0
1,0,1,0
7,0,7,0
0,1,1,0
2,0,2,0
0,16,16,41
0,114,114,43
3,0,3,0
2,0,2,0
5,0,5,0
25,0,25,0
1,0,1,0
0,4,4,6
2,0,2,0
8,0,8,0
4,0,4,0
0,1,1,24
1,0,1,0
5,0,5,0
2,0,2,0
10,0,10,0
0,22,22,1
9,0,9,0
0,2,2,10
6,0,6,0
0,4,4,0
377,0,377,0
0,27,27,2
9,0,9,0
0,25,25,28
2,0,2,0
400,0,400,0
17,0,17,0
1,0,1,0
0,2,2,8
12,0,12,0
2,0,2,0
13,0,13,0
1,0,1,0
0,10,10,1
3,0,3,0
196,0,196,0
20,0,20,0
2,0,2,0
41,0,41,0
1,0,1,0
1,0,1,0
2,0,2,0
4,0,4,0
8,0,8,0
2,0,2,0
0,5,5,26
57,0,57,0
0,28,28,2
31,0,31,0
22,0,22,0
88,0,88,0
0,18,18,85
2,0,2,0
0,7,7,61
62,0,62,0
0,442,442,24
26,0,26,0
2,0,2,0
7,0,7,0
0,22,22,1
3,0,3,0
0,1529,1529,244
31,0,31,0
3,0,3,0
4,0,4,0
0,238,238,51
82,0,82,0
195,0,195,0
0,22,22,4
0,5,5,4
0,1,1,0
0,277,277,53
15,0,15,0
18,0,18,0
3,0,3,0
8,0,8,0
3,0,3,0
0,1,1,3
9,0,9,0
14,0,14,0
1,0,1,0
75,0,75,0
0,3,3,8
7,0,7,0
0,29,29,75
10,0,10,0
1,0,1,0
0,3,3,41
1,0,1,0
3,0,3,0
0,449,449,60
0,164,164,35
261,0,261,0
9,0,9,0
8,0,8,0
0,10,10,198
9,0,9,0
0,731,731,23
0,2,2,68
11,0,11,0
1,0,1,0
3,0,3,0
16,0,16,0
8,0,8,0
2,0,2,0
9,0,9,0
0,3,3,24
0,14,14,0
0,9,9,0
2,0,2,0
0,32,32,24
21,0,21,0
0,88,88,36
1,0,1,0
11,0,11,0
0,92,92,14
49,0,49,0
6,0,6,0
0,129,129,49
2,0,2,0
0,3005,3005,291
2,0,2,0
0,4,4,4
1,0,1,0
0,1,1,279
127,0,127,0
3,0,3,0
22,0,22,0
13,0,13,0
0,35,35,3
1,0,1,0
0,55,55,15
0,2,2,83
0,3,3,0
2,0,2,0
2,0,2,0
3,0,3,0
14,0,14,0
0,27,27,7
3,0,3,0
12,0,12,0
120,0,120,0
0,334,334,36
3,0,3,0
3,0,3,0
130,0,130,0
3,0,3,0
12,0,12,0
1,0,1,0
0,4,4,41
2,0,2,0
0,15,15,2
12,0,12,0
0,2,2,7
0,1,1,3
0,18,18,5
0,145,145,6
0,5,5,11
1,0,1,0
0,24,24,9
0,48,48,2
1,0,1,0
11,0,11,0
17,0,17,0
1,0,1,0
1,0,1,0
1,0,1,0
2,0,2,0
0,36,36,2
29,0,29,0
13,0,13,0
0,5,5,16
0,66,66,32
0,8,8,6
1,0,1,0
0,153,153,85
0,26,26,23
0,4,4,33
2,0,2,0
6,0,6,0
4,0,4,0
0,6,6,10
8,0,8,0
4,0,4,0
0,2,2,32
8,0,8,0
2,0,2,0
7,0,7,0
4,0,4,0
8,0,8,0
0,12,12,10
0,107,107,1
377,0,377,0
37,0,37,0
99,0,99,0
11,0,11,0
0,2,2,28
0,7,7,104
8,0,8,0
1,0,1,0
2,0,2,0
0,4,4,12
1,0,1,0
0,273,273,27
3,0,3,0
0,6,6,2
0,60,60,62
7,0,7,0
0,11,11,1
28,0,28,0
6,0,6,0
3,0,3,0
2,0,2,0
0,6,6,82
12,0,12,0
10,0,10,0
0,24,24,0
80,0,80,0
0,293,293,6
1,0,1,0
0,3,3,23
1,0,1,0
0,5,5,15
6,0,6,0
0,8,8,4
1,0,1,0
0,2,2,2
1,0,1,0
2,0,2,0
1,0,1,0
2,0,2,0
2,0,2,0
1,0,1,0
0,7,7,13
0,9,9,5
3,0,3,0
3,0,3,0
11,0,11,0
24,0,24,0
0,67,67,42
13,0,13,0
178,0,178,0
3,0,3,0
265,0,265,0
115,0,115,0
0,268,268,1
41,0,41,0
163,0,163,0
3,0,3,0
3,0,3,0
8,0,8,0
80,0,80,0
0,3,3,1
0,1,1,1
4,0,4,0
15,0,15,0
12,0,12,0
3,0,3,0
3,0,3,0
0,127,127,90
44,0,44,0
0,258,258,112
0,20,20,3
2,0,2,0
0,16,16,8
14,0,14,0
0,22,22,50
10,0,10,0
0,17,17,21
41,0,41,0
0,3,3,0
0,6,6,7
15,0,15,0
1,0,1,0
53,0,53,0
17,0,17,0
0,80,80,34
5,0,5,0
0,19,19,54
5,0,5,0
0,13,13,2
2,0,2,0
3,0,3,0
0,132,132,16
42,0,42,0
3,0,3,0
1,0,1,0
0,28,28,10
1,0,1,0
1,0,1,0
15,0,15,0
1,0,1,0
0,68,68,16
0,134,134,142
16,0,16,0
5,0,5,0
1,0,1,0
0,22,22,18
4,0,4,0
0,20,20,49
1,0,1,0
1,0,1,0
24,0,24,0
0,4,4,43
7,0,7,0
0,36,36,37
5,0,5,0
2,0,2,0
0,68,68,9
59,0,59,0
7,0,7,0
10,0,10,0
1,0,1,0
0,128,128,44
0,53,53,66
3,0,3,0
1,0,1,0
0,2,2,5
0,1,1,36
1,0,1,0
0,2,2,12
1,0,1,0
2,0,2,0
1,0,1,0
4,0,4,0
0,19,19,41
14,0,14,0
2,0,2,0
3,0,3,0
4,0,4,0
1,0,1,0
1,0,1,0
0,31,31,16
17,0,17,0
0,21,21,61
9,0,9,0
0,75,75,161
72,0,72,0
7,0,7,0
1,0,1,0
0,29,29,34
40,0,40,0
46,0,46,0
2,0,2,0
2,0,2,0
0,1,1,3
0,582,582,85
0,1,1,0
1,0,1,0
30,0,30,0
1,0,1,0
1,0,1,0
8,0,8,0
146,0,146,0
1,0,1,0
192,0,192,0
14,0,14,0
6,0,6,0
8,0,8,0
7,0,7,0
23,0,23,0
7,0,7,0
0,2,2,9
4,0,4,0
1,0,1,0
3,0,3,0
44,0,44,0
2,0,2,0
0,17,17,25
70,0,70,0
0,5,5,28
1,0,1,0
82,0,82,0
3,0,3,0
1,0,1,0
2,0,2,0
1,0,1,0
0,115,115,11
3,0,3,0
0,13,13,11
8,0,8,0
0,17,17,8
6,0,6,0
88,0,88,0
0,73,73,113
17,0,17,0
21,0,21,0
4,0,4,0
5,0,5,0
1,0,1,0
4,0,4,0
1,0,1,0
0,1,1,0
5,0,5,0
2,0,2,0
6,0,6,0
0,91,91,27
35,0,35,0
2,0,2,0
1,0,1,0
3,0,3,0
4,0,4,0
5,0,5,0
0,2,2,3
3,0,3,0
11,0,11,0
0,3,3,20
0,18,18,24
2,0,2,0
0,89,89,44
45,0,45,0
10,0,10,0
146,0,146,0
0,15,15,4
19,0,19,0
0,5,5,12
4,0,4,0
10,0,10,0
18,0,18,0
2,0,2,0
10,0,10,0
0,11,11,1
1,0,1,0
4,0,4,0
3,0,3,0
51,0,51,0
1,0,1,0
135,0,135,0
0,25,25,66
1,0,1,0
32,0,32,0
0,4,4,6
2,0,2,0
3,0,3,0
9,0,9,0
0,11,11,27
1,0,1,0
6,0,6,0
57,0,57,0
10,0,10,0
0,14,14,35
18,0,18,0
2,0,2,0
0,25,25,101
52,0,52,0
0,2,2,6
59,0,59,0
53,0,53,0
0,7,7,21
0,5,5,5
34,0,34,0
2,0,2,0
2,0,2,0
4,0,4,0
0,4,4,1
21,0,21,0
20,0,20,0
3,0,3,0
1,0,1,0
2,0,2,0
4,0,4,0
0,16,16,30
4,0,4,0
57,0,57,0
3,0,3,0
0,18,18,18
13,0,13,0
10,0,10,0
0,67,67,6
185,0,185,0
0,9,9,4
0,4,4,2
0,370,370,23
20,0,20,0
8,0,8,0
0,17,17,11
1,0,1,0
0,117,117,49
4,0,4,0
0,15,15,22
0,111,111,39
14,0,14,0
0,23,23,12
1,0,1,0
0,17,17,156
5,0,5,0
0,36,36,64
3,0,3,0
1,0,1,0
1,0,1,0
9,0,9,0
0,14,14,0
41,0,41,0
9,0,9,0
0,19,19,46
44,0,44,0
4,0,4,0
5,0,5,0
45,0,45,0
0,159,159,83
3,0,3,0
0,12,12,7
1,0,1,0
8,0,8,0
2,0,2,0
10,0,10,0
7,0,7,0
4,0,4,0
12,0,12,0
1,0,1,0
19,0,19,0
27,0,27,0
0,39,39,30
0,1,1,11
1,0,1,0
14,0,14,0
0,4,4,39
8,0,8,0
0,1045,1045,22
6,0,6,0
1,0,1,0
0,8,8,3
2,0,2,0
43,0,43,0
7,0,7,0
11,0,11,0
0,7,7,7
0,32,32,105
417,0,417,0
1,312,313,7
0,32,32,10
3,0,3,0
1,0,1,0
6,0,6,0
0,6,6,4
0,1,1,69
56,0,56,0
0,10,10,21
11,0,11,0
2,0,2,0
0,3,3,14
0,6,6,1
1,0,1,0
0,21,21,51
30,0,30,0
16,0,16,0
0,1,1,1
1,0,1,0
0,5,5,13
4,0,4,0
4,0,4,0
0,50,50,22
74,0,74,0
0,18,18,0
15,0,15,0
4,0,4,0
47,0,47,0
2,0,2,0
23,0,23,0
36,0,36,0
0,164,164,8
77,0,77,0
0,64,64,28
124,0,124,0
5,0,5,0
0,1,1,95
12,0,12,0
30,0,30,0
5,0,5,0
0,365,365,14
13,0,13,0
0,4,4,14
7,0,7,0
6,0,6,0
0,7,7,39
4,0,4,0
1,0,1,0
1,0,1,0
81,0,81,0
3,0,3,0
0,5,5,0
22,0,22,0
0,109,109,11
0,4,4,1
14,0,14,0
22,0,22,0
1,0,1,0
4,0,4,0
1,0,1,0
2,0,2,0
3,0,3,0
34,0,34,0
2,0,2,0
0,4,4,6
0,82,82,14
7,0,7,0
12,0,12,0
0,13,13,3
13,0,13,0
0,24,24,18
12,0,12,0
0,14,14,11
53,0,53,0
0,2,2,27
9,0,9,0
4,0,4,0
0,26,26,6
11,0,11,0
1,0,1,0
1,0,1,0
2,0,2,0
4,0,4,0
5,0,5,0
1,0,1,0
5,0,5,0
6,0,6,0
1,0,1,0
3,0,3,0
5,0,5,0
4,0,4,0
0,1,1,38
1,0,1,0
20,0,20,0
1,0,1,0
8,0,8,0
0,52,52,34
6,0,6,0
40,0,40,0
4,0,4,0
2,0,2,0
118,0,118,0
0,1,1,4
0,10,10,2
2,0,2,0
9,0,9,0
9,0,9,0
1,0,1,0
0,8,8,7
1,0,1,0
5,0,5,0
11,0,11,0
1,0,1,0
6,0,6,0
1,0,1,0
1,0,1,0
2,0,2,0
1,0,1,0
2,0,2,0
12,0,12,0
1,0,1,0
2,0,2,0
4,0,4,0
4,0,4,0
1,0,1,0
31,0,31,0
0,108,108,63
2,0,2,0
3,0,3,0
10,0,10,0
0,4,4,20
4,0,4,0
12,0,12,0
86,0,86,0
8,0,8,0
8,0,8,0
2,0,2,0
11,0,11,0
30,0,30,0
17,0,17,0
17,0,17,0
0,1,1,2
0,11,11,37
1,0,1,0
1,0,1,0
4,0,4,0
1,0,1,0
3,0,3,0
0,16,16,0
3,0,3,0
3,0,3,0
2,0,2,0
0,23,23,5
5,0,5,0
1,0,1,0
0,107,107,6
19,0,19,0
0,9,9,4
15,0,15,0
6,0,6,0
0,21,21,44
5,0,5,0
19,0,19,0
0,6,6,43
0,5,5,5
7,0,7,0
9,0,9,0
1,0,1,0
3,0,3,0
13,0,13,0
16,0,16,0
14,0,14,0
6,0,6,0
0,116,116,14
1,0,1,0
11,0,11,0
1,0,1,0
10,0,10,0
0,77,77,12
14,0,14,0
0,1,1,0
12,0,12,0
56,0,56,0
0,3,3,18
14,0,14,0
10,0,10,0
1,0,1,0
0,1330,1330,2
0,1,1,0
16,0,16,0
0,42,42,19
1,92,93,68
1,0,1,0
2,0,2,0
45,0,45,0
1,0,1,0
2,0,2,0
17,0,17,0
0,1,1,0
24,0,24,0
0,31,31,42
3,0,3,0
0,66,66,15
7,0,7,0
2,0,2,0
8,0,8,0
25,0,25,0
137,0,137,0
28,0,28,0
14,0,14,0
3,0,3,0
0,46,46,14
3,0,3,0
3,0,3,0
45,0,45,0
1,0,1,0
3,0,3,0
4,0,4,0
13,0,13,0
1,0,1,0
2,0,2,0
50,0,50,0
4,0,4,0
57,0,57,0
7,0,7,0
43,0,43,0
2,0,2,0
0,2,2,1
90,0,90,0
1,0,1,0
51,0,51,0
24,0,24,0
35,0,35,0
18,0,18,0
0,7,7,60
3,0,3,0
91,0,91,0
17,0,17,0
0,10,10,15
18,0,18,0
2,0,2,0
32,0,32,0
0,2,2,15
34,0,34,0
2,0,2,0
0,22,22,3
1,0,1,0
0,10,10,13
8,0,8,0
5,0,5,0
0,3,3,13
18,0,18,0
0,34,34,17
33,0,33,0
9,0,9,0
0,33,33,24
0,1,1,0
0,35,35,9
3,0,3,0
5,0,5,0
28,0,28,0
2,0,2,0
0,27,27,4
8,0,8,0
29,0,29,0
0,1,1,2
1,0,1,0
6,0,6,0
20,0,20,0
3,0,3,0
8,0,8,0
0,7,7,17
2,0,2,0
0,41,41,88
3,0,3,0
5,0,5,0
0,34,34,56
20,0,20,0
6,0,6,0
0,17,17,92
1,0,1,0
0,8,8,25
15,0,15,0
0,21,21,11
5,0,5,0
0,9,9,41
46,0,46,0
5,0,5,0
4,0,4,0
157,0,157,0
17,0,17,0
7,0,7,0
0,2,2,11
0,73,73,5
0,232,232,13
2,0,2,0
3,0,3,0
0,3,3,12
8,0,8,0
3,0,3,0
0,11,11,17
5,0,5,0
0,5,5,59
1,0,1,0
11,0,11,0
5,0,5,0
4,0,4,0
203,0,203,0
5,0,5,0
2,0,2,0
0,14,14,38
1,0,1,0
1,0,1,0
2,0,2,0
0,3,3,140
1,0,1,0
0,19,19,22
3,0,3,0
11,0,11,0
0,5,5,10
296,0,296,0
1,0,1,0
2,0,2,0
2,0,2,0
1,0,1,0
0,17,17,20
2,0,2,0
1,0,1,0
9,0,9,0
44,0,44,0
4,0,4,0
17,0,17,0
7,0,7,0
0,58,58,99
18,0,18,0
1,0,1,0
37,0,37,0
28,0,28,0
2,0,2,0
1,0,1,0
1,0,1,0
0,1,1,0
7,0,7,0
1,0,1,0
7,0,7,0
2,0,2,0
0,101,101,2
46,0,46,0
10,0,10,0
1,0,1,0
0,3,3,1
1,0,1,0
3,0,3,0
3,0,3,0
0,170,170,43
2,0,2,0
9,0,9,0
2,0,2,0
0,14,14,20
1,0,1,0
24,0,24,0
0,1,1,21
20,0,20,0
10,0,10,0
0,3,3,2
4,0,4,0
0,22,22,115
0,237,237,52
41,0,41,0
125,0,125,0
3,0,3,0
0,8,8,7
14,0,14,0
2,0,2,0
0,130,130,51
21,0,21,0
0,2,2,27
7,0,7,0
34,0,34,0
0,3,3,6
3,0,3,0
0,1,1,7
41,0,41,0
0,2,2,2
29,0,29,0
9,0,9,0
2,0,2,0
0,5,5,93
0,5,5,17
1,0,1,0
2,0,2,0
3,0,3,0
0,4,4,0
2,0,2,0
31,0,31,0
0,8,8,5
16,0,16,0
56,0,56,0
0,49,49,48
1,0,1,0
137,0,137,0
2,0,2,0
5,0,5,0
1,0,1,0
0,69,69,8
0,50,50,9
4,0,4,0
0,16,16,31
14,0,14,0
2,0,2,0
1,0,1,0
49,0,49,0
0,103,103,47
21,0,21,0
72,0,72,0
12,0,12,0
0,20,20,2
13,0,13,0
0,7,7,4
8,0,8,0
13,0,13,0
46,0,46,0
2,0,2,0
1,0,1,0
1,0,1,0
2,0,2,0
3,0,3,0
13,0,13,0
23,0,23,0
7,0,7,0
0,5,5,14
0,4,4,40
12,0,12,0
2,0,2,0
13,0,13,0
36,0,36,0
0,200,200,19
24,0,24,0
154,0,154,0
3,0,3,0
262,0,262,0
30,0,30,0
0,6,6,30
2,0,2,0
2,0,2,0
0,36,36,67
29,0,29,0
1,0,1,0
5,0,5,0
57,0,57,0
3,0,3,0
0,2,2,9
0,30,30,0
0,15,15,4
0,10,10,3
0,1,1,65
229,0,229,0
10,0,10,0
5,0,5,0
2,0,2,0
2,0,2,0
29,0,29,0
0,15,15,5
8,0,8,0
0,90,90,11
89,0,89,0
1,0,1,0
54,0,54,0
2,0,2,0
2,0,2,0
3,0,3,0
104,0,104,0
7,0,7,0
0,18,18,22
8,0,8,0
3,0,3,0
48,0,48,0
190,0,190,0
0,6,6,19
1,0,1,0
0,3,3,46
1,0,1,0
14,0,14,0
33,0,33,0
0,4,4,38
1,0,1,0
0,2,2,3
1,0,1,0
0,20,20,5
18,0,18,0
5,0,5,0
2,0,2,0
71,0,71,0
144,0,144,0
0,317,317,10
84,0,84,0
42,0,42,0
6,0,6,0
2,0,2,0
15,0,15,0
1,0,1,0
6,0,6,0
0,6,6,15
3,0,3,0
0,80,80,16
114,0,114,0
5,0,5,0
4,0,4,0
1,0,1,0
0,38,38,51
2,0,2,0
3,0,3,0
0,72,72,12
0,18,18,11
8,0,8,0
124,0,124,0
0,2,2,0
2,0,2,0
3,0,3,0
1,0,1,0
1,0,1,0
0,174,174,23
366,0,366,0
3,0,3,0
0,3,3,101
3,0,3,0
0,32,32,22
0,29,29,13
2,0,2,0
0,10,10,13
0,8,8,0
4,0,4,0
3,0,3,0
11,0,11,0
2,0,2,0
1,0,1,0
4,0,4,0
17,0,17,0
3,0,3,0
1,0,1,0
2,0,2,0
0,57,57,13
2,0,2,0
17,0,17,0
1,0,1,0
5,0,5,0
14,0,14,0
16,0,16,0
0,74,74,141
0,14,14,3
27,0,27,0
0,6,6,10
1,0,1,0
10,0,10,0
1,0,1,0
8,0,8,0
1,0,1,0
4,0,4,0
9,0,9,0
2,0,2,0
1,0,1,0
6,0,6,0
2,0,2,0
2,0,2,0
0,2,2,14
1,0,1,0
0,12,12,27
11,0,11,0
4,0,4,0
0,30,30,32
15,0,15,0
22,0,22,0
0,6,6,71
155,0,155,0
2,0,2,0
1,0,1,0
20,0,20,0
7,0,7,0
10,0,10,0
0,8,8,28
13,0,13,0
0,5,5,48
0,6,6,121
2,0,2,0
0,5,5,61
1,0,1,0
0,46,46,53
2,0,2,0
2,0,2,0
0,99,99,22
7,0,7,0
18,0,18,0
5,0,5,0
16,0,16,0
2,0,2,0
2,0,2,0
0,5,5,30
3,0,3,0
12,0,12,0
1,0,1,0
8,0,8,0
17,0,17,0
28,0,28,0
2,0,2,0
4,0,4,0
5,0,5,0
0,1,1,3
1,0,1,0
31,0,31,0
7,0,7,0
7,0,7,0
0,2,2,36
1,0,1,0
0,1,1,70
0,4,4,0
1,0,1,0
1,0,1,0
0,21,21,12
0,16,16,10
0,148,148,38
180,0,180,0
6,0,6,0
0,5,5,14
30,0,30,0
1,0,1,0
8,0,8,0
8,0,8,0
4,0,4,0
0,2,2,13
0,338,338,4
194,0,194,0
0,8,8,9
0,36,36,11
4,0,4,0
1,0,1,0
3,0,3,0
82,0,82,0
1,0,1,0
1,0,1,0
8,0,8,0
149,0,149,0
1,0,1,0
13,0,13,0
17,0,17,0
0,16,16,21
5,0,5,0
3,0,3,0
0,4,4,57
0,1,1,19
1,0,1,0
37,0,37,0
8,0,8,0
0,231,231,17
8,0,8,0
9,0,9,0
2,0,2,0
5,0,5,0
0,50,50,127
0,4,4,2
5,0,5,0
3,0,3,0
11,0,11,0
0,297,297,158
0,1,1,101
4,0,4,0
0,6,6,9
31,0,31,0
1,0,1,0
0,7,7,0
1,0,1,0
0,25,25,28
77,0,77,0
1,0,1,0
0,43,43,46
7,0,7,0
2,0,2,0
18,0,18,0
2,0,2,0
2,0,2,0
3,0,3,0
0,1,1,161
5,0,5,0
4,0,4,0
0,2,2,14
6,0,6,0
4,0,4,0
21,0,21,0
1,0,1,0
114,0,114,0
1,0,1,0
4,0,4,0
0,41,41,29
23,0,23,0
37,0,37,0
1,0,1,0
36,0,36,0
9,0,9,0
5,0,5,0
0,16,16,15
0,3,3,24
74,0,74,0
4,0,4,0
1,0,1,0
1,0,1,0
0,112,112,21
111,0,111,0
3,0,3,0
8,0,8,0
2,0,2,0
4,0,4,0
0,13,13,19
0,2,2,1
7,0,7,0
1,0,1,0
0,3,3,1
1,0,1,0
6,0,6,0
5,0,5,0
1,0,1,0
0,530,530,3
7,0,7,0
0,8,8,44
0,17,17,23
0,125,125,126
9,0,9,0
4,0,4,0
42,0,42,0
3,0,3,0
33,0,33,0
3,0,3,0
2,0,2,0
3,0,3,0
29,0,29,0
40,0,40,0
1,0,1,0
27,0,27,0
26,0,26,0
3,0,3,0
2,0,2,0
2,0,2,0
2,0,2,0
2,0,2,0
20,0,20,0
2,0,2,0
0,11,11,50
0,2,2,8
8,0,8,0
41,0,41,0
6,0,6,0
9,0,9,0
7,0,7,0
5,0,5,0
0,4,4,24
0,4,4,0
5,0,5,0
3,0,3,0
65,0,65,0
0,1,1,6
0,44,44,1
0,17,17,11
1,0,1,0
1,0,1,0
0,51,51,80
0,72,72,9
25,0,25,0
0,74,74,36
0,1,1,2
39,0,39,0
3,0,3,0
0,256,256,73
0,25,25,10
38,0,38,0
90,0,90,0
2,0,2,0
8,0,8,0
5,0,5,0
0,30,30,5
4,0,4,0
0,3,3,22
2,0,2,0
1,0,1,0
1,0,1,0
0,29,29,148
7,0,7,0
4,0,4,0
0,24,24,59
4,0,4,0
0,4,4,5
41,0,41,0
0,7,7,30
0,66,66,109
179,0,179,0
1,0,1,0
45,0,45,0
4,0,4,0
132,0,132,0
17,0,17,0
21,0,21,0
2,0,2,0
12,0,12,0
1,0,1,0
2,0,2,0
1,0,1,0
4,0,4,0
2,0,2,0
3,0,3,0
5,0,5,0
24,0,24,0
0,18,18,9
5,0,5,0
0,35,35,67
2,0,2,0
10,0,10,0
56,0,56,0
7,0,7,0
0,3,3,1
1,0,1,0
1,0,1,0
10,0,10,0
5,0,5,0
0,13,13,1
0,19,19,5
0,253,253,23
24,0,24,0
0,9,9,44
9,0,9,0
3,0,3,0
1,0,1,0
0,1,1,25
1,0,1,0
4,0,4,0
1,0,1,0
4,0,4,0
2,0,2,0
1,0,1,0
2,0,2,0
40,0,40,0
55,0,55,0
0,16,16,7
3,0,3,0
3,0,3,0
0,3,3,2
1,0,1,0
14,0,14,0
0,2,2,1
0,76,76,17
2,0,2,0
2,0,2,0
1,0,1,0
0,1,1,3
1,0,1,0
2,0,2,0
0,12,12,9
3,0,3,0
0,76,76,249
1,0,1,0
1,0,1,0
83,0,83,0
0,49,49,65
3,0,3,0
12,0,12,0
0,6,6,1
2,0,2,0
2,0,2,0
72,0,72,0
4,0,4,0
0,5,5,8
67,0,67,0
33,0,33,0
0,1,1,1
8,0,8,0
1,0,1,0
0,21,21,15
2,0,2,0
2,0,2,0
0,24,24,21
15,0,15,0
0,29,29,7
0,42,42,41
10,0,10,0
1,143,144,77
2,0,2,0
114,0,114,0
0,22,22,22
15,0,15,0
3,0,3,0
0,3,3,19
1,0,1,0
8,0,8,0
5,0,5,0
1,0,1,0
97,0,97,0
2,0,2,0
6,0,6,0
2,0,2,0
2,0,2,0
10,0,10,0
2,0,2,0
0,40,40,32
5,0,5,0
1,0,1,0
0,30,30,39
51,0,51,0
2,0,2,0
3,0,3,0
35,0,35,0
10,0,10,0
0,37,37,29
0,10,10,10
1,0,1,0
6,0,6,0
1,0,1,0
0,23,23,31
4,0,4,0
1,0,1,0
0,56,56,4
5,0,5,0
0,2,2,6
46,0,46,0
32,0,32,0
6,0,6,0
0,35,35,4
3,0,3,0
1,0,1,0
7,0,7,0
0,12,12,41
0,2,2,0
6,0,6,0
9,0,9,0
3,0,3,0
5,0,5,0
0,19,19,11
0,45,45,32
0,28,28,1
5,0,5,0
1,0,1,0
0,18,18,80
3,0,3,0
0,11,11,16
18,0,18,0
0,4,4,5
4,0,4,0
0,2,2,15
21,0,21,0
0,15,15,15
0,4,4,1
9,0,9,0
0,43,43,20
10,0,10,0
0,15,15,19
0,1,1,7
1,0,1,0
16,0,16,0
0,5,5,25
3,0,3,0
112,0,112,0
6,0,6,0
0,28,28,74
4,0,4,0
0,21,21,38
13,0,13,0
61,0,61,0
2,0,2,0
78,0,78,0
6,0,6,0
4,0,4,0
2,0,2,0
2,0,2,0
0,373,373,28
2,0,2,0
4,0,4,0
1,0,1,0
2,0,2,0
0,37,37,2
0,24,24,12
8,0,8,0
56,0,56,0
2,0,2,0
2,0,2,0
73,0,73,0
0,3,3,49
1,0,1,0
4,0,4,0
1,0,1,0
16,0,16,0
0,3,3,50
2,0,2,0
0,343,343,31
0,8,8,79
9,0,9,0
2,0,2,0
0,22,22,7
0,135,135,1
3,0,3,0
0,42,42,32
0,23,23,34
0,13,13,34
3,0,3,0
130,0,130,0
25,0,25,0
0,2,2,1
0,7,7,3
7,0,7,0
0,1,1,81
148,0,148,0
3,0,3,0
3,0,3,0
17,0,17,0
2,0,2,0
2,0,2,0
13,0,13,0
1,0,1,0
6,0,6,0
0,5,5,3
0,3,3,40
0,14,14,7
39,0,39,0
6,0,6,0
0,43,43,32
45,0,45,0
0,3,3,6
1,0,1,0
0,47,47,42
1,0,1,0
2,0,2,0
3,0,3,0
1,0,1,0
23,0,23,0
10,0,10,0
133,0,133,0
0,10,10,14
3,0,3,0
1,0,1,0
2,0,2,0
0,186,186,95
139,0,139,0
0,168,168,21
16,0,16,0
1,0,1,0
23,0,23,0
1,0,1,0
0,1,1,3
3,0,3,0
5,0,5,0
3,0,3,0
2,0,2,0
0,40,40,2
16,0,16,0
38,0,38,0
1,0,1,0
0,92,92,57
0,1,1,2
18,0,18,0
0,66,66,13
7,0,7,0
4,0,4,0
16,0,16,0
0,1,1,6
14,0,14,0
0,26,26,6
17,0,17,0
2,0,2,0
2,0,2,0
0,58,58,18
2,0,2,0
0,5,5,1
0,1,1,16
2,0,2,0
164,0,164,0
0,100,100,3
53,0,53,0
1,0,1,0
0,13,13,1
1,0,1,0
3,0,3,0
35,0,35,0
4,0,4,0
13,0,13,0
1,0,1,0
0,83,83,84
3,0,3,0
2,0,2,0
279,0,279,0
5,0,5,0
8,0,8,0
3,0,3,0
3,0,3,0
13,0,13,0
0,111,111,12
3,0,3,0
0,14,14,10
16,0,16,0
0,5,5,9
3,0,3,0
25,0,25,0
14,0,14,0
9,0,9,0
4,0,4,0
22,0,22,0
1,0,1,0
0,2,2,2
1,0,1,0
0,11,11,18
10,0,10,0
9,0,9,0
0,6,6,1
16,0,16,0
6,0,6,0
1,0,1,0
85,0,85,0
5,0,5,0
10,0,10,0
1,0,1,0
0,37,37,17
16,0,16,0
0,2,2,52
31,0,31,0
0,161,161,92
180,0,180,0
1,0,1,0
0,4,4,2
1,0,1,0
1,0,1,0
0,1,1,3
2,0,2,0
0,4,4,10
0,26,26,46
5,0,5,0
0,2,2,17
0,6,6,4
4,0,4,0
97,0,97,0
5,0,5,0
1,0,1,0
12,0,12,0
94,0,94,0
0,2,2,2
1,0,1,0
32,0,32,0
2,0,2,0
0,12,12,20
25,0,25,0
0,535,535,56
4,0,4,0
0,79,79,17
0,57,57,10
0,10,10,18
9,0,9,0
11,0,11,0
0,207,207,325
28,0,28,0
96,0,96,0
1,0,1,0
0,6,6,9
1,0,1,0
1,0,1,0
0,12,12,29
14,0,14,0
2,0,2,0
16,0,16,0
0,58,58,9
395,0,395,0
2,0,2,0
4,0,4,0
44,0,44,0
0,6,6,18
14,0,14,0
7,0,7,0
1,0,1,0
8,0,8,0
1,0,1,0
0,1,1,220
14,0,14,0
0,4,4,21
0,3,3,87
10,0,10,0
21,0,21,0
0,45,45,17
18,0,18,0
0,21,21,30
9,0,9,0
2,0,2,0
1,0,1,0
0,56,56,23
64,0,64,0
0,25,25,15
6,0,6,0
1,0,1,0
2,0,2,0
0,2,2,72
0,1,1,20
3,0,3,0
65,0,65,0
3,0,3,0
0,20,20,18
0,119,119,38
1,0,1,0
0,2,2,3
3,0,3,0
9,0,9,0
0,10,10,93
0,5,5,2
14,0,14,0
7,0,7,0
5,0,5,0
0,25,25,0
21,0,21,0
2,0,2,0
40,0,40,0
1,0,1,0
10,0,10,0
0,84,84,32
1,0,1,0
7,0,7,0
0,61,61,2
44,0,44,0
7,0,7,0
6,0,6,0
3,0,3,0
3,0,3,0
1,0,1,0
10,0,10,0
39,0,39,0
0,5,5,28
1,0,1,0
0,11,11,74
0,3,3,61
2,0,2,0
0,1,1,19
1,0,1,0
1,0,1,0
1,0,1,0
4,0,4,0
2,0,2,0
1,0,1,0
2,0,2,0
18,0,18,0
23,0,23,0
10,0,10,0
0,1,1,10
6,0,6,0
27,0,27,0
0,8,8,50
5,0,5,0
1,0,1,0
0,26,26,9
0,7,7,26
2,0,2,0
13,0,13,0
0,566,566,53
5,0,5,0
0,60,60,39
24,0,24,0
2,0,2,0
0,2,2,229
1,0,1,0
26,0,26,0
0,2,2,0
0,24,24,19
23,0,23,0
0,3,3,3
76,0,76,0
0,81,81,8
0,4,4,45
29,0,29,0
94,0,94,0
3,0,3,0
20,0,20,0
16,0,16,0
1,0,1,0
0,254,254,11
0,103,103,35
15,0,15,0
13,0,13,0
0,3,3,9
1,0,1,0
0,28,28,29
0,9,9,3
3,0,3,0
3,0,3,0
0,37,37,0
3,0,3,0
0,53,53,32
135,0,135,0
2,0,2,0
1,0,1,0
0,2,2,0
10,0,10,0
2,0,2,0
0,1,1,20
0,6,6,25
73,0,73,0
1,0,1,0
20,0,20,0
57,0,57,0
8,0,8,0
1,0,1,0
1,0,1,0
3,0,3,0
3,0,3,0
0,3,3,2
0,2,2,5
5,0,5,0
1359,0,1359,0
16,0,16,0
1,0,1,0
0,9,9,49
9,0,9,0
1,0,1,0
0,34,34,13
3,0,3,0
1,0,1,0
5,0,5,0
1,0,1,0
2,0,2,0
1,0,1,0
0,14,14,7
1,0,1,0
6,0,6,0
0,7,7,8
2,0,2,0
1,0,1,0
11,0,11,0
8,0,8,0
16,0,16,0
13,0,13,0
0,2,2,51
0,431,431,22
0,2,2,0
12,0,12,0
97,0,97,0
1,0,1,0
0,559,559,34
399,0,399,0
7,0,7,0
49,0,49,0
1,0,1,0
1,0,1,0
15,0,15,0
5,0,5,0
0,13,13,77
1,0,1,0
0,2,2,1
0,44,44,22
2,0,2,0
23,0,23,0
0,5,5,16
55,0,55,0
2,0,2,0
1,0,1,0
2,0,2,0
0,53,53,20
57,0,57,0
2,0,2,0
4,0,4,0
0,26,26,38
0,31,31,4
2,0,2,0
0,23,23,1
2,0,2,0
0,1,1,1
0,5,5,0
69,0,69,0
0,62,62,47
61,0,61,0
0,25,25,6
18,0,18,0
0,14,14,6
2,0,2,0
5,0,5,0
15,0,15,0
0,6,6,20
5,0,5,0
0,362,362,34
0,9,9,10
2,0,2,0
1,0,1,0
8,0,8,0
0,178,178,9
173,0,173,0
17,0,17,0
0,14,14,9
3,0,3,0
0,136,136,95
6,0,6,0
2,0,2,0
7,0,7,0
2,0,2,0
101,0,101,0
1,0,1,0
0,35,35,2
46,0,46,0
2,0,2,0
22,0,22,0
35,0,35,0
13,0,13,0
3,0,3,0
4,0,4,0
4,0,4,0
0,15,15,7
4,0,4,0
0,20,20,4
5,0,5,0
3,0,3,0
0,22,22,1
0,1,1,23
2,0,2,0
2,0,2,0
8,0,8,0
14,0,14,0
7,0,7,0
0,48,48,25
39,0,39,0
2,0,2,0
25,0,25,0
1,0,1,0
35,0,35,0
1,0,1,0
2,0,2,0
0,10,10,18
4,0,4,0
2,0,2,0
5,0,5,0
3,0,3,0
9,0,9,0
6,0,6,0
1,0,1,0
0,4,4,10
0,12,12,9
7,0,7,0
1,0,1,0
1,0,1,0
4,0,4,0
1,0,1,0
0,2,2,0
20,0,20,0
0,137,137,25
5,0,5,0
0,1,1,9
0,2,2,3
0,3,3,5
1,0,1,0
0,11,11,16
10,0,10,0
0,7,7,7
5,0,5,0
3,0,3,0
1,0,1,0
1,0,1,0
28,0,28,0
0,3,3,30
0,418,418,37
1,0,1,0
1,0,1,0
2,0,2,0
4,0,4,0
8,0,8,0
5,0,5,0
2,0,2,0
7,0,7,0
2,0,2,0
1,0,1,0
17,0,17,0
11,0,11,0
1,0,1,0
0,8,8,6
207,0,207,0
0,28,28,53
0,4,4,8
1,0,1,0
0,1,1,16
2,0,2,0
6,0,6,0
0,5,5,1
10,0,10,0
0,89,89,30
0,15,15,21
1,0,1,0
1,0,1,0
0,1,1,21
186,0,186,0
0,2,2,4
8,0,8,0
0,4,4,16
1,0,1,0
64,0,64,0
0,1,1,5
2,0,2,0
1,0,1,0
0,25,25,25
0,11,11,2
1,0,1,0
0,1,1,19
10,0,10,0
0,6,6,38
3,0,3,0
0,253,253,14
246,0,246,0
6,0,6,0
22,0,22,0
1,0,1,0
0,246,246,60
0,51,51,13
13,0,13,0
9,0,9,0
0,733,733,60
0,1,1,21
3,0,3,0
1,0,1,0
4,0,4,0
2,0,2,0
5,0,5,0
2,0,2,0
0,14,14,1
7,0,7,0
1,0,1,0
5,0,5,0
5,0,5,0
12,0,12,0
0,26,26,95
17,0,17,0
5,0,5,0
39,0,39,0
0,19,19,4
2,0,2,0
41,0,41,0
1,0,1,0
0,2,2,12
0,1,1,21
19,0,19,0
2,0,2,0
2,0,2,0
0,3,3,2
0,19,19,23
4,0,4,0
11,0,11,0
3,0,3,0
2,0,2,0
0,1,1,14
1,0,1,0
4,0,4,0
1,0,1,0
0,19,19,4
1,0,1,0
0,3,3,19
32,0,32,0
67,0,67,0
0,175,175,3
13,0,13,0
5,0,5,0
7,0,7,0
1,0,1,0
15,0,15,0
0,216,216,164
12,0,12,0
9,0,9,0
3,0,3,0
1,0,1,0
0,22,22,38
3,0,3,0
1,0,1,0
0,5,5,36
5,0,5,0
28,0,28,0
5,0,5,0
0,10,10,7
5,0,5,0
0,3,3,3
0,99,99,44
10,0,10,0
0,4,4,132
4,0,4,0
36,0,36,0
0,6,6,4
5,0,5,0
4,0,4,0
2,0,2,0
0,91,91,9
0,3,3,24
64,0,64,0
0,4,4,41
16,0,16,0
0,1,1,0
21,0,21,0
20,0,20,0
3,0,3,0
2,0,2,0
9,0,9,0
10,0,10,0
15,0,15,0
2,0,2,0
9,0,9,0
2,0,2,0
0,78,78,16
54,0,54,0
7,0,7,0
0,13,13,18
11,0,11,0
0,11,11,11
3,0,3,0
7,0,7,0
1,0,1,0
0,8,8,1
7,0,7,0
0,6,6,14
0,29,29,73
9,0,9,0
1,0,1,0
10,0,10,0
32,0,32,0
0,3,3,17
0,296,296,80
1,0,1,0
20,0,20,0
1,0,1,0
5,0,5,0
1,0,1,0
7,0,7,0
41,0,41,0
1,0,1,0
0,94,94,2
0,8,8,4
0,5,5,16
0,1,1,2
4,0,4,0
2,0,2,0
0,21,21,8
0,404,404,75
1,0,1,0
56,0,56,0
10,0,10,0
2,0,2,0
308,0,308,0
114,0,114,0
27,0,27,0
3,0,3,0
0,1021,1021,91
1,0,1,0
304,0,304,0
12,0,12,0
1,0,1,0
1,0,1,0
0,331,331,362
0,19,19,12
3,0,3,0
0,81,81,51
0,1,1,78
0,8,8,1
9,0,9,0
27,0,27,0
17,0,17,0
4,0,4,0
0,1,1,133
3,0,3,0
0,1,1,33
8,0,8,0
14,0,14,0
0,48,48,53
6,0,6,0
2,0,2,0
150,0,150,0
2,0,2,0
2,0,2,0
5,0,5,0
4,0,4,0
16,0,16,0
2,0,2,0
3,0,3,0
1,0,1,0
11,0,11,0
0,110,110,27
6,0,6,0
0,3,3,31
2,0,2,0
2,0,2,0
21,0,21,0
12,0,12,0
18,0,18,0
6,0,6,0
0,43,43,33
38,0,38,0
110,0,110,0
159,0,159,0
44,0,44,0
0,7,7,14
3,0,3,0
1,0,1,0
6,0,6,0
4,0,4,0
18,0,18,0
0,16,16,23
0,25,25,1
65,0,65,0
6,0,6,0
10,0,10,0
2,0,2,0
16,0,16,0
1,0,1,0
16,0,16,0
0,4,4,3
1,0,1,0
7,0,7,0
2,0,2,0
1,0,1,0
5,0,5,0
17,0,17,0
0,4,4,12
4,0,4,0
6,0,6,0
1,0,1,0
3,0,3,0
9,0,9,0
0,52,52,9
3,0,3,0
2,0,2,0
1,0,1,0
16,0,16,0
1,0,1,0
10,0,10,0
2,0,2,0
16,0,16,0
0,7,7,0
1,0,1,0
47,0,47,0
0,46,46,0
0,40,40,30
24,0,24,0
254,0,254,0
0,37,37,27
4,0,4,0
0,5,5,40
494,0,494,0
7,0,7,0
3,0,3,0
6,0,6,0
66,0,66,0
18,0,18,0
183,0,183,0
0,5,5,0
1,0,1,0
0,24,24,51
18,0,18,0
0,8,8,0
1,0,1,0
9,0,9,0
68,0,68,0
0,3,3,33
1,0,1,0
1,0,1,0
9,0,9,0
1,0,1,0
2,0,2,0
0,171,171,63
7,0,7,0
194,0,194,0
0,4,4,32
53,0,53,0
0,2,2,15
1,0,1,0
2,0,2,0
2,0,2,0
7,0,7,0
1,0,1,0
1,0,1,0
0,4,4,34
0,19,19,20
9,0,9,0
0,61,61,0
5,0,5,0
2,0,2,0
6,0,6,0
8,0,8,0
5,0,5,0
0,126,126,14
13,0,13,0
1,0,1,0
0,60,60,43
2,0,2,0
10,0,10,0
6,0,6,0
2,0,2,0
34,0,34,0
0,143,143,12
5,0,5,0
25,0,25,0
3,0,3,0
0,24,24,66
0,2,2,16
1,0,1,0
11,0,11,0
8,0,8,0
20,0,20,0
19,0,19,0
46,0,46,0
8,0,8,0
16,0,16,0
18,0,18,0
2,0,2,0
0,5,5,37
0,1,1,5
0,4,4,5
2,0,2,0
4,0,4,0
0,25,25,37
1,0,1,0
0,1,1,32
4,0,4,0
6,0,6,0
0,233,233,23
0,9,9,48
1,0,1,0
1,0,1,0
0,178,178,11
2,0,2,0
0,4,4,17
2,0,2,0
31,0,31,0
1,0,1,0
0,1,1,0
7,0,7,0
32,0,32,0
1,0,1,0
3,0,3,0
23,0,23,0
1,0,1,0
0,38,38,5
93,0,93,0
1,0,1,0
6,0,6,0
1,0,1,0
3,0,3,0
4,0,4,0
0,11,11,45
0,8,8,0
7,0,7,0
3,0,3,0
10,0,10,0
2,0,2,0
1,0,1,0
0,89,89,39
71,0,71,0
1,0,1,0
1,0,1,0
1,0,1,0
0,10,10,20
6,0,6,0
0,41,41,0
1,0,1,0
1,0,1,0
1,0,1,0
3,0,3,0
2,0,2,0
4,0,4,0
0,10,10,6
13,0,13,0
1,0,1,0
12,0,12,0
0,4,4,10
24,0,24,0
61,0,61,0
4,0,4,0
14,0,14,0
3,0,3,0
11,0,11,0
6,0,6,0
2,0,2,0
13,0,13,0
8,0,8,0
2,0,2,0
3,0,3,0
0,116,116,30
5,0,5,0
5,0,5,0
0,8,8,65
2,0,2,0
2,0,2,0
0,73,73,12
0,13,13,6
1,0,1,0
13,0,13,0
0,17,17,8
9,0,9,0
0,2,2,12
2,0,2,0
26,0,26,0
0,10,10,37
0,18,18,143
2,0,2,0
0,4,4,9
3,0,3,0
0,3,3,20
0,5,5,18
0,12,12,9
25,0,25,0
2,0,2,0
0,113,113,64
0,4,4,5
1,0,1,0
40,0,40,0
0,39,39,141
7,0,7,0
2,0,2,0
2,0,2,0
8,0,8,0
3,0,3,0
92,0,92,0
1,0,1,0
60,0,60,0
0,63,63,109
4,0,4,0
9,0,9,0
0,16,16,1
0,15,15,79
38,0,38,0
0,26,26,6
3,0,3,0
0,501,501,98
30,0,30,0
1,0,1,0
6,0,6,0
1,0,1,0
0,5,5,16
0,1,1,7
9,0,9,0
1,0,1,0
55,0,55,0
23,0,23,0
9,0,9,0
2,0,2,0
0,38,38,77
21,0,21,0
0,62,62,48
0,12,12,147
3,0,3,0
14,0,14,0
3,0,3,0
3,0,3,0
0,12,12,34
2,0,2,0
3,0,3,0
0,10,10,5
9,0,9,0
4,0,4,0
3,0,3,0
0,7,7,34
0,19,19,5
1,0,1,0
7,0,7,0
1,0,1,0
0,65,65,4
0,11,11,3
16,0,16,0
3,0,3,0
0,161,161,10
138,0,138,0
7,0,7,0
2,0,2,0
0,4,4,1
0,43,43,6
0,37,37,25
0,594,594,50
0,3,3,0
2,0,2,0
0,7,7,8
49,0,49,0
5,0,5,0
0,17,17,1
1,0,1,0
0,1,1,6
1,0,1,0
1,0,1,0
0,23,23,16
5,0,5,0
11,0,11,0
15,0,15,0
0,110,110,37
32,0,32,0
0,4,4,76
6,0,6,0
1,0,1,0
0,1,1,8
0,92,92,112
160,0,160,0
8,0,8,0
0,1,1,10
4,0,4,0
4,0,4,0
1,0,1,0
15,0,15,0
0,1,1,4
1,0,1,0
8,0,8,0
0,18,18,8
29,0,29,0
2,0,2,0
11,0,11,0
0,10,10,98
0,56,56,6
20,0,20,0
0,72,72,30
0,5,5,4
9,0,9,0
0,8,8,9
0,1,1,20
40,0,40,0
7,0,7,0
56,0,56,0
2,0,2,0
5,0,5,0
19,0,19,0
39,0,39,0
4,0,4,0
0,15,15,3
16,0,16,0
0,68,68,54
3,0,3,0
161,0,161,0
6,0,6,0
0,1,1,3
2,0,2,0
1,0,1,0
0,2,2,0
1,0,1,0
2,0,2,0
0,2,2,2
0,56,56,3
65,0,65,0
0,9,9,14
221,0,221,0
114,0,114,0
0,12,12,6
2,0,2,0
0,6,6,6
6,0,6,0
0,19,19,23
7,0,7,0
0,63,63,15
14,0,14,0
4,0,4,0
1,0,1,0
2,0,2,0
1,0,1,0
542,0,542,0
0,2,2,15
0,5,5,20
0,3,3,6
0,153,153,38
1,0,1,0
0,8,8,6
6,0,6,0
2,0,2,0
0,62,62,12
6,0,6,0
0,15,15,8
14,0,14,0
0,19,19,34
4,0,4,0
0,1,1,8
0,7,7,36
4,0,4,0
4,0,4,0
0,5,5,33
0,16,16,23
12,0,12,0
1,0,1,0
5,0,5,0
5,0,5,0
1,0,1,0
0,4,4,6
53,0,53,0
0,1,1,45
1,0,1,0
102,0,102,0
9,0,9,0
0,1,1,27
9,0,9,0
2,0,2,0
170,0,170,0
0,6,6,9
0,35,35,13
2,0,2,0
5,0,5,0
0,7,7,16
9,0,9,0
25,0,25,0
2,0,2,0
7,0,7,0
10,0,10,0
7,0,7,0
0,12,12,28
4,0,4,0
0,2,2,4
64,0,64,0
0,4,4,20
3,0,3,0
2,0,2,0
5,0,5,0
0,19,19,48
41,0,41,0
0,76,76,19
73,0,73,0
1,0,1,0
0,25,25,33
1,0,1,0
45,0,45,0
3,0,3,0
0,11,11,63
1,0,1,0
23,0,23,0
11,0,11,0
9,0,9,0
5,0,5,0
8,0,8,0
0,247,247,117
71,0,71,0
0,4,4,6
69,0,69,0
4,0,4,0
8,0,8,0
0,1,1,10
1,0,1,0
0,1,1,39
4,0,4,0
11,0,11,0
4,0,4,0
2,0,2,0
3,0,3,0
18,0,18,0
178,0,178,0
0,60,60,3
44,0,44,0
4,0,4,0
78,0,78,0
7,0,7,0
0,13,13,11
90,0,90,0
0,8,8,13
0,284,284,20
2,0,2,0
8,0,8,0
255,0,255,0
43,0,43,0
3,0,3,0
1,0,1,0
1,0,1,0
2,0,2,0
56,0,56,0
28,0,28,0
0,2,2,43
5,0,5,0
5,0,5,0
30,0,30,0
2,0,2,0
3,0,3,0
4,0,4,0
3,0,3,0
1,0,1,0
0,18,18,29
3,0,3,0
124,0,124,0
0,46,46,56
13,0,13,0
0,23,23,15
5,0,5,0
1,0,1,0
4,0,4,0
1,0,1,0
15,0,15,0
0,7,7,81
1,0,1,0
0,20,20,17
7,0,7,0
49,0,49,0
13,0,13,0
0,24,24,70
0,372,372,7
220,0,220,0
1,0,1,0
0,67,67,21
2,0,2,0
5,0,5,0
4,0,4,0
3,0,3,0
1,0,1,0
0,22,22,13
5,0,5,0
0,16,16,10
8,0,8,0
0,41,41,5
56,0,56,0
0,8,8,9
0,12,12,5
11,0,11,0
0,45,45,1
8,0,8,0
0,2,2,4
0,26,26,4
0,1,1,1
1,0,1,0
2,0,2,0
2,0,2,0
2,0,2,0
0,11,11,24
6,0,6,0
18,0,18,0
47,0,47,0
0,4,4,2
11,0,11,0
8,0,8,0
2,0,2,0
2,0,2,0
1,0,1,0
1,0,1,0
0,6,6,33
0,288,288,32
6,0,6,0
50,0,50,0
6,0,6,0
0,10,10,65
1,0,1,0
5,0,5,0
0,42,42,12
2,0,2,0
3,0,3,0
0,43,43,12
37,0,37,0
10,0,10,0
4,0,4,0
2,0,2,0
45,0,45,0
1,0,1,0
87,0,87,0
28,0,28,0
0,3,3,4
6,0,6,0
168,0,168,0
6,0,6,0
9,0,9,0
7,0,7,0
13,0,13,0
0,31,31,16
27,0,27,0
1,0,1,0
0,13,13,25
12,0,12,0
0,10,10,5
8,0,8,0
4,0,4,0
13,0,13,0
0,551,551,80
10,0,10,0
17,0,17,0
1,0,1,0
0,10,10,28
3,0,3,0
0,2,2,10
0,45,45,5
57,0,57,0
1,0,1,0
0,1,1,3
0,1,1,1
4,0,4,0
9,0,9,0
2,0,2,0
2,0,2,0
13,0,13,0
7,0,7,0
1,0,1,0
0,1,1,25
0,16,16,0
0,3,3,6
4,0,4,0
103,0,103,0
0,24,24,35
0,20,20,16
7,0,7,0
0,110,110,48
1,0,1,0
18,0,18,0
1,0,1,0
3,0,3,0
4,0,4,0
112,0,112,0
4,0,4,0
0,60,60,20
7,0,7,0
56,0,56,0
4,0,4,0
10,0,10,0
0,64,64,23
3,0,3,0
4,0,4,0
1,0,1,0
0,80,80,7
46,0,46,0
0,7,7,3
6,0,6,0
2,0,2,0
1,0,1,0
0,141,141,77
142,0,142,0
3,0,3,0
0,464,464,187
1,0,1,0
0,5,5,11
0,8,8,1
2,0,2,0
8,0,8,0
0,12,12,6
2,0,2,0
82,0,82,0
8,0,8,0
3,0,3,0
0,144,144,9
0,1,1,0
0,82,82,0
0,16,16,313
2,0,2,0
0,2,2,0
3,0,3,0
0,48,48,10
16,0,16,0
3,0,3,0
4,0,4,0
0,87,87,103
8,0,8,0
2,0,2,0
2,0,2,0
0,111,111,52
67,0,67,0
12,0,12,0
1,0,1,0
2,0,2,0
0,75,75,26
1,0,1,0
1,0,1,0
7,0,7,0
0,359,359,49
383,0,383,0
0,13,13,30
2,0,2,0
22,0,22,0
1,0,1,0
1,0,1,0
6,0,6,0
0,50,50,16
0,215,215,20
40,0,40,0
1,0,1,0
4,0,4,0
1,0,1,0
23,0,23,0
0,89,89,3
3,0,3,0
21,0,21,0
13,0,13,0
0,6,6,5
7,0,7,0
13,0,13,0
2,0,2,0
0,1,1,9
0,2,2,5
0,18,18,34
1,0,1,0
0,1,1,9
10,0,10,0
0,5,5,1
3,0,3,0
0,2,2,20
1,0,1,0
126,0,126,0
0,32,32,1
0,3,3,77
7,0,7,0
0,11,11,8
1,0,1,0
0,1642,1642,23
8,0,8,0
1634,0,1634,0
5,0,5,0
9,0,9,0
0,10,10,3
0,2,2,4
11,0,11,0
1,0,1,0
0,117,117,36
6,0,6,0
0,3,3,0
7,0,7,0
2,0,2,0
0,22,22,3
71,0,71,0
1,0,1,0
0,2,2,3
2,0,2,0
1,0,1,0
2,0,2,0
1,0,1,0
31,0,31,0
1,0,1,0
2,0,2,0
0,2,2,3
11,0,11,0
12,0,12,0
7,0,7,0
22,0,22,0
123,0,123,0
5,0,5,0
0,3,3,0
3,0,3,0
1,0,1,0
1,0,1,0
37,0,37,0
1,0,1,0
90,0,90,0
6,0,6,0
6,0,6,0
0,4,4,26
41,0,41,0
1,0,1,0
7,0,7,0
2,0,2,0
5,0,5,0
0,1,1,124
21,0,21,0
0,13,13,27
1,0,1,0
1,0,1,0
0,1,1,9
3,0,3,0
0,5,5,0
43,0,43,0
2,0,2,0
1,0,1,0
0,122,122,29
17,0,17,0
0,41,41,2
1,0,1,0
17,0,17,0
1,0,1,0
0,29,29,29
79,0,79,0
2,0,2,0
1,0,1,0
6,0,6,0
0,16,16,3
1,0,1,0
6,0,6,0
0,37,37,10
35,0,35,0
6,0,6,0
2,0,2,0
26,0,26,0
104,0,104,0
0,8,8,5
0,141,141,9
48,0,48,0
18,0,18,0
7,0,7,0
0,56,56,26
1,0,1,0
1,0,1,0
0,2,2,8
0,15,15,3
15,0,15,0
1,0,1,0
4,0,4,0
1,0,1,0
52,0,52,0
0,3,3,1
27,0,27,0
0,35,35,10
14,0,14,0
4,0,4,0
1,0,1,0
12,0,12,0
23,0,23,0
1,0,1,0
10,0,10,0
0,11,11,3
53,0,53,0
0,3,3,10
1,0,1,0
7,0,7,0
3,0,3,0
1,0,1,0
0,6,6,1
4,0,4,0
2,0,2,0
5,0,5,0
4,0,4,0
0,84,84,68
0,7,7,8
0,137,137,16
0,3,3,12
1,0,1,0
3,0,3,0
2,0,2,0
5,0,5,0
0,100,100,18
35,0,35,0
20,0,20,0
5,0,5,0
65,0,65,0
0,4,4,40
4,0,4,0
41,0,41,0
17,0,17,0
48,0,48,0
5,0,5,0
25,0,25,0
38,0,38,0
3,0,3,0
23,0,23,0
6,0,6,0
1,0,1,0
1,0,1,0
95,0,95,0
0,153,153,43
23,0,23,0
0,3,3,25
0,73,73,82
3,0,3,0
3,0,3,0
4,0,4,0
0,166,166,28
0,12,12,12
1,0,1,0
27,0,27,0
1,0,1,0
0,98,98,11
5,0,5,0
0,70,70,7
1,0,1,0
2,0,2,0
1,0,1,0
14,0,14,0
0,5,5,4
104,0,104,0
8,0,8,0
3,0,3,0
0,12,12,7
3,0,3,0
0,223,223,37
84,0,84,0
5,0,5,0
2,0,2,0
7,0,7,0
19,0,19,0
1,0,1,0
1,0,1,0
10,0,10,0
4,0,4,0
60,0,60,0
1,0,1,0
0,20,20,4
5,0,5,0
2,0,2,0
7,0,7,0
387,0,387,0
17,0,17,0
0,2,2,28
3,0,3,0
0,126,126,5
1848,0,1848,0
12,0,12,0
2,0,2,0
1,0,1,0
5,0,5,0
0,16,16,1
4,0,4,0
1,0,1,0
11,0,11,0
0,23,23,11
0,80,80,55
0,5,5,3
1,0,1,0
2,0,2,0
1,0,1,0
0,60,60,24
2,0,2,0
4,0,4,0
0,4,4,27
1,0,1,0
5,0,5,0
2,0,2,0
1,0,1,0
1,0,1,0
4,0,4,0
12,0,12,0
1,0,1,0
0,2,2,2
0,1,1,0
2,0,2,0
2,0,2,0
16,0,16,0
21,0,21,0
0,43,43,49
1,0,1,0
4,0,4,0
12,0,12,0
3,0,3,0
2,0,2,0
17,0,17,0
40,0,40,0
12,0,12,0
75,0,75,0
0,37,37,4
0,13,13,49
66,0,66,0
1,0,1,0
1,0,1,0
5,0,5,0
0,2,2,10
6,0,6,0
0,13,13,4
6,0,6,0
121,0,121,0
0,6,6,42
5,0,5,0
0,22,22,44
24,0,24,0
2,0,2,0
6,0,6,0
0,154,154,36
2,0,2,0
56,0,56,0
3,0,3,0
0,6,6,0
0,7,7,7
1,0,1,0
12,0,12,0
0,8,8,3
7,0,7,0
1,0,1,0
2,0,2,0
1,0,1,0
4,0,4,0
9,0,9,0
18,0,18,0
0,190,190,21
28,0,28,0
67,0,67,0
41,0,41,0
3,0,3,0
65,0,65,0
1,0,1,0
0,3,3,23
11,0,11,0
1,0,1,0
0,4,4,35
0,16,16,8
0,118,118,28
0,112,112,14
10,0,10,0
0,4,4,6
2,0,2,0
1,0,1,0
12,0,12,0
8,0,8,0
2,0,2,0
14,0,14,0
0,11,11,5
1,0,1,0
5,0,5,0
1,0,1,0
2,0,2,0
54,0,54,0
20,0,20,0
1,0,1,0
11,0,11,0
7,0,7,0
29,0,29,0
0,512,512,97
145,0,145,0
1,0,1,0
0,20,20,33
16,0,16,0
0,3,3,21
2,0,2,0
1,0,1,0
1,0,1,0
2,0,2,0
0,1,1,7
30,0,30,0
0,17,17,18
2,0,2,0
1,0,1,0
0,3,3,4
1,0,1,0
12,0,12,0
12,0,12,0
3,0,3,0
0,21,21,38
6,0,6,0
81,0,81,0
16,0,16,0
0,66,66,10
1,0,1,0
5,0,5,0
1,0,1,0
1,0,1,0
0,14,14,2
2,0,2,0
5,0,5,0
96,0,96,0
0,19,19,32
1,0,1,0
1,0,1,0
30,0,30,0
0,54,54,47
236,0,236,0
1,0,1,0
2,0,2,0
3,0,3,0
68,0,68,0
12,0,12,0
29,0,29,0
11,0,11,0
0,89,89,20
13,0,13,0
0,100,100,68
41,0,41,0
5,0,5,0
0,979,979,479
737,0,737,0
47,0,47,0
236,0,236,0
20,0,20,0
0,36,36,130
7,0,7,0
0,1,1,47
7,0,7,0
2,0,2,0
4,0,4,0
8,0,8,0
2,0,2,0
1,0,1,0
0,7,7,13
150,0,150,0
42,0,42,0
0,17,17,55
0,5,5,110
8,0,8,0
10,0,10,0
1,0,1,0
13,0,13,0
1,0,1,0
11,0,11,0
1,0,1,0
2,0,2,0
131,0,131,0
0,47,47,19
1,0,1,0
2,0,2,0
19,0,19,0
0,21,21,5
12,0,12,0
2,0,2,0
0,19,19,1
1,0,1,0
0,7,7,26
0,192,192,77
2,0,2,0
0,6,6,67
25,0,25,0
0,3,3,0
29,0,29,0
0,282,282,8
7,0,7,0
1,0,1,0
1,0,1,0
0,31,31,26
12,0,12,0
0,40,40,17
43,0,43,0
7,0,7,0
0,98,98,82
39,0,39,0
3,0,3,0
0,1,1,36
7,0,7,0
1,0,1,0
93,0,93,0
9,0,9,0
2,0,2,0
11,0,11,0
1,0,1,0
0,153,153,26
0,65,65,31
2,0,2,0
0,373,373,14
0,3,3,34
0,3,3,0
14,0,14,0
609,0,609,0
2,0,2,0
6,0,6,0
6,0,6,0
10,0,10,0
186,0,186,0
10,0,10,0
50,0,50,0
2,0,2,0
0,132,132,9
212,0,212,0
42,0,42,0
0,15,15,1
2,0,2,0
0,8,8,15
5,0,5,0
37,0,37,0
1,0,1,0
5,0,5,0
12,0,12,0
0,93,93,11
0,5,5,3
0,18,18,8
7,0,7,0
0,1,1,39
2,0,2,0
3,0,3,0
2,0,2,0
0,9,9,11
51,0,51,0
6,0,6,0
44,0,44,0
0,63,63,15
1,0,1,0
24,0,24,0
4,0,4,0
12,0,12,0
0,2,2,7
6,0,6,0
0,9,9,85
1,0,1,0
0,29,29,53
4,0,4,0
7,0,7,0
1,0,1,0
1,0,1,0
159,0,159,0
1,0,1,0
4,0,4,0
1,0,1,0
0,23,23,43
0,2,2,3
0,5,5,74
11,0,11,0
3,0,3,0
0,90,90,32
0,63,63,14
64,0,64,0
0,203,203,41
2,0,2,0
6,0,6,0
0,2,2,5
67,0,67,0
0,47,47,0
16,0,16,0
0,4,4,4
64,0,64,0
7,0,7,0
2,0,2,0
9,0,9,0
0,84,84,2
78,0,78,0
12,0,12,0
0,7,7,103
24,0,24,0
1,28,29,11
6,0,6,0
4,0,4,0
3,0,3,0
1,0,1,0
4,0,4,0
9,0,9,0
64,0,64,0
4,0,4,0
21,0,21,0
1,0,1,0
1,0,1,0
0,28,28,30
2,0,2,0
24,0,24,0
1,0,1,0
2,0,2,0
0,381,381,14
0,17,17,23
6,0,6,0
0,1,1,15
160,0,160,0
0,5,5,18
91,0,91,0
0,61,61,59
0,4,4,28
2,0,2,0
9,0,9,0
1,0,1,0
64,0,64,0
10,0,10,0
3,0,3,0
0,136,136,16
2,0,2,0
18,0,18,0
0,66,66,0
33,0,33,0
27,0,27,0
4,0,4,0
0,25,25,10
0,3,3,2
4,0,4,0
0,90,90,201
0,585,585,48
0,4,4,35
1,0,1,0
0,18,18,10
13,0,13,0
1,0,1,0
4,0,4,0
10,0,10,0
0,4,4,40
1,0,1,0
10,0,10,0
0,27,27,0
1,0,1,0
31,0,31,0
15,0,15,0
0,20,20,3
3,0,3,0
8,0,8,0
2,0,2,0
1,0,1,0
0,57,57,27
0,58,58,42
0,49,49,11
50,0,50,0
0,30,30,14
2,0,2,0
102,0,102,0
1,0,1,0
7,0,7,0
5,0,5,0
3,0,3,0
11,0,11,0
0,2,2,17
0,3,3,0
9,0,9,0
0,2,2,80
7,0,7,0
2,0,2,0
1,0,1,0
14,0,14,0
0,14,14,16
38,0,38,0
7,0,7,0
0,14,14,4
5,0,5,0
34,0,34,0
2,0,2,0
0,73,73,30
2,0,2,0
0,8,8,25
6,0,6,0
29,0,29,0
3,0,3,0
1,0,1,0
2,0,2,0
0,411,411,35
2,0,2,0
27,0,27,0
0,8,8,31
2,0,2,0
2,0,2,0
2,0,2,32
32,0,32,0
0,4,4,1
444,0,444,0
3,0,3,0
1,0,1,0
1,0,1,0
15,0,15,0
5,0,5,0
4,0,4,0
2,0,2,0
57,0,57,0
15,0,15,0
2,0,2,0
7,0,7,0
4,0,4,0
7,0,7,0
12,0,12,0
1,0,1,0
8,0,8,0
1,0,1,0
71,0,71,0
2,0,2,0
3,0,3,0
0,26,26,46
18,0,18,0
9,0,9,0
3,0,3,0
30,0,30,0
0,48,48,67
14,0,14,0
10,0,10,0
11,0,11,0
10,0,10,0
0,33,33,118
5,0,5,0
0,33,33,53
4,0,4,0
55,0,55,0
0,12,12,8
10,0,10,0
0,11,11,11
1,0,1,0
7,0,7,0
0,3,3,9
15,0,15,0
31,0,31,0
0,11,11,13
26,0,26,0
29,0,29,0
9,0,9,0
0,21,21,26
1,0,1,0
1,0,1,0
9,0,9,0
1,0,1,0
25,0,25,0
18,0,18,0
81,0,81,0
2,0,2,0
5,0,5,0
0,10,10,51
2,0,2,0
0,6,6,4
6,0,6,0
7,0,7,0
8,0,8,17
4,0,4,0
14,0,14,0
9,0,9,14
0,72,72,26
7,0,7,0
16,0,16,0
42,0,42,0
0,62,62,1
10,0,10,0
0,23,23,58
4,0,4,0
13,0,13,0
10,0,10,0
58,0,58,0
3,0,3,0
0,217,217,67
1,0,1,0
17,0,17,0
1,0,1,0
2,0,2,0
1,0,1,0
0,7,7,7
4,0,4,0
1,0,1,0
56,0,56,0
6,0,6,0
1,0,1,0
2,0,2,0
1,0,1,0
15,0,15,0
0,17,17,209
9,0,9,0
0,7,7,58
5,0,5,0
11,0,11,0
10,0,10,0
0,17,17,0
3,0,3,0
7,0,7,0
0,3,3,31
0,4,4,3
5,0,5,0
10,0,10,0
5,0,5,0
4,0,4,0
1,0,1,0
0,1,1,1
30,0,30,0
12,0,12,0
6,0,6,0
9,0,9,0
6,0,6,0
0,26,26,66
2,0,2,0
7,0,7,0
0,47,47,2
3,0,3,0
18,0,18,0
46,0,46,0
19,0,19,0
0,17,17,43
39,0,39,0
0,180,180,87
3,0,3,0
0,312,312,15
146,0,146,0
0,262,262,38
2,0,2,0
10,0,10,0
7,0,7,0
0,7,7,3
0,4,4,7
3,0,3,0
1,0,1,0
1,0,1,0
2,0,2,0
1,0,1,0
5,0,5,0
2,0,2,0
0,77,77,14
0,12,12,15
11,0,11,0
16,0,16,0
2,0,2,0
4,0,4,0
5,0,5,0
15,0,15,0
1,0,1,0
8,0,8,0
23,0,23,0
3,0,3,0
51,0,51,0
0,31,31,0
10,0,10,0
4,0,4,0
453,0,453,0
13,0,13,0
52,0,52,0
2,0,2,0
0,8,8,3
0,2,2,2
0,2,2,3
2,0,2,0
0,35,35,4
33,0,33,0
1,0,1,0
0,402,402,11
0,49,49,9
0,108,108,22
0,757,757,142
5,0,5,0
0,1,1,198
5,0,5,0
2,0,2,0
0,9,9,54
1,0,1,0
24,0,24,0
0,319,319,68
4,0,4,0
2,0,2,0
7,0,7,0
3,0,3,0
1,0,1,0
0,12,12,54
2,0,2,0
1,0,1,0
41,0,41,0
108,0,108,0
1,0,1,0
0,2,2,0
8,0,8,0
1,0,1,0
16,0,16,0
0,2,2,54
4,0,4,0
7,0,7,0
1,0,1,0
3,0,3,0
0,19,19,32
4,0,4,0
14,0,14,0
8,0,8,0
4,0,4,0
4,0,4,0
2,0,2,0
4,0,4,0
2,0,2,0
1,0,1,0
18,0,18,0
0,3,3,26
9,0,9,0
2,0,2,0
0,19,19,6
14,0,14,0
1,0,1,0
7,0,7,0
89,0,89,0
0,1,1,8
2,0,2,0
2,0,2,0
2,0,2,0
3,0,3,0
40,0,40,0
0,3,3,1
22,0,22,0
2,0,2,0
0,8,8,0
11,0,11,0
2,0,2,0
4,0,4,0
1,0,1,0
0,5,5,38
0,49,49,44
13,0,13,0
0,327,327,71
92,0,92,0
1,0,1,0
3,0,3,0
2,0,2,0
15,0,15,0
0,2,2,0
0,3,3,74
4,0,4,0
0,4,4,0
0,1,1,10
19,0,19,0
0,9,9,0
3,0,3,0
1,0,1,0
4,0,4,0
4,0,4,0
1,0,1,0
8,0,8,0
0,9,9,2
84,0,84,0
11,0,11,0
0,2,2,63
22,0,22,0
15,0,15,0
5,0,5,0
0,4,4,13
1,0,1,0
6,0,6,0
1,0,1,0
88,0,88,0
0,41,41,14
14,0,14,0
2,0,2,0
3,0,3,0
21,0,21,0
0,21,21,100
0,4,4,5
16,0,16,0
6,0,6,0
1,0,1,0
5,0,5,0
52,0,52,0
5,0,5,0
1,0,1,0
3,0,3,0
0,1,1,0
95,0,95,0
0,1,1,3
3,0,3,0
5,0,5,0
0,1,1,7
0,32,32,78
2,0,2,0
0,39,39,11
0,2,2,21
0,10,10,4
0,80,80,91
0,4,4,9
24,0,24,0
0,13,13,5
6,0,6,0
0,60,60,51
41,0,41,0
77,0,77,0
79,0,79,0
0,2,2,34
2,0,2,0
1,0,1,0
3,0,3,0
7,0,7,0
9,0,9,0
0,17,17,23
3,0,3,0
0,155,155,3
4,0,4,0
4,0,4,0
0,6,6,1
1,0,1,0
18,0,18,0
1,0,1,0
0,3,3,8
16,0,16,0
21,0,21,0
15,0,15,0
0,24,24,75
0,7,7,72
22,0,22,0
3,0,3,0
4,0,4,0
5,0,5,0
4,0,4,0
0,4,4,14
1,0,1,0
134,0,134,0
1,0,1,0
0,40,40,12
1,0,1,0
0,45,45,9
0,6,6,5
6,0,6,0
6,0,6,0
3,0,3,0
0,158,158,5
6,0,6,0
38,0,38,0
6,0,6,0
28,0,28,0
2,0,2,0
9,0,9,0
0,86,86,5
13,0,13,0
1,0,1,0
37,0,37,0
24,0,24,0
0,25,25,18
5,0,5,0
1,0,1,0
17,0,17,0
0,9,9,39
4,0,4,0
2,0,2,0
41,0,41,0
0,2,2,8
0,558,558,20
135,0,135,0
2,0,2,0
0,15,15,131
2,0,2,0
7,0,7,0
6,0,6,0
31,0,31,0
9,0,9,0
0,4,4,19
8,0,8,0
0,4,4,0
23,0,23,0
15,0,15,0
5,0,5,0
0,7,7,12
23,0,23,0
63,0,63,0
4,0,4,0
5,0,5,0
0,10,10,8
1,0,1,0
4,0,4,0
0,38,38,4
2,0,2,0
2,0,2,0
0,43,43,44
0,15,15,21
12,0,12,0
1,0,1,0
0,20,20,64
0,19,19,45
3,0,3,0
1,0,1,0
0,5,5,56
4,0,4,0
4,0,4,0
2,0,2,0
0,1,1,16
10,0,10,0
0,4,4,7
26,0,26,0
5,0,5,0
0,31,31,46
0,14,14,12
0,1,1,29
20,0,20,0
1,0,1,0
56,0,56,0
11,0,11,0
0,22,22,6
7,0,7,0
2,0,2,0
0,10,10,2
0,1,1,20
1,0,1,0
9,0,9,0
32,0,32,0
12,0,12,0
1,0,1,0
1,0,1,0
8,0,8,0
0,3,3,27
3,0,3,0
28,0,28,0
1,0,1,0
0,5,5,1
1,0,1,0
5,0,5,0
1,0,1,0
0,29,29,46
12,0,12,0
0,1,1,0
0,216,216,66
1,0,1,0
0,119,119,25
8,0,8,0
3,0,3,0
0,3,3,4
1,0,1,0
5,0,5,0
76,0,76,0
43,0,43,0
1,0,1,0
4,0,4,0
0,61,61,36
5,0,5,0
2,0,2,0
3,0,3,0
0,18,18,32
8,0,8,0
9,0,9,0
99,0,99,0
0,255,255,65
13,0,13,0
3,0,3,0
0,109,109,39
82,103,185,5
1,0,1,0
2,0,2,0
0,75,75,9
36,0,36,0
20,0,20,0
40,0,40,0
6,0,6,0
8,0,8,0
13,0,13,0
3,0,3,0
0,1,1,44
107,0,107,0
0,1,1,47
0,2,2,13
12,0,12,0
2,0,2,0
14,0,14,0
42,0,42,0
4,0,4,0
21,0,21,0
11,0,11,0
8,0,8,0
0,1,1,2
14,0,14,0
7,0,7,0
1,0,1,0
0,74,74,5
0,14,14,16
82,0,82,0
0,8,8,68
2,0,2,0
1,0,1,0
2,0,2,0
0,88,88,65
13,0,13,0
74,0,74,0
28,0,28,0
0,15,15,7
0,3,3,3
2,0,2,0
8,0,8,0
15,0,15,0
17,0,17,0
10,0,10,0
1,0,1,0
0,1,1,8
0,79,79,44
1,0,1,0
30,0,30,0
0,1,1,20
2,0,2,0
0,22,22,25
3,0,3,0
17,0,17,0
10,0,10,0
17,0,17,0
3,0,3,0
0,19,19,9
5,0,5,0
1,0,1,0
0,161,161,10
21,0,21,0
25,0,25,0
73,0,73,0
27,0,27,0
3,0,3,0
4,0,4,0
4,0,4,0
4,0,4,0
3,0,3,0
0,37,37,3
0,4,4,16
0,26,26,21
22,0,22,0
1,0,1,0
0,11,11,68
10,0,10,0
0,2,2,31
27,0,27,0
0,3,3,48
0,4,4,54
12,0,12,0
0,3,3,21
12,0,12,0
2,0,2,0
0,11,11,19
6,0,6,0
0,5,5,4
88,0,88,0
31,0,31,0
3,0,3,0
0,6,6,11
1,0,1,0
1,0,1,0
0,7,7,5
213,0,213,0
0,2,2,25
7,0,7,0
3,0,3,0
29,0,29,0
9,0,9,0
1,0,1,0
1,0,1,0
1,0,1,0
2,0,2,0
2,0,2,0
2,0,2,0
2,0,2,0
0,104,104,63
103,0,103,0
1,0,1,0
62,0,62,0
0,6,6,1
1,0,1,0
0,4,4,1
4,0,4,0
1,0,1,0
4,0,4,0
30,0,30,0
39,0,39,0
7,0,7,0
3,0,3,0
0,3,3,137
2,0,2,0
0,3,3,106
0,9,9,13
1,0,1,0
1,0,1,0
13,0,13,0
0,4,4,10
12,0,12,0
0,125,125,32
46,0,46,0
0,5,5,14
1,0,1,0
30,0,30,0
72,0,72,0
8,0,8,0
3,0,3,0
6,0,6,0
0,7,7,9
2,0,2,0
0,1,1,3
0,110,110,54
63,0,63,0
4,0,4,0
4,0,4,0
0,26,26,24
29,0,29,0
1,0,1,0
1,0,1,0
1,0,1,0
0,5,5,50
10,0,10,0
3,0,3,0
2,0,2,0
1,0,1,0
0,18,18,19
0,145,145,12
0,1,1,4
1,0,1,0
0,2,2,6
4,0,4,0
0,57,57,43
0,6,6,0
25,0,25,0
179,0,179,0
2,0,2,0
44,0,44,0
1,0,1,0
0,25,25,2
3,0,3,0
0,6,6,29
12,0,12,0
0,15,15,10
2,0,2,0
1,0,1,0
1,0,1,0
108,0,108,0
2,0,2,0
2,0,2,0
5,0,5,0
7,0,7,0
0,35,35,19
10,0,10,0
30,0,30,0
14,0,14,0
39,0,39,0
0,20,20,19
17,0,17,0
4,0,4,0
0,84,84,26
6,0,6,0
1,0,1,0
0,392,392,52
5,0,5,0
2,0,2,0
5,0,5,0
0,9,9,59
4,0,4,0
3,0,3,0
0,129,129,18
13,0,13,0
90,0,90,0
4,0,4,0
1,0,1,0
2,0,2,0
1,0,1,0
1,0,1,0
2,0,2,0
4,0,4,0
2,0,2,0
6,0,6,0
0,102,102,56
0,7,7,6
1,0,1,0
2,0,2,0
2,0,2,0
0,3,3,24
0,567,567,36
2,0,2,0
2,0,2,0
0,3,3,3
54,0,54,0
160,0,160,0
1,0,1,0
4,0,4,0
26,0,26,0
0,267,267,44
3,0,3,0
0,11,11,41
3,0,3,0
31,0,31,0
0,46,46,11
10,0,10,0
80,0,80,0
0,2,2,31
2,0,2,0
4,0,4,0
1,0,1,0
0,17,17,18
1,0,1,0
0,190,190,71
17,0,17,0
1,0,1,0
2,0,2,0
0,1,1,6
0,2,2,41
8,0,8,0
0,8,8,0
0,42,42,10
2,0,2,0
0,67,67,4
2,0,2,0
18,0,18,0
3,0,3,0
9,0,9,0
1,0,1,0
4,0,4,0
26,0,26,0
41,0,41,0
0,1,1,1
0,20,20,7
0,159,159,76
50,0,50,0
10,0,10,0
0,3,3,37
4,0,4,0
4,0,4,0
47,0,47,0
9,0,9,0
23,0,23,0
22,0,22,0
0,113,113,31
269,0,269,0
2,0,2,0
2,0,2,0
1,0,1,0
4,0,4,0
1,0,1,0
5,0,5,0
13,0,13,0
4,0,4,0
3,0,3,0
0,2,2,23
0,11,11,41
3,0,3,0
1,0,1,0
3,0,3,0
0,142,142,58
0,3,3,1
4,0,4,0
0,22,22,63
6,0,6,0
4,0,4,0
1,0,1,0
0,9,9,49
5,0,5,0
0,175,175,12
53,0,53,0
13,0,13,0
87,0,87,0
0,47,47,43
1,0,1,0
2,0,2,0
0,104,104,50
7,0,7,0
0,42,42,26
12,0,12,0
0,7,7,19
0,1,1,7
0,52,52,81
0,18,18,9
0,18,18,14
2,0,2,0
9,0,9,0
26,0,26,0
0,27,27,48
7,0,7,0
2,0,2,0
0,82,82,31
9,0,9,0
1,0,1,0
68,0,68,0
12,0,12,0
8,0,8,0
13,0,13,0
5,0,5,0
18,0,18,0
10,0,10,0
21,0,21,0
0,39,39,11
1,0,1,0
1,0,1,0
2,0,2,0
2,0,2,0
0,14,14,0
85,0,85,0
25,0,25,0
1,0,1,0
50,0,50,0
9,0,9,0
1,0,1,0
0,7,7,0
4,0,4,0
46,0,46,0
2,0,2,0
1,0,1,0
0,10,10,2
2,0,2,0
11,0,11,0
0,9,9,99
28,0,28,0
0,2,2,0
0,27,27,1
3,0,3,0
8,0,8,0
2,0,2,0
0,6,6,17
89,0,89,0
10,0,10,0
2,0,2,0
0,44,44,49
0,356,356,72
18,0,18,0
257,0,257,0
4,0,4,0
8,0,8,0
14,0,14,0
14,0,14,0
29,0,29,0
4,0,4,0
0,10,10,1
19,0,19,0
0,37,37,28
3,0,3,0
0,30,30,34
0,20,20,30
0,148,148,32
0,20,20,51
2,0,2,0
0,42,42,1
44,0,44,0
0,7,7,8
5,0,5,0
3,0,3,0
3,0,3,0
8,0,8,0
119,0,119,0
0,3,3,0
21,0,21,0
1,0,1,0
2,0,2,0
42,0,42,0
1,0,1,0
0,189,189,8
34,0,34,0
23,0,23,0
0,1677,1677,315
0,7,7,6
1,0,1,0
1,0,1,0
7,0,7,0
11,0,11,0
14,0,14,0
5,0,5,0
3,0,3,0
4,0,4,0
0,6,6,3
1,0,1,0
0,1,1,14
17,0,17,0
0,7,7,16
5,0,5,0
0,89,89,14
90,0,90,0
0,1,1,7
0,84,84,114
0,1,1,7
7,0,7,0
2,0,2,0
5,0,5,0
3,0,3,0
10,0,10,0
8,0,8,0
121,0,121,0
0,11,11,25
4,0,4,0
0,15,15,3
20,0,20,0
8,0,8,0
1,0,1,0
0,10,10,40
5,0,5,0
5,0,5,0
10,0,10,0
7,0,7,0
2,0,2,0
6,0,6,0
1,0,1,0
2,0,2,0
12,0,12,0
6,0,6,0
0,10,10,2
9,0,9,0
0,1,1,0
0,70,70,9
5,0,5,0
11,0,11,0
2,0,2,0
2,0,2,0
31,0,31,0
1,0,1,0
0,2,2,0
1,0,1,0
9,0,9,0
0,6,6,1
2,0,2,0
1,0,1,0
0,35,35,34
6,0,6,0
0,9,9,2
1,0,1,0
25,0,25,0
0,1,1,0
0,2,2,25
0,52,52,24
1,0,1,0
5,0,5,0
30,0,30,0
1,0,1,0
5,0,5,0
0,78,78,18
20,0,20,0
14,0,14,0
4,0,4,0
0,112,112,4
1,0,1,0
5,0,5,0
10,0,10,0
86,0,86,0
2,0,2,0
1,0,1,0
0,31,31,6
0,3,3,27
0,12,12,4
1,0,1,0
2,0,2,0
0,12,12,3
7,0,7,0
2,0,2,0
2,0,2,0
3,0,3,0
0,11,11,35
0,3,3,2
2,0,2,0
27,0,27,0
0,16,16,3
3,0,3,0
10,0,10,0
0,18,18,26
2,0,2,0
0,5,5,4
31,0,31,0
1,0,1,0
0,7,7,22
34,0,34,0
0,1,1,0
0,1,1,8
4,0,4,0
0,16,16,0
2,0,2,0
0,10,10,41
42,0,42,0
1,0,1,0
99,0,99,0
46,0,46,0
1,0,1,0
1,0,1,0
1,0,1,0
5,0,5,0
4,0,4,0
1,0,1,0
7,0,7,0
1,0,1,0
0,16,16,224
1,0,1,0
9,0,9,0
1,0,1,0
0,248,248,18
14,0,14,0
15,0,15,0
0,149,149,8
122,0,122,0
2,0,2,0
35,0,35,0
0,16,16,1
0,11,11,14
24,0,24,0
4,0,4,0
1,0,1,0
4,0,4,0
7,0,7,0
0,5,5,25
3,0,3,0
0,488,488,85
0,2,2,119
0,2,2,38
1,0,1,0
1,0,1,0
0,103,103,26
2,0,2,0
3,0,3,0
0,7,7,1
2,0,2,0
0,5,5,81
0,138,138,12
157,0,157,0
1,0,1,0
2,0,2,0
15,0,15,0
2,0,2,0
2,0,2,0
10,0,10,0
2,0,2,0
70,0,70,0
167,0,167,0
0,20,20,3
108,0,108,0
0,67,67,6
4,0,4,0
3,0,3,0
0,73,73,15
82,0,82,0
0,25,25,24
1,0,1,0
7,0,7,0
6,0,6,0
133,0,133,0
0,23,23,8
4,0,4,0
5,0,5,0
0,3,3,9
0,57,57,35
4,0,4,0
12,0,12,0
2,0,2,0
16,0,16,0
0,23,23,1
83,0,83,0
0,62,62,3
3,0,3,0
0,1,1,11
9,0,9,0
0,32,32,46
0,28,28,6
5,0,5,0
1,0,1,0
0,23,23,10
0,2,2,20
2,0,2,0
0,12,12,24
3,0,3,0
4,0,4,0
0,178,178,17
0,1,1,17
50,0,50,0
1,0,1,0
0,127,127,46
0,6,6,21
0,64,64,18
12,0,12,0
0,13,13,7
4,0,4,0
5,0,5,0
0,12,12,20
4,0,4,0
2,0,2,0
0,76,76,65
26,0,26,0
0,15,15,45
1,0,1,0
1,0,1,0
9,0,9,0
9,0,9,0
0,11,11,22
121,0,121,0
66,0,66,0
49,0,49,0
26,0,26,0
2,0,2,0
2,0,2,0
0,1,1,9
2,0,2,0
84,0,84,0
0,8,8,1
2,0,2,0
2,0,2,0
22,0,22,0
5,0,5,0
5,0,5,0
0,4,4,44
5,0,5,0
1,0,1,0
6,0,6,0
1,0,1,0
0,9,9,60
32,0,32,0
6,0,6,0
1,0,1,0
7,0,7,0
11,0,11,0
1,0,1,0
0,16,16,6
32,0,32,0
0,24,24,0
4,0,4,0
1,0,1,0
6,0,6,0
1,0,1,0
0,353,353,49
330,0,330,0
29,0,29,0
6,0,6,0
1,0,1,0
332,0,332,0
0,8,8,12
7,0,7,0
2,0,2,0
0,10,10,28
0,52,52,1
10,0,10,0
0,1,1,36
14,0,14,0
4,0,4,0
21,0,21,0
3,0,3,0
12,0,12,0
1,0,1,0
3,0,3,0
2,0,2,0
4,0,4,0
11,0,11,0
2,0,2,0
0,2,2,2
0,5,5,8
0,4,4,20
15,0,15,0
1,0,1,0
4,0,4,0
1,0,1,0
0,5,5,28
2,0,2,0
30,0,30,0
0,1,1,79
1,0,1,0
4,0,4,0
0,485,485,52
19,0,19,0
12,0,12,0
0,36,36,42
0,2,2,18
0,2,2,40
8,0,8,0
18,0,18,0
0,34,34,32
26,0,26,0
2,0,2,0
1,0,1,0
0,5,5,9
1,0,1,0
5,0,5,0
5,0,5,0
0,4,4,18
2,0,2,0
3,0,3,0
10,0,10,0
26,0,26,0
2,0,2,0
2,0,2,0
0,19,19,117
8,0,8,0
0,1,1,10
6,0,6,0
2,0,2,0
1,0,1,0
1,0,1,0
4,0,4,0
0,37,37,13
31,0,31,0
0,4,4,13
0,50,50,45
9,0,9,0
0,43,43,88
2,0,2,0
4,0,4,0
0,11,11,10
16,0,16,0
2,0,2,0
1,0,1,0
0,8,8,9
0,1,1,25
3,0,3,0
0,13,13,5
5,0,5,0
0,29,29,9
126,0,126,0
41,0,41,0
3,0,3,0
10,0,10,0
11,0,11,0
1,0,1,0
0,4,4,64
0,5,5,20
0,315,315,12
3,0,3,0
3,0,3,0
54,0,54,0
32,0,32,0
51,0,51,0
1,0,1,0
1,0,1,0
4,0,4,0
3,0,3,0
1,0,1,0
2,0,2,0
1,0,1,0
14,0,14,0
0,90,90,21
14,0,14,0
2,0,2,0
27,0,27,0
12,0,12,0
10,0,10,0
15,0,15,0
1,0,1,0
1,0,1,0
0,1,1,28
2,0,2,0
28,0,28,0
0,16,16,20
42,0,42,0
0,1800,1800,43
1677,0,1677,0
1,0,1,0
3,0,3,0
0,46,46,3
4,0,4,0
2,0,2,0
1,0,1,0
0,1,1,22
7,0,7,0
0,15,15,28
1,0,1,0
78,0,78,0
4,0,4,0
14,0,14,0
1,0,1,0
3,0,3,0
1,0,1,0
3,0,3,0
0,2,2,2
0,31,31,86
21,0,21,0
28,0,28,0
0,170,170,27
31,0,31,0
101,0,101,0
15,0,15,0
0,9,9,0
2,0,2,0
9,0,9,0
29,0,29,0
0,30,30,0
0,110,110,27
6,0,6,0
1,0,1,0
0,6,6,8
0,997,997,26
1,0,1,0
1,0,1,0
0,6,6,111
0,1,1,5
4,0,4,0
1,0,1,0
19,0,19,0
1,0,1,0
2,0,2,0
8,0,8,0
7,0,7,0
11,0,11,0
5,0,5,0
2,0,2,0
0,16,16,13
0,532,532,1
175,0,175,0
93,0,93,0
0,33,33,64
0,5,5,2
4,0,4,0
7,0,7,0
1,0,1,0
0,14,14,7
5,0,5,0
183,0,183,0
5,0,5,0
0,1,1,56
1,0,1,0
3,0,3,0
4,0,4,0
3,0,3,0
2,0,2,0
0,185,185,26
1,0,1,0
0,7,7,50
0,23,23,4
0,271,271,73
130,0,130,0
23,0,23,0
0,19,19,1
7,0,7,0
0,3,3,24
2,0,2,0
0,7,7,19
262,0,262,0
15,0,15,0
0,18,18,78
0,120,120,28
28,0,28,0
1,0,1,0
0,100,100,11
0,2,2,10
22,0,22,0
1,0,1,0
0,1,1,39
1,0,1,0
1,0,1,0
3,0,3,0
87,0,87,0
4,0,4,0
0,3,3,38
4,0,4,0
2,0,2,0
4,0,4,0
12,0,12,0
4,0,4,0
0,45,45,1
9,0,9,0
0,8,8,0
3,0,3,0
3,0,3,0
14,0,14,0
0,7,7,0
2,0,2,0
10,0,10,0
8,0,8,0
6,0,6,0
44,0,44,0
2,0,2,0
1,0,1,0
0,1,1,11
43,0,43,0
3,0,3,0
0,37,37,31
3,0,3,0
16,0,16,0
1,0,1,0
3,0,3,0
1,0,1,0
2,0,2,0
1,0,1,0
76,0,76,0
16,0,16,0
6,0,6,0
0,7,7,42
3,0,3,0
4,0,4,0
2,0,2,0
0,3,3,12
0,60,60,13
0,4,4,6
1,0,1,0
8,0,8,0
2,0,2,0
0,4,4,16
2,0,2,0
2,0,2,0
1,0,1,0
0,7,7,23
0,62,62,9
10,0,10,0
0,185,185,15
3,0,3,0
22,0,22,0
6,0,6,0
3,0,3,0
68,0,68,0
5,0,5,0
21,0,21,0
2,0,2,0
0,43,43,41
23,0,23,0
9,0,9,0
0,3,3,18
4,0,4,0
45,0,45,0
6,0,6,0
0,20,20,98
2,0,2,0
14,0,14,0
3,0,3,0
1,0,1,0
39,0,39,0
0,4,4,0
1,0,1,0
0,15,15,26
17,0,17,0
3,0,3,0
1,0,1,0
1,0,1,0
0,25,25,32
29,0,29,0
1,0,1,0
2,0,2,0
7,0,7,0
0,2,2,58
0,4,4,10
1,0,1,0
3,0,3,0
1,0,1,0
1,0,1,0
1,0,1,0
2,0,2,0
4,0,4,0
3,0,3,0
2,0,2,0
14,0,14,0
149,0,149,0
1,0,1,0
1,0,1,0
11,0,11,0
1,0,1,0
6,0,6,0
12,0,12,0
18,0,18,0
2,0,2,0
1,0,1,0
2,0,2,0
8,0,8,0
3,0,3,0
13,0,13,0
1,0,1,0
8,0,8,0
1,0,1,0
0,7,7,65
0,80,80,55
135,0,135,0
7,0,7,0
0,28,28,8
21,0,21,0
2,0,2,0
22,0,22,0
10,0,10,0
2,0,2,0
1,0,1,0
2,0,2,0
1,0,1,0
0,6,6,26
22,0,22,0
7,0,7,0
0,7,7,9
0,122,122,8
0,56,56,38
6,0,6,0
0,25,25,40
20,0,20,0
3,0,3,0
3,0,3,0
22,0,22,0
0,41,41,7
0,117,117,56
86,0,86,0
14,0,14,0
8,0,8,0
2,0,2,0
0,1,1,3
36,0,36,0
0,18,18,1
10,0,10,0
193,0,193,0
1,0,1,0
0,8,8,50
0,229,229,52
2,0,2,0
1,0,1,0
0,57,57,56
12,0,12,0
0,46,46,12
3,0,3,0
1,0,1,0
15,0,15,0
0,42,42,4
33,0,33,0
3,0,3,0
1,0,1,0
30,0,30,0
29,0,29,0
55,0,55,0
3,0,3,0
6,0,6,0
40,0,40,0
0,3,3,60
6,0,6,0
0,115,115,10
0,12,12,2
1,0,1,0
14,0,14,0
5,0,5,0
60,0,60,0
0,8,8,6
0,1,1,2
1,0,1,0
0,27,27,43
3,0,3,0
49,0,49,0
1,0,1,0
68,0,68,0
0,19,19,4
0,13,13,89
5,0,5,0
19,0,19,0
0,102,102,7
0,52,52,24
1,0,1,0
11,0,11,0
6,0,6,0
3,0,3,0
0,1,1,1
1,0,1,0
143,0,143,0
0,2,2,4
0,1,1,1
22,0,22,0
4,0,4,0
0,57,57,4
1,0,1,0
8,0,8,0
0,73,73,1
0,21,21,25
29,0,29,0
3,0,3,0
0,80,80,41
65,0,65,0
1,0,1,0
0,25,25,9
20,0,20,0
85,0,85,0
10,0,10,0
2,0,2,0
8,0,8,0
0,2,2,9
7,0,7,0
0,2,2,47
0,9,9,42
18,0,18,0
15,0,15,0
1,0,1,0
1,0,1,0
45,0,45,0
0,325,325,11
0,5,5,38
51,0,51,0
0,10,10,4
0,2,2,13
1,0,1,0
6,0,6,0
24,0,24,0
0,13,13,44
0,25,25,83
1,0,1,0
2,0,2,0
5,0,5,0
5,0,5,0
20,0,20,0
2,0,2,0
0,12,12,60
1,0,1,0
37,0,37,0
0,9,9,38
0,12,12,10
3,0,3,0
7,0,7,0
1,0,1,0
83,0,83,0
2,0,2,0
2,0,2,0
0,15,15,141
0,15,15,13
39,0,39,0
0,11,11,3
42,0,42,0
8,0,8,0
11,0,11,0
0,18,18,15
1,0,1,0
1,0,1,0
0,287,287,5
10,0,10,0
0,7,7,23
7,0,7,0
2,0,2,0
117,0,117,0
3,0,3,0
1,0,1,0
0,59,59,18
10,0,10,0
0,25,25,108
10,0,10,110
5,0,5,0
4,0,4,0
0,34,34,40
149,0,149,0
3,0,3,0
0,2,2,1
4,0,4,0
0,63,63,30
1,0,1,0
49,0,49,0
0,56,56,42
1,0,1,0
1,0,1,0
41,0,41,0
6,0,6,0
2,0,2,0
0,3,3,7
1,0,1,0
0,88,88,19
10,0,10,0
7,0,7,0
0,1,1,75
27,0,27,0
1,0,1,0
0,4,4,14
3,0,3,0
19,0,19,0
0,11,11,4
19,0,19,0
15,0,15,0
6,0,6,0
0,1,1,8
228,0,228,0
19,0,19,0
0,12,12,6
0,2,2,3
6,0,6,0
89,0,89,0
0,42,42,3
2,0,2,0
7,0,7,0
1,0,1,0
1,0,1,0
8,0,8,0
0,280,280,58
449,0,449,0
0,23,23,1
0,1,1,18
0,55,55,15
0,1,1,133
6,0,6,0
8,0,8,0
2,0,2,0
11,0,11,0
0,34,34,10
1,2,3,48
10,0,10,0
9,0,9,0
334,0,334,0
13,0,13,0
0,1,1,37
12,0,12,0
0,99,99,24
8,0,8,0
2,0,2,0
4,0,4,0
0,14,14,13
5,0,5,0
2,0,2,0
14,0,14,0
63,0,63,0
80,0,80,0
6,0,6,0
2,0,2,0
1,0,1,0
1,0,1,0
10,0,10,0
0,7,7,2
6,0,6,0
6,0,6,0
0,23,23,6
41,0,41,0
6,0,6,0
6,0,6,0
0,1,1,0
1,0,1,0
0,10,10,31
1,0,1,0
32,0,32,0
2,0,2,0
0,8,8,11
5,0,5,0
1,0,1,0
1,0,1,0
0,47,47,51
8,0,8,0
12,0,12,0
7,0,7,0
17,0,17,0
5,0,5,0
2,0,2,0
6,0,6,0
0,17,17,8
13,0,13,0
1,0,1,0
0,139,139,12
3,0,3,0
0,20,20,11
2,0,2,0
3,0,3,0
2,0,2,0
1,0,1,0
3,0,3,0
12,0,12,0
3,0,3,0
3,0,3,0
3,0,3,0
67,0,67,0
1,0,1,0
3,0,3,0
97,0,97,0
34,0,34,0
2,0,2,0
3,0,3,0
0,390,390,82
47,0,47,0
2,0,2,0
6,0,6,0
2,0,2,0
1,0,1,0
11,0,11,0
4,0,4,0
1,0,1,0
14,0,14,0
3,0,3,0
12,0,12,0
0,55,55,9
41,0,41,0
0,17,17,105
14,0,14,0
12,0,12,0
0,3,3,4
3,0,3,0
9,0,9,0
3,0,3,0
111,0,111,0
3,0,3,0
0,29,29,43
9,0,9,0
1,0,1,0
0,2,2,0
66,0,66,0
0,4,4,6
4,0,4,0
0,6,6,43
9,0,9,0
1,0,1,0
2,0,2,0
6,0,6,0
0,3,3,3
52,0,52,0
7,0,7,0
2,0,2,0
7,0,7,0
5,0,5,0
0,3,3,0
49,0,49,0
2,0,2,0
15,0,15,0
0,1,1,52
2,0,2,0
1,0,1,0
1,0,1,0
39,0,39,0
0,9,9,8
3,0,3,0
9,0,9,0
0,3,3,6
5,0,5,0
1,0,1,0
17,0,17,0
0,19,19,8
1,0,1,0
0,58,58,19
0,2,2,4
5,0,5,0
4,0,4,0
1,0,1,0
0,99,99,11
88,0,88,0
65,0,65,0
9,0,9,0
28,0,28,0
0,3,3,0
0,2,2,13
0,50,50,70
29,0,29,0
77,0,77,0
15,0,15,0
2,0,2,0
3,0,3,0
0,2,2,3
276,0,276,0
0,45,45,16
2,0,2,0
19,0,19,0
6,0,6,0
7,0,7,0
50,0,50,0
0,9,9,0
1,0,1,0
0,4,4,5
8,0,8,0
6,0,6,0
11,0,11,0
0,188,188,54
0,205,205,37
19,0,19,0
62,0,62,0
8,0,8,0
8,0,8,0
0,310,310,103
16,0,16,0
0,41,41,1
0,28,28,2
0,143,143,94
1,0,1,0
0,139,139,16
19,0,19,0
54,0,54,0
23,0,23,0
1,0,1,0
3,0,3,0
1,0,1,0
23,0,23,0
9,0,9,0
2,0,2,0
1,0,1,0
0,62,62,46
0,2,2,4
1,0,1,0
1,0,1,0
4,0,4,0
1,0,1,0
0,1,1,3
2,0,2,0
0,11,11,78
2,0,2,0
1,0,1,0
1,0,1,0
5,0,5,0
2,0,2,0
11,0,11,0
0,9,9,8
56,0,56,0
0,77,77,38
1,0,1,0
8,0,8,0
30,0,30,0
5,0,5,0
10,0,10,0
3,0,3,0
1,0,1,0
6,0,6,0
0,2,2,1
3,0,3,0
0,16,16,15
4,0,4,0
3,0,3,0
44,0,44,0
2,0,2,0
28,0,28,0
2,0,2,0
0,99,99,118
19,0,19,0
66,0,66,0
5,0,5,0
16,0,16,0
278,0,278,0
11,0,11,0
0,11,11,5
23,0,23,0
0,128,128,89
6,0,6,0
2,0,2,0
62,0,62,0
15,0,15,0
1,0,1,0
26,0,26,0
6,0,6,0
5,0,5,0
2,0,2,0
17,0,17,0
3,0,3,0
0,35,35,19
29,0,29,0
0,1,1,29
0,15,15,0
3,0,3,0
3,0,3,0
10,0,10,0
1,0,1,0
0,32,32,27
0,9,9,5
0,7,7,11
6,0,6,0
2,0,2,0
11,0,11,0
24,0,24,0
3,0,3,0
0,3,3,53
0,3,3,34
0,7,7,35
10,0,10,0
0,293,293,80
22,0,22,0
2,0,2,0
22,0,22,0
0,216,216,5
0,17,17,182
7,0,7,0
0,1,1,11
2,0,2,0
4,0,4,0
2,0,2,0
3,0,3,0
1,0,1,0
6,0,6,0
2,0,2,0
0,9,9,7
0,36,36,33
3,0,3,0
42,0,42,0
30,0,30,0
0,13,13,8
2,0,2,0
4,0,4,0
4,0,4,0
0,131,131,4
4,0,4,0
10,0,10,0
0,81,81,24
6,0,6,0
1,0,1,0
0,3,3,159
6,0,6,0
1,0,1,0
11,0,11,0
0,1,1,29
1,0,1,0
6,0,6,0
0,3,3,13
0,7,7,3
1,0,1,0
55,0,55,0
2,0,2,0
0,95,95,62
1,0,1,0
15,0,15,0
9,0,9,0
29,0,29,0
0,61,61,28
1,0,1,0
0,1,1,15
2,0,2,0
21,0,21,0
7,0,7,0
4,0,4,0
3,0,3,0
7,0,7,0
9,0,9,0
1,0,1,0
2,0,2,0
4,0,4,0
2,0,2,0
0,1,1,4
43,0,43,0
35,0,35,0
2,0,2,0
2,0,2,0
8,0,8,0
9,0,9,0
7,0,7,0
2,0,2,0
0,70,70,57
3,0,3,0
8,0,8,0
2,0,2,0
1,0,1,0
10,0,10,0
1,0,1,0
0,49,49,2
8,0,8,0
1,0,1,0
2,0,2,0
4,0,4,0
2,161,163,56
1,0,1,0
4,0,4,0
0,1,1,25
25,0,25,0
3,0,3,0
3,0,3,0
11,0,11,0
2,0,2,0
63,0,63,0
2,0,2,0
1,0,1,0
18,0,18,0
0,39,39,29
2,0,2,0
0,13,13,2
9,0,9,0
15,0,15,0
1,0,1,0
3,0,3,0
6,0,6,0
1,0,1,0
1,0,1,0
2,0,2,0
0,4,4,14
19,0,19,0
2,0,2,0
1,0,1,0
1,0,1,0
78,0,78,0
3,0,3,0
1,0,1,0
0,7,7,24
2,0,2,0
3,0,3,0
1,0,1,0
216,0,216,0
0,72,72,16
18,0,18,0
4,0,4,0
17,0,17,0
5,0,5,0
2,0,2,0
0,1,1,4
55,0,55,0
2,0,2,0
0,35,35,2
2,0,2,0
0,1,1,0
69,0,69,0
0,1,1,0
2,0,2,0
0,19,19,10
12,0,12,0
1,0,1,0
1,25,26,6
58,0,58,0
4,0,4,0
0,10,10,40
2,0,2,0
0,15,15,2
5,0,5,0
0,3,3,64
3,0,3,0
1,0,1,0
2,0,2,0
0,29,29,59
5,0,5,0
7,0,7,0
0,73,73,35
10,0,10,0
13,0,13,0
2,0,2,0
0,36,36,17
6,0,6,0
3,0,3,0
0,13,13,9
0,1,1,0
4,0,4,0
30,0,30,0
2,0,2,0
45,0,45,0
2,0,2,0
1,0,1,0
60,0,60,0
4,0,4,0
0,3,3,64
2,0,2,0
28,0,28,0
0,44,44,5
6,0,6,0
113,0,113,0
0,19,19,6
1,0,1,0
38,0,38,0
1,0,1,0
0,3,3,15
0,21,21,79
3,0,3,0
3,0,3,0
0,24,24,22
21,0,21,0
2,0,2,0
5,0,5,0
1,0,1,0
3,0,3,0
0,1,1,41
45,0,45,0
6,0,6,0
0,11,11,10
0,35,35,5
0,21,21,111
2,0,2,0
17,0,17,0
2,0,2,0
1,0,1,0
0,5,5,14
10,0,10,0
8,0,8,0
9,0,9,0
0,1,1,1
5,0,5,0
27,0,27,0
14,0,14,0
2,0,2,0
0,161,161,135
47,0,47,0
1,0,1,0
6,0,6,0
1,0,1,0
7,0,7,0
6,0,6,0
31,0,31,0
35,0,35,0
3,0,3,0
1,0,1,0
1,0,1,0
0,32,32,16
8,0,8,0
2,0,2,0
32,0,32,0
10,0,10,0
0,17,17,28
31,0,31,0
4,0,4,0
0,20,20,189
15,0,15,0
2,0,2,0
1,0,1,0
0,12,12,80
1,0,1,0
40,0,40,0
4,0,4,0
8,0,8,0
8,0,8,0
0,216,216,14
15,0,15,0
40,0,40,0
34,0,34,0
0,2,2,22
1,0,1,0
5,0,5,0
2,0,2,0
13,0,13,0
23,0,23,0
3,0,3,0
0,8,8,1
0,1,1,13
2,0,2,0
4,0,4,0
0,21,21,7
39,0,39,0
0,1,1,2
4,0,4,0
6,0,6,0
4,0,4,0
0,10,10,1
0,98,98,19
3,0,3,0
0,102,102,29
0,10,10,6
2,0,2,0
9,0,9,0
0,220,220,11
10,0,10,0
1,0,1,0
0,2,2,42
4,0,4,0
0,12,12,45
1,0,1,0
3,0,3,0
0,62,62,14
7,0,7,0
104,0,104,0
1,0,1,0
0,1,1,77
1,0,1,0
0,1,1,51
49,0,49,0
2,0,2,0
0,45,45,45
4,0,4,0
0,16,16,50
0,11,11,3
20,0,20,0
1,0,1,0
6,0,6,0
0,312,312,80
6,0,6,0
0,12,12,151
3,0,3,0
4,0,4,0
1,0,1,0
1,0,1,0
1,0,1,0
11,0,11,0
0,21,21,4
32,0,32,0
1,0,1,0
0,4,4,9
134,0,134,0
2,0,2,0
0,16,16,24
170,0,170,0
0,102,102,53
17,0,17,0
6,0,6,0
4,0,4,0
1,0,1,0
0,43,43,10
4,0,4,0
1,0,1,0
4,0,4,0
2,0,2,0
2,0,2,0
99,0,99,0
15,0,15,0
43,0,43,0
3,0,3,0
0,6,6,6
0,35,35,3
29,0,29,0
0,2,2,1
1,0,1,0
0,96,96,10
0,5,5,13
56,0,56,0
2,0,2,0
0,5,5,40
10,0,10,0
29,0,29,0
7,0,7,0
0,5,5,10
1,0,1,0
0,2,2,3
5,0,5,0
18,0,18,0
0,113,113,25
21,0,21,0
0,4,4,43
0,4,4,7
0,9,9,13
3,0,3,0
1,0,1,0
9,0,9,0
2,0,2,0
0,25,25,50
7,0,7,0
4,0,4,0
1,0,1,0
7,0,7,0
0,37,37,10
18,0,18,0
20,0,20,0
0,1,1,26
1,0,1,0
6,0,6,0
2,0,2,0
0,1,1,0
1,0,1,0
1,0,1,0
3,0,3,0
3,0,3,0
0,9,9,1
7,0,7,0
1,0,1,0
11,0,11,0
5,0,5,0
11,0,11,0
11,0,11,0
0,75,75,74
7,0,7,0
3,0,3,0
0,31,31,21
29,0,29,0
11,0,11,0
8,0,8,0
0,29,29,56
10,0,10,0
56,0,56,0
0,20,20,83
13,0,13,0
0,7,7,13
1,0,1,0
0,61,61,16
15,0,15,0
15,0,15,0
4,0,4,0
9,0,9,0
2,0,2,0
83,0,83,0
2,0,2,0
29,0,29,0
0,3,3,0
0,35,35,7
2,0,2,0
0,8,8,6
5,0,5,0
279,0,279,0
1,0,1,0
37,0,37,0
0,4,4,66
1,0,1,0
7,0,7,0
1,0,1,0
2,0,2,0
1,0,1,0
1,0,1,0
5,0,5,0
0,5,5,19
0,398,398,41
2,0,2,0
92,0,92,0
3,0,3,0
0,18,18,26
7,0,7,0
28,0,28,0
0,78,78,14
0,158,158,19
42,0,42,0
0,28,28,1
0,4,4,45
0,187,187,47
1,0,1,0
0,23,23,5
3,0,3,0
10,0,10,0
1,0,1,0
28,0,28,0
1,0,1,0
0,5,5,26
9,0,9,0
0,5,5,4
3,0,3,0
6,0,6,0
4,0,4,0
0,286,286,24
0,22,22,14
9,0,9,0
1,0,1,0
238,0,238,0
19,0,19,0
1,0,1,0
6,0,6,0
8,0,8,0
263,0,263,0
1,0,1,0
0,5,5,0
9,0,9,0
52,0,52,0
0,5,5,16
1,0,1,0
2,0,2,0
1,0,1,0
3,0,3,0
14,0,14,0
3,0,3,0
0,128,128,12
143,0,143,0
1,0,1,0
1,0,1,0
1,0,1,0
0,3,3,41
1,0,1,0
1,0,1,0
10,0,10,0
0,4,4,6
0,3,3,70
0,11,11,21
0,63,63,19
5,0,5,0
5,0,5,0
2,0,2,0
0,73,73,69
2,0,2,0
3,0,3,0
0,8,8,0
2,0,2,0
0,14,14,3
13,0,13,0
21,0,21,0
1,0,1,0
0,12,12,24
0,10,10,2
0,7,7,36
1,0,1,0
0,90,90,37
43,0,43,0
0,3,3,21
58,0,58,0
0,9,9,13
2,0,2,0
2,0,2,0
4,0,4,0
8,0,8,0
0,33,33,1
1,0,1,0
3,0,3,0
0,3,3,3
128,0,128,0
8,0,8,0
44,0,44,0
3,0,3,0
1,0,1,0
0,24,24,15
1,0,1,0
0,34,34,8
1,0,1,0
1,0,1,0
0,886,886,82
30,0,30,0
7,0,7,0
1,0,1,0
4,0,4,0
131,0,131,0
2,0,2,0
0,6,6,24
0,20,20,19
6,0,6,0
0,48,48,2
2,0,2,0
0,2,2,12
24,0,24,0
225,0,225,0
11,0,11,0
0,134,134,38
50,0,50,0
1,0,1,0
13,0,13,0
1,0,1,0
0,8,8,0
3,0,3,0
2,0,2,0
67,0,67,0
5,0,5,0
2,0,2,0
23,0,23,0
0,9,9,57
0,86,86,122
38,0,38,0
1,0,1,0
0,2,2,4
0,72,72,56
0,41,41,11
4,0,4,0
0,21,21,21
0,162,162,77
0,3,3,1
0,5,5,0
0,3,3,25
0,6,6,3
3,0,3,0
8,0,8,0
2,0,2,0
0,12,12,0
16,0,16,0
0,4,4,14
0,278,278,37
0,1,1,21
1,0,1,0
0,1,1,32
1,0,1,0
126,0,126,0
2,0,2,0
1,0,1,0
16,0,16,0
11,0,11,0
5,0,5,0
13,0,13,0
12,0,12,0
0,2,2,1
1,0,1,0
11,0,11,0
1,0,1,0
0,1159,1159,6
1210,0,1210,0
1,0,1,0
0,47,47,24
1,0,1,0
0,8,8,6
6,0,6,0
1,0,1,0
1,0,1,0
91,0,91,0
0,1,1,14
273,0,273,0
84,0,84,0
0,78,78,10
1,0,1,0
53,0,53,0
1,0,1,0
6,0,6,0
2,0,2,0
1,0,1,0
1,0,1,0
1,0,1,0
0,35,35,49
24,0,24,0
0,10,10,31
1,0,1,0
1,0,1,0
12,0,12,0
2,0,2,0
5,0,5,0
2,0,2,0
3,0,3,0
20,0,20,0
1,0,1,0
45,0,45,0
4,0,4,0
2,0,2,0
5,0,5,0
0,33,33,45
5,0,5,0
1,0,1,0
1,0,1,0
0,2,2,7
0,528,528,51
32,0,32,0
275,0,275,0
0,62,62,73
3,0,3,0
29,0,29,0
5,0,5,0
29,0,29,0
12,0,12,0
1,0,1,0
0,40,40,13
2,0,2,0
7,0,7,0
144,0,144,0
0,39,39,38
17,0,17,0
2,0,2,0
0,29,29,7
1,0,1,0
5,0,5,0
1,0,1,0
21,0,21,0
2,0,2,0
0,40,40,15
14,0,14,0
2,0,2,0
0,930,930,15
6,0,6,0
5,0,5,0
2,0,2,0
0,321,321,31
1,0,1,0
0,86,86,418
96,0,96,0
45,0,45,0
2,0,2,0
2,0,2,0
16,0,16,0
115,0,115,0
2,0,2,0
286,0,286,0
48,0,48,0
5,0,5,0
0,13,13,12
2,0,2,0
2,0,2,0
0,6,6,17
5,0,5,0
1,0,1,0
0,20,20,9
0,3,3,20
0,4,4,32
7,0,7,0
1,0,1,0
3,0,3,0
8,0,8,0
10,0,10,0
1,0,1,0
1,0,1,0
3,0,3,0
0,41,41,22
15,0,15,0
2,0,2,0
2,0,2,0
0,2,2,41
0,6,6,5
6,0,6,0
6,0,6,0
2,0,2,0
3,0,3,0
3,0,3,0
5,120,125,44
0,32,32,49
22,0,22,0
2,0,2,0
12,0,12,0
39,0,39,0
9,0,9,0
0,1454,1454,20
1,0,1,0
1246,0,1246,0
3,0,3,0
0,13,13,10
2,0,2,0
3,0,3,0
6,0,6,0
9,0,9,0
40,0,40,0
286,0,286,0
18,0,18,0
7,0,7,0
2,0,2,0
1,0,1,0
1,0,1,0
0,12,12,29
3,0,3,0
0,22,22,2
34,0,34,0
5,0,5,0
7,0,7,0
0,25,25,5
4,0,4,0
16,0,16,0
1,0,1,0
0,4,4,9
1,0,1,0
1,0,1,0
18,0,18,0
7,0,7,0
0,14,14,12
11,0,11,0
0,173,173,8
2,0,2,0
0,46,46,7
1,0,1,0
0,1,1,0
2,0,2,0
3,0,3,0
1,0,1,0
0,47,47,49
4,0,4,0
0,68,68,107
2,0,2,0
0,8,8,29
116,0,116,0
13,0,13,0
1,0,1,0
0,4,4,7
16,0,16,0
32,0,32,0
0,123,123,20
56,0,56,0
4,0,4,0
0,1,1,52
0,7,7,1
1,0,1,0
2,0,2,0
1,0,1,0
2,0,2,0
36,0,36,0
9,0,9,0
1,0,1,0
1,0,1,0
24,0,24,0
1,0,1,0
3,0,3,0
4,0,4,0
1,0,1,0
15,0,15,0
1,0,1,0
1,0,1,0
16,0,16,0
40,0,40,0
7,0,7,0
21,0,21,0
0,10,10,28
22,0,22,0
0,20,20,22
1,0,1,0
1,0,1,0
3,0,3,0
132,0,132,0
0,13,13,54
133,0,133,0
5,0,5,0
8,0,8,0
31,0,31,0
0,2,2,3
0,1,1,17
9,0,9,0
0,22,22,14
6,0,6,0
3,0,3,0
3,0,3,0
12,0,12,0
8,0,8,0
2,0,2,0
3,0,3,0
62,0,62,0
4,0,4,0
9,0,9,0
0,3,3,3
1,0,1,0
4,0,4,0
0,2,2,0
0,203,203,18
1,0,1,0
2,0,2,0
0,56,56,11
4,0,4,0
1,0,1,0
0,4,4,0
1,0,1,0
14,0,14,0
1,0,1,0
23,0,23,0
6,0,6,0
1,0,1,0
15,0,15,0
0,4,4,22
2,0,2,0
8,0,8,0
3,0,3,0
7,0,7,0
16,0,16,0
1,0,1,0
2,0,2,0
6,0,6,0
2,0,2,0
0,24,24,10
0,29,29,0
6,0,6,0
1,0,1,0
4,0,4,0
0,5,5,30
15,0,15,0
4,0,4,0
11,0,11,0
0,2,2,3
6,0,6,0
3,0,3,0
3,0,3,0
0,10,10,7
1,0,1,0
5,0,5,0
5,0,5,0
16,0,16,0
0,1,1,26
0,1,1,0
2,0,2,0
1,0,1,0
5,0,5,0
3,0,3,0
0,23,23,27
9,0,9,0
0,69,69,44
11,0,11,0
0,18,18,3
7,0,7,0
1,0,1,0
2,0,2,0
0,4,4,2
0,215,215,55
3,0,3,0
23,0,23,0
60,0,60,0
0,1,1,1
7,0,7,0
0,33,33,9
0,73,73,1
0,2,2,3
13,0,13,0
6,0,6,0
7,0,7,0
2,0,2,0
4,0,4,0
0,57,57,8
0,14,14,5
2,0,2,0
8,0,8,0
3,0,3,0
1,0,1,0
2,0,2,0
72,0,72,0
0,41,41,48
30,0,30,0
7,0,7,0
1,0,1,0
122,0,122,0
1,0,1,0
1,0,1,0
0,69,69,32
5,0,5,0
0,79,79,16
5,0,5,0
1,0,1,0
2,0,2,0
6,0,6,0
5,0,5,0
2,0,2,0
1,0,1,0
0,1,1,54
1,0,1,0
3,0,3,0
4,0,4,0
9,0,9,0
4,0,4,0
37,0,37,0
0,15,15,192
43,0,43,0
0,59,59,34
4,0,4,0
5,0,5,0
8,0,8,0
1,0,1,0
1,0,1,0
2,0,2,0
8,0,8,0
0,4,4,41
29,0,29,0
44,0,44,0
2,0,2,0
0,14,14,2
1,0,1,0
4,0,4,0
4,0,4,0
4,0,4,0
2,0,2,0
7,0,7,0
84,0,84,0
0,115,115,27
1,0,1,0
1,0,1,0
3,0,3,0
0,20,20,17
1,0,1,0
2,0,2,0
72,0,72,0
0,5,5,11
11,0,11,0
53,0,53,0
0,127,127,22
3,0,3,0
6,0,6,0
5,0,5,0
3,0,3,0
1,0,1,0
0,4,4,0
1,0,1,0
35,0,35,0
13,0,13,0
1,0,1,0
0,6,6,16
1,0,1,0
0,12,12,58
1,0,1,0
0,3,3,10
21,0,21,0
4,0,4,0
0,109,109,43
7,0,7,0
17,0,17,0
0,11,11,5
2,0,2,0
15,0,15,0
1,0,1,0
0,133,133,29
8,0,8,0
0,1,1,12
4,0,4,0
2,0,2,0
4,0,4,0
0,674,674,4
653,0,653,0
6,0,6,0
0,11,11,33
0,6,6,13
8,0,8,0
27,0,27,0
0,2,2,19
6,0,6,0
21,0,21,0
33,0,33,0
0,24,24,22
1,0,1,0
0,1,1,25
3,0,3,0
11,0,11,0
1,0,1,0
11,0,11,0
2,0,2,0
2,0,2,0
1,0,1,0
0,78,78,5
5,0,5,0
0,13,13,16
87,0,87,0
1,0,1,0
0,2,2,11
6,0,6,0
9,0,9,0
0,5,5,7
1,0,1,0
1,0,1,0
24,0,24,0
15,0,15,0
28,0,28,0
0,57,57,16
0,2,2,3
40,0,40,0
10,0,10,0
31,0,31,0
2,0,2,0
1,0,1,0
7,0,7,0
27,0,27,0
8,0,8,0
6,0,6,0
2,0,2,0
23,0,23,0
5,0,5,0
8,0,8,0
3,0,3,0
3,0,3,0
6,0,6,0
9,0,9,0
166,0,166,0
3,0,3,0
17,0,17,0
0,24,24,1
46,0,46,0
16,0,16,0
0,17,17,41
10,0,10,0
4,0,4,0
0,6,6,4
0,3,3,0
28,0,28,0
7,0,7,0
0,50,50,40
0,3,3,6
16,0,16,0
1,0,1,0
0,154,154,3
5,0,5,0
30,0,30,0
10,0,10,0
10,0,10,0
6,0,6,0
1,0,1,0
3,0,3,0
8,0,8,0
13,0,13,0
8,0,8,0
0,4,4,54
7,0,7,0
3,0,3,0
2,0,2,0
0,2,2,2
5,0,5,0
1,0,1,0
0,3,3,25
1,0,1,0
1,0,1,0
15,0,15,0
0,28,28,29
31,0,31,0
1,0,1,0
1,0,1,0
0,1,1,1
1,0,1,0
1,0,1,0
5,0,5,0
0,43,43,31
0,3,3,27
12,0,12,0
65,0,65,0
0,57,57,31
2,0,2,0
0,20,20,0
1,0,1,0
0,8,8,1
0,107,107,18
1,0,1,0
3,0,3,0
0,385,385,12
41,0,41,0
5,0,5,0
2,0,2,0
9,0,9,0
15,0,15,0
9,0,9,0
9,0,9,0
4,0,4,0
0,194,194,14
1,0,1,0
0,1,1,29
0,27,27,71
5,0,5,0
12,0,12,0
1,0,1,0
0,42,42,37
0,39,39,54
4,0,4,0
18,0,18,0
70,0,70,0
42,0,42,0
21,0,21,0
2,0,2,0
9,0,9,0
2,0,2,0
1,0,1,0
1,0,1,0
3,0,3,0
13,0,13,0
5,0,5,0
0,11,11,22
5,0,5,0
1,0,1,0
7,0,7,0
32,0,32,0
2,0,2,0
6,0,6,0
0,3,3,60
11,0,11,0
0,561,561,21
440,0,440,0
3,0,3,0
0,3,3,19
6,0,6,0
1,0,1,0
14,0,14,0
39,0,39,0
11,0,11,0
1,0,1,0
23,0,23,0
0,3,3,22
1,0,1,0
0,3,3,6
5,0,5,0
3,0,3,0
3,0,3,0
1,0,1,0
107,0,107,0
2,0,2,0
3,0,3,0
8,0,8,0
5,0,5,0
32,0,32,0
9,0,9,0
1,0,1,0
1,0,1,0
27,0,27,0
1,0,1,0
33,0,33,0
2,0,2,0
0,95,95,2
63,0,63,0
0,9,9,1
29,0,29,0
24,0,24,0
10,0,10,0
4,0,4,0
0,87,87,50
34,0,34,0
0,41,41,3
4,0,4,0
0,27,27,4
22,0,22,0
19,0,19,0
4,0,4,0
1,0,1,0
0,8,8,44
0,13,13,61
2,0,2,0
185,0,185,0
46,0,46,0
1,0,1,0
0,4,4,16
2,0,2,0
0,14,14,14
4,0,4,0
7,0,7,0
16,0,16,0
0,5,5,20
5,0,5,0
14,0,14,0
204,0,204,0
4,0,4,0
2,0,2,0
0,3,3,12
2,0,2,0
0,53,53,38
3,0,3,0
2,0,2,0
15,0,15,0
1,0,1,0
13,0,13,0
2,0,2,0
1,0,1,0
1,0,1,0
1,0,1,0
0,69,69,21
37,0,37,0
2,0,2,0
12,0,12,0
1,0,1,0
4,0,4,0
3,0,3,0
19,0,19,0
84,0,84,0
33,0,33,0
3,0,3,0
10,0,10,0
0,7,7,46
0,23,23,11
0,3,3,7
18,0,18,0
1,0,1,0
10,0,10,0
37,0,37,0
5,0,5,0
16,0,16,0
3,0,3,0
75,0,75,0
0,8,8,76
16,0,16,0
5,0,5,0
1,0,1,0
4,0,4,0
62,0,62,0
3,0,3,0
12,0,12,0
2,0,2,0
11,0,11,0
1,0,1,0
0,11,11,47
4,0,4,0
1,0,1,0
0,3,3,20
1,0,1,0
2,0,2,0
0,419,419,87
7,0,7,0
3,0,3,0
0,29,29,1
7,0,7,0
16,0,16,0
0,1424,1424,92
1,0,1,0
7,0,7,0
0,6,6,6
7,0,7,0
11,0,11,0
2,0,2,0
8,0,8,0
6,0,6,0
5,0,5,0
5,0,5,0
14,0,14,0
7,0,7,0
0,2,2,3
18,0,18,0
0,61,61,7
3,0,3,0
5,0,5,0
2,0,2,0
0,19,19,39
1,0,1,0
0,10,10,17
1,0,1,0
5,0,5,0
7,0,7,0
0,42,42,0
1,0,1,0
22,0,22,0
3,0,3,0
2,0,2,0
0,4,4,1
0,5,5,51
1,0,1,0
5,0,5,0
0,150,150,30
0,1,1,19
0,33,33,10
3,0,3,0
1,0,1,0
0,43,43,6
1,0,1,0
3,0,3,0
0,5,5,10
0,15,15,3
8,0,8,0
0,105,105,127
6,0,6,0
28,0,28,0
6,0,6,0
7,0,7,0
10,0,10,0
1,0,1,0
0,32,32,112
0,15,15,11
0,14,14,18
8,0,8,0
1,0,1,0
3,0,3,0
0,17,17,109
11,0,11,0
0,1,1,48
7,0,7,0
3,0,3,0
4,0,4,0
2,0,2,0
3,0,3,0
0,71,71,47
1,0,1,0
0,63,63,52
4,0,4,0
33,0,33,0
3,0,3,0
12,0,12,0
3,0,3,0
63,0,63,0
0,17,17,71
2,0,2,0
0,23,23,51
0,8,8,9
16,0,16,0
2,0,2,0
0,4,4,8
0,157,157,13
6,0,6,0
3,0,3,0
0,3,3,15
0,13,13,3
0,28,28,10
9,0,9,0
21,0,21,0
0,18,18,5
0,9,9,1
0,51,51,0
25,0,25,0
1,0,1,0
4,0,4,0
5,0,5,0
1,0,1,0
3,0,3,0
4,0,4,0
1,0,1,0
43,0,43,0
0,44,44,65
1,0,1,0
16,0,16,0
1,0,1,0
99,0,99,0
0,14,14,7
11,0,11,0
6,0,6,0
2,0,2,0
86,0,86,0
1,0,1,0
20,0,20,0
0,7,7,1
0,293,293,21
43,0,43,0
1,0,1,0
83,0,83,0
5,0,5,0
0,3,3,29
2,0,2,0
3,0,3,0
4,0,4,0
10,0,10,0
4,0,4,0
0,8,8,76
44,0,44,0
1,0,1,0
1,0,1,0
22,0,22,0
0,6,6,5
2,0,2,0
1,0,1,0
3,0,3,0
4,0,4,0
6,0,6,0
2,0,2,0
0,11,11,34
0,117,117,33
25,18,43,42
2,0,2,0
4,0,4,0
0,64,64,52
7,0,7,0
4,0,4,0
0,2,2,45
1,0,1,0
8,0,8,0
6,0,6,0
1,0,1,0
3,0,3,0
0,2,2,4
10,0,10,0
0,7,7,4
14,0,14,0
0,3,3,0
1,0,1,0
0,13,13,2
2,0,2,0
5,0,5,0
0,5,5,0
1,0,1,0
0,4,4,27
1,0,1,0
0,20,20,87
1,0,1,0
40,0,40,0
1,0,1,0
4,0,4,0
1,0,1,0
9,0,9,0
0,3,3,0
8,0,8,0
0,5,5,10
4,0,4,0
0,6,6,1
0,20,20,2
3,0,3,0
0,32,32,15
2,0,2,0
0,47,47,22
6,0,6,0
9,0,9,0
0,11,11,59
29,0,29,0
0,178,178,157
0,97,97,75
0,8,8,0
0,2,2,1
1,0,1,0
3,0,3,0
1,0,1,0
0,32,32,10
10,0,10,0
10,0,10,0
0,276,276,55
3,0,3,0
0,12,12,34
1,0,1,0
2,0,2,0
157,0,157,0
0,55,55,51
0,50,50,11
50,0,50,0
4,0,4,0
8,0,8,0
5,0,5,0
9,0,9,0
0,1,1,11
1,0,1,0
0,70,70,13
1,0,1,0
2,0,2,0
2,0,2,0
2,0,2,0
2,0,2,0
2,0,2,0
5,0,5,0
1,0,1,0
1,0,1,0
3,0,3,0
4,0,4,0
5,0,5,0
2,0,2,0
0,8,8,28
4,0,4,0
2,0,2,0
0,1,1,15
1,0,1,0
0,1,1,0
41,0,41,0
1,0,1,0
0,8,8,0
2,0,2,0
4,0,4,0
28,0,28,0
42,0,42,0
0,17,17,61
9,0,9,0
220,0,220,0
3,0,3,0
1,0,1,0
7,0,7,0
0,49,49,6
45,0,45,0
0,35,35,10
33,0,33,0
0,3,3,12
77,0,77,0
8,0,8,0
0,1,1,1
8,0,8,0
4,0,4,0
73,0,73,0
0,1,1,29
7,0,7,0
14,0,14,0
5,0,5,0
31,0,31,0
8,0,8,0
6,0,6,0
0,48,48,29
0,44,44,27
4,0,4,0
95,0,95,0
17,0,17,0
1,0,1,0
19,0,19,0
39,0,39,0
2,0,2,0
0,3,3,32
6,0,6,0
3,0,3,0
23,0,23,0
49,0,49,0
0,8,8,50
2,0,2,0
0,75,75,53
75,0,75,0
0,4,4,9
2,0,2,0
1,0,1,0
3,0,3,0
0,1,1,12
4,0,4,0
0,9,9,36
5,0,5,0
2,0,2,0
5,0,5,0
2,0,2,0
2,0,2,0
1,0,1,0
0,5,5,17
0,7,7,12
4,0,4,0
35,0,35,0
7,0,7,0
0,7,7,4
4,0,4,0
1,0,1,0
45,0,45,0
0,2,2,12
0,1,1,34
7,0,7,0
1,0,1,0
2,0,2,0
3,0,3,0
9,0,9,0
22,0,22,0
0,9,9,13
58,0,58,0
4,0,4,0
2,0,2,0
3,0,3,0
1,0,1,0
1,0,1,0
0,4,4,10
11,0,11,0
5,0,5,0
21,0,21,0
35,0,35,0
28,0,28,0
0,2,2,5
0,1,1,6
7,0,7,0
2,0,2,0
0,16,16,1
3,0,3,0
12,0,12,0
28,0,28,0
0,12,12,7
7,0,7,0
0,14,14,14
3,0,3,0
0,1025,1025,211
12,0,12,0
11,0,11,0
55,0,55,0
1,0,1,0
0,92,92,16
3,0,3,0
0,14,14,1
0,17,17,46
0,4,4,1
0,9,9,20
0,2,2,5
18,0,18,0
1,0,1,0
48,0,48,0
2,0,2,0
142,0,142,0
15,0,15,0
3,0,3,0
3,0,3,0
10,0,10,0
4,0,4,0
1,0,1,0
2,0,2,0
8,0,8,0
1,0,1,0
0,208,208,15
206,0,206,0
14,0,14,0
1,0,1,0
13,0,13,0
4,0,4,0
3,0,3,0
0,12,12,39
13,0,13,0
0,29,29,27
2,0,2,0
14,0,14,0
7,0,7,0
0,9,9,1
0,15,15,9
2,0,2,0
3,0,3,0
0,78,78,43
9,0,9,0
2,0,2,0
2,0,2,0
10,0,10,0
0,1,1,16
3,0,3,0
0,1,1,1
37,0,37,0
11,0,11,0
1,0,1,0
0,580,580,18
0,1,1,96
2,0,2,0
12,0,12,0
3,0,3,0
1,0,1,0
8,0,8,0
3,0,3,0
3,0,3,0
0,92,92,0
0,1,1,3
0,1,1,1
0,3,3,10
6,0,6,0
0,13,13,41
0,265,265,58
0,1,1,28
3,0,3,0
0,29,29,10
148,0,148,0
4,0,4,0
9,0,9,0
4,0,4,0
2,0,2,0
1,0,1,0
5,0,5,0
0,1,1,11
6,0,6,0
3,0,3,0
1,0,1,0
2,0,2,0
9,0,9,0
0,1,1,6
0,12,12,10
0,141,141,17
0,13,13,16
1,0,1,0
15,0,15,0
1,0,1,0
6,0,6,0
4,0,4,0
0,1,1,67
24,0,24,0
1,0,1,0
1,0,1,0
8,0,8,0
0,5,5,10
2,0,2,0
1,0,1,0
5,0,5,0
0,2,2,18
6,0,6,0
4,0,4,0
3,0,3,0
0,2,2,7
1,0,1,0
11,0,11,0
3,0,3,0
5,0,5,0
22,0,22,0
0,3,3,14
216,0,216,0
6,0,6,0
0,105,105,28
133,0,133,0
4,0,4,0
8,0,8,0
0,10,10,1
6,0,6,0
58,0,58,0
2,0,2,0
5,0,5,0
32,0,32,0
2,0,2,0
0,6,6,22
19,0,19,0
1,0,1,0
2,0,2,0
4,0,4,0
11,0,11,0
0,4,4,39
14,0,14,0
32,0,32,0
1,0,1,0
4,0,4,0
9,0,9,0
0,6,6,11
10,0,10,0
3,0,3,0
6,0,6,0
0,9,9,12
2,0,2,0
9,0,9,0
5,0,5,0
154,0,154,0
1,0,1,0
51,0,51,0
20,0,20,0
2,0,2,0
7,0,7,0
2,0,2,0
4,0,4,0
5,0,5,0
2,0,2,59
63,0,63,0
1,0,1,0
38,0,38,0
0,11,11,1
1,0,1,0
25,0,25,0
0,158,158,109
0,36,36,4
1,0,1,0
0,33,33,74
2,0,2,0
7,0,7,0
12,0,12,0
1,0,1,0
1,0,1,0
0,2,2,10
2,0,2,0
0,3,3,0
2,0,2,0
7,0,7,0
5,0,5,0
6,0,6,0
18,0,18,0
0,61,61,94
0,71,71,127
2,0,2,0
3,0,3,0
3,0,3,0
7,0,7,0
3,0,3,0
0,2,2,13
1,0,1,0
26,0,26,0
0,103,103,1
45,0,45,0
0,56,56,32
8,0,8,0
0,5,5,57
195,0,195,0
0,1,1,30
8,0,8,0
25,0,25,0
1,0,1,0
75,0,75,0
3,0,3,0
4,0,4,0
0,1718,1718,10
16,0,16,0
0,5,5,4
2,0,2,0
14,0,14,0
1,0,1,0
4,0,4,0
0,8,8,5
1,0,1,0
2,0,2,0
0,1,1,4
10,0,10,0
1,0,1,0
0,13,13,49
0,328,328,55
5,0,5,0
86,0,86,0
2,0,2,0
11,0,11,0
79,0,79,0
1,0,1,0
2,0,2,0
1,0,1,0
8,0,8,0
1,0,1,0
7,0,7,0
0,12,12,39
15,0,15,0
0,257,257,48
25,0,25,0
0,1,1,5
6,0,6,0
0,183,183,40
0,6,6,1
62,0,62,0
4,0,4,0
0,2,2,9
0,11,11,8
2,0,2,0
61,0,61,0
5,0,5,0
0,14,14,19
1,0,1,0
2,0,2,0
2,0,2,0
5,0,5,0
1,0,1,0
1,0,1,0
2,0,2,0
64,0,64,0
2,0,2,0
0,15,15,34
0,20,20,3
7,0,7,0
2,0,2,0
96,0,96,0
3,0,3,0
9,0,9,0
1,0,1,0
43,0,43,0
11,0,11,0
0,25,25,60
15,0,15,0
43,0,43,0
3,0,3,0
13,0,13,0
0,1,1,20
0,2,2,12
3,0,3,0
9,0,9,0
14,0,14,0
4,0,4,0
64,0,64,0
9,0,9,0
2,0,2,0
184,0,184,0
4,0,4,0
0,2,2,0
0,99,99,22
78,0,78,0
1097,0,1097,0
5,0,5,0
0,7,7,2
8,0,8,0
70,0,70,0
111,0,111,0
7,0,7,0
3,0,3,0
11,0,11,0
6,0,6,0
1,0,1,0
3,0,3,0
4,0,4,0
1,0,1,0
4,0,4,0
1,0,1,0
0,26,26,41
2,0,2,0
2,0,2,0
0,10,10,45
0,1,1,8
3,0,3,0
13,0,13,0
1,0,1,0
0,1,1,1
30,0,30,0
7,0,7,0
9,0,9,0
0,83,83,0
18,0,18,0
1,0,1,0
2,0,2,0
0,3,3,8
3,0,3,0
1,0,1,0
16,0,16,0
2,0,2,0
0,7,7,12
24,0,24,0
0,45,45,25
6,0,6,0
13,0,13,0
0,5,5,88
1,0,1,0
61,0,61,0
24,0,24,0
75,0,75,0
7,0,7,0
0,12,12,16
3,0,3,0
0,56,56,75
71,0,71,0
1,0,1,0
0,17,17,36
0,12,12,1
0,2,2,2
11,0,11,0
4,0,4,0
1,0,1,0
1,0,1,0
0,38,38,6
0,7,7,57
1,0,1,0
0,15,15,23
323,0,323,0
0,6,6,6
0,19,19,13
0,34,34,26
36,0,36,0
8,0,8,0
5,0,5,0
16,0,16,0
1,0,1,0
7,0,7,0
0,4,4,1
1,0,1,0
8,0,8,0
1,0,1,0
4,0,4,0
1,0,1,0
1,0,1,0
6,0,6,0
6,0,6,0
1,0,1,0
9,0,9,0
0,36,36,0
4,0,4,0
0,12,12,26
3,0,3,0
2,0,2,0
0,12,12,135
2,0,2,0
0,16,16,1
2,0,2,0
2,0,2,0
11,0,11,0
0,5,5,0
5,0,5,0
0,1,1,17
1,0,1,0
13,0,13,0
26,0,26,0
0,14,14,6
5,0,5,0
2,0,2,0
0,2,2,8
1,0,1,0
3,0,3,0
1,0,1,0
3,0,3,0
2,0,2,0
4,0,4,0
0,2,2,7
0,149,149,16
154,0,154,0
48,0,48,0
4,0,4,0
3,0,3,0
0,1,1,11
5,0,5,0
4,0,4,0
13,0,13,0
7,0,7,0
3,0,3,0
0,34,34,8
3,0,3,0
0,3,3,2
2,0,2,0
0,15,15,20
1,0,1,0
11,0,11,0
31,0,31,0
0,8,8,0
4,0,4,0
0,6,6,37
7,0,7,0
0,5,5,1
3,0,3,0
0,1,1,6
33,0,33,0
39,0,39,0
0,2,2,2
19,0,19,0
0,71,71,7
4,0,4,0
8,0,8,0
1,0,1,0
1,0,1,0
1,0,1,0
1,0,1,0
39,0,39,0
0,214,214,39
0,53,53,0
0,14,14,15
2,0,2,0
44,0,44,0
0,6,6,7
0,5,5,6
19,0,19,0
0,361,361,14
7,0,7,0
12,0,12,0
2,0,2,0
1,0,1,0
5,0,5,0
0,4,4,19
21,0,21,0
3,0,3,0
0,29,29,13
0,7,7,3
0,39,39,65
27,0,27,0
13,0,13,0
1,73,74,17
12,0,12,0
11,0,11,0
1,0,1,0
1,0,1,0
7,24,31,0
20,0,20,0
0,2,2,11
4,0,4,0
9,0,9,0
0,21,21,2
0,3,3,31
4,0,4,0
6,0,6,0
6,0,6,0
1,0,1,0
4,0,4,0
0,6,6,10
3,0,3,0
3,0,3,0
29,0,29,0
2,0,2,0
1,0,1,0
0,5,5,7
3,0,3,0
4,0,4,0
0,3,3,64
0,22,22,59
56,0,56,0
0,10,10,55
3,0,3,0
0,4,4,0
2,0,2,0
1,0,1,0
6,0,6,0
3,0,3,0
37,0,37,0
0,195,195,22
194,0,194,0
0,77,77,3
3,0,3,0
4,0,4,0
35,0,35,0
3,0,3,0
1,0,1,0
1,0,1,0
0,40,40,9
3,0,3,0
35,0,35,0
2,0,2,0
9,0,9,0
1,0,1,0
3,0,3,0
0,270,270,15
4,0,4,0
1,0,1,0
11,0,11,0
47,0,47,0
0,44,44,65
3,0,3,0
3,0,3,0
1,0,1,0
9,0,9,0
4,0,4,0
0,22,22,18
2,0,2,0
0,85,85,13
0,2,2,4
3,0,3,0
5,0,5,0
0,11,11,9
5,0,5,0
0,2,2,1
7,0,7,0
0,8,8,39
1191,0,1191,0
61,0,61,0
2,0,2,0
0,1,1,3
2,0,2,0
0,85,85,4
8,0,8,0
9,0,9,0
3,0,3,0
3,0,3,0
1,0,1,0
13,0,13,0
35,0,35,0
10,0,10,0
7,0,7,0
1,0,1,0
0,5,5,5
0,7,7,57
5,0,5,0
0,2,2,5
0,347,347,3
232,0,232,0
25,0,25,0
1,0,1,0
12,0,12,0
4,0,4,0
7,0,7,0
2,0,2,0
7,0,7,0
1,0,1,0
0,3,3,5
15,0,15,0
36,0,36,0
10,0,10,0
35,0,35,0
0,25,25,32
0,39,39,18
8,0,8,0
1,0,1,0
3,0,3,0
25,0,25,0
3,0,3,0
1,0,1,0
8,0,8,0
0,1,1,5
2,0,2,0
0,30,30,40
0,17,17,10
1,0,1,0
2,0,2,0
0,4,4,24
18,0,18,0
42,0,42,0
373,0,373,0
10,0,10,0
5,0,5,0
79,0,79,0
0,1,1,27
3,0,3,0
2,0,2,0
0,64,64,24
4,0,4,0
2,0,2,0
5,0,5,0
69,0,69,0
0,50,50,17
37,0,37,0
0,7,7,10
1,0,1,0
37,0,37,0
0,15,15,11
2,0,2,0
20,0,20,0
3,0,3,0
0,51,51,22
3,0,3,0
16,0,16,0
2,0,2,0
0,58,58,47
191,0,191,0
28,0,28,0
0,28,28,36
10,0,10,0
5,0,5,0
0,15,15,41
80,0,80,0
2,0,2,0
13,0,13,0
5,0,5,0
1,0,1,0
0,136,136,141
26,0,26,0
1,0,1,0
1,0,1,0
2,0,2,0
1,0,1,0
2,0,2,0
3,0,3,0
1,0,1,0
0,2,2,11
1,0,1,0
29,0,29,0
2,0,2,0
1,0,1,0
0,16,16,22
1,0,1,0
10,0,10,0
0,39,39,5
0,85,85,73
1,0,1,0
0,5,5,1
1,0,1,0
1,0,1,0
20,0,20,0
0,13,13,48
1,0,1,0
0,4,4,7
0,3,3,37
1,0,1,0
0,15,15,5
6,0,6,0
20,0,20,0
5,0,5,0
38,0,38,0
17,0,17,0
2,0,2,0
30,0,30,0
10,0,10,0
177,0,177,0
25,0,25,0
1,0,1,0
21,0,21,0
7,0,7,0
0,8,8,17
1,0,1,0
9,0,9,0
2,0,2,0
12,0,12,0
0,164,164,21
29,0,29,0
1,0,1,0
1,0,1,0
0,1,1,4
7,0,7,0
1,0,1,0
0,17,17,13
2,0,2,0
21,0,21,0
5,0,5,0
15,0,15,0
480,0,480,0
0,1,1,0
8,0,8,0
4,0,4,0
1,0,1,0
0,1,1,10
2,0,2,0
2,0,2,0
0,3,3,1
2,0,2,0
0,48,48,37
8,0,8,0
0,31,31,10
0,3,3,0
0,3,3,8
5,0,5,0
3,0,3,0
0,10,10,3
31,0,31,0
0,40,40,49
0,2,2,60
0,20,20,43
4,0,4,0
1,0,1,0
0,21,21,0
0,1,1,1
4,0,4,0
2,0,2,0
10,0,10,0
31,0,31,0
0,7,7,74
14,0,14,0
18,0,18,0
0,2,2,32
3,0,3,0
2,0,2,0
6,0,6,0
4,0,4,0
5,0,5,0
0,2,2,17
2,0,2,0
3,0,3,0
3,0,3,0
9,0,9,0
1,0,1,0
48,0,48,0
3,0,3,0
18,0,18,0
58,0,58,0
4,0,4,0
41,0,41,0
0,2,2,2
19,0,19,0
1,0,1,0
1,0,1,0
0,110,110,3
109,0,109,0
10,0,10,0
3,0,3,0
1,0,1,0
119,0,119,0
1,0,1,0
11,0,11,0
31,0,31,0
4,0,4,0
6,0,6,0
170,0,170,0
7,0,7,0
0,44,44,11
11,0,11,0
0,82,82,36
2,0,2,0
2,0,2,0
0,2,2,3
2,0,2,0
2,0,2,0
1,0,1,0
1,0,1,0
0,4,4,7
0,2,2,19
0,7,7,0
0,53,53,45
42,0,42,0
86,0,86,0
0,343,343,22
102,0,102,0
7,0,7,0
3,0,3,0
1,0,1,0
0,39,39,6
12,0,12,0
12,0,12,0
0,69,69,16
0,1,1,7
33,0,33,0
1,0,1,0
1,0,1,0
3,0,3,0
0,1,1,0
3,0,3,0
0,3,3,4
38,0,38,0
2,0,2,0
0,21,21,14
1,0,1,0
0,939,939,32
12,0,12,0
10,0,10,0
351,0,351,0
1,0,1,0
3,0,3,0
3,0,3,0
7,0,7,0
2,0,2,0
1,0,1,0
6,0,6,0
0,2,2,40
0,3,3,27
0,10,10,2
4,0,4,0
37,0,37,0
4,0,4,0
1,0,1,0
11,0,11,0
1,0,1,0
0,127,127,19
100,0,100,0
0,14,14,17
66,0,66,0
11,0,11,0
13,0,13,0
97,0,97,0
1,0,1,0
4,0,4,0
7,0,7,0
0,7,7,19
1,0,1,0
0,5,5,26
0,2,2,0
1,0,1,0
3,0,3,0
1,0,1,0
39,0,39,0
16,0,16,0
7,0,7,0
0,3,3,1
0,2,2,1
5,0,5,0
2,0,2,0
0,1,1,23
81,0,81,0
7,0,7,0
2,0,2,0
4,0,4,0
80,0,80,0
1,0,1,0
0,71,71,1
18,0,18,0
4,0,4,0
0,1,1,47
106,0,106,0
683,0,683,0
3,0,3,0
4,0,4,0
14,0,14,0
0,75,75,23
0,16,16,40
1,0,1,0
5,0,5,0
47,0,47,0
90,0,90,0
0,2,2,2
1,0,1,0
0,18,18,18
8,0,8,0
0,74,74,26
0,6,6,63
14,0,14,0
1,0,1,0
2,0,2,0
1,0,1,0
7,0,7,0
38,0,38,0
6,0,6,0
0,14,14,94
2,0,2,0
0,19,19,5
5,0,5,0
0,9,9,12
1,0,1,0
1,0,1,0
247,0,247,0
0,9,9,9
12,0,12,0
1,0,1,0
98,0,98,0
3,0,3,0
33,0,33,0
83,0,83,0
1,0,1,0
0,35,35,23
0,142,142,18
34,0,34,0
20,0,20,0
1,0,1,0
32,0,32,0
0,17,17,10
62,0,62,0
0,10,10,70
4,0,4,0
0,82,82,0
5,0,5,0
5,0,5,0
14,0,14,0
5,0,5,0
2,0,2,0
1,0,1,0
15,0,15,0
0,121,121,8
11,0,11,0
9,0,9,0
16,0,16,0
0,2,2,115
3,0,3,0
4,0,4,0
0,3,3,35
2,0,2,0
7,0,7,0
0,19,19,9
0,1,1,1
0,7,7,2
13,0,13,0
0,3,3,0
0,25,25,18
1,0,1,0
1,0,1,0
9,0,9,0
2,0,2,0
0,239,239,47
0,128,128,46
36,0,36,0
10,0,10,0
0,2,2,10
6,0,6,0
1,0,1,0
2,0,2,0
6,0,6,0
0,1,1,25
1,0,1,0
10,0,10,0
24,0,24,0
74,0,74,0
22,0,22,0
1,0,1,0
0,1,1,1
1,0,1,0
22,0,22,0
27,0,27,0
0,574,574,11
6,0,6,0
1,0,1,0
31,0,31,0
0,175,175,30
0,1,1,10
0,35,35,74
0,40,40,149
0,22,22,3
8,0,8,0
11,0,11,0
0,4,4,4
4,0,4,0
2,0,2,0
8,0,8,0
0,1,1,14
18,0,18,0
13,0,13,0
0,5,5,13
3,0,3,0
5,0,5,0
0,17,17,72
3,0,3,0
11,0,11,0
1,0,1,0
11,0,11,0
12,0,12,0
0,2,2,2
12,0,12,0
1,0,1,0
9,0,9,0
27,0,27,0
2,0,2,0
1,0,1,0
24,0,24,0
6,0,6,0
0,24,24,14
535,0,535,0
8,0,8,0
2,0,2,0
5,0,5,0
3,0,3,0
4,0,4,0
61,0,61,0
0,5,5,22
0,2,2,27
0,4,4,30
17,0,17,0
8,0,8,0
0,125,125,25
0,36,36,26
10,0,10,0
58,0,58,0
0,4,4,1
8,0,8,0
2,0,2,0
8,0,8,0
0,28,28,6
0,87,87,10
119,0,119,0
5,0,5,0
0,1,1,12
0,99,99,137
0,35,35,0
13,0,13,0
15,0,15,0
0,106,106,20
0,113,113,11
1,0,1,0
0,164,164,6
1,0,1,0
108,0,108,0
1,0,1,0
3,0,3,0
1,0,1,0
0,14,14,20
8,0,8,0
17,0,17,0
0,18,18,2
4,0,4,0
11,0,11,0
10,0,10,0
0,16,16,0
0,75,75,140
10,0,10,0
0,2,2,16
13,0,13,0
20,0,20,0
2,0,2,0
4,0,4,0
2,0,2,0
4,0,4,0
4,0,4,0
2,0,2,0
1,0,1,0
12,0,12,0
1,0,1,0
1,0,1,0
0,11,11,37
5,0,5,0
99,0,99,0
1,0,1,0
3,0,3,0
1,0,1,0
1,0,1,0
5,0,5,0
0,1,1,0
2,0,2,0
1,0,1,0
11,0,11,0
5,0,5,0
137,0,137,0
0,16,16,3
17,0,17,0
38,0,38,0
5,0,5,0
2,0,2,0
1,0,1,0
167,0,167,0
3,0,3,0
0,12,12,30
0,6,6,9
5,0,5,0
1,0,1,0
0,7,7,5
7,0,7,0
9,0,9,0
0,4,4,0
0,25,25,6
47,0,47,0
4,0,4,0
3,0,3,0
301,0,301,0
0,1,1,0
5,0,5,0
1,0,1,0
3,0,3,0
41,0,41,0
4,0,4,0
12,0,12,0
2,0,2,0
440,0,440,0
1,0,1,0
27,0,27,0
1,20,21,0
1,0,1,0
3,0,3,0
15,0,15,0
2,0,2,0
0,3,3,6
9,0,9,0
0,1,1,9
6,0,6,0
93,0,93,0
1,0,1,0
4,0,4,0
1,0,1,0
5,0,5,0
0,51,51,33
16,0,16,0
1,0,1,0
9,0,9,0
4,0,4,0
0,74,74,41
0,18,18,47
8,0,8,0
30,0,30,0
0,1,1,0
0,5,5,0
2,0,2,0
0,25,25,9
0,82,82,16
16,0,16,0
1,0,1,0
1,0,1,0
14,0,14,0
0,15,15,7
9,0,9,0
0,15,15,18
1,0,1,0
9,0,9,0
0,32,32,21
0,3,3,13
1,0,1,0
1,0,1,0
1,0,1,0
0,1,1,2
7,0,7,0
4,0,4,0
0,2,2,25
2,0,2,0
2,0,2,0
3,0,3,0
0,4,4,18
7,0,7,0
6,0,6,0
0,1,1,6
0,8,8,3
0,52,52,11
79,0,79,0
7,0,7,0
1,0,1,0
4,0,4,0
1,0,1,0
1,0,1,0
3,0,3,0
0,11,11,12
1,0,1,0
5,0,5,0
0,6,6,8
8,0,8,0
23,0,23,0
1,0,1,0
0,2,2,34
1,0,1,0
1,0,1,0
1,0,1,0
1,0,1,0
0,1,1,17
7,0,7,0
11,0,11,0
0,3,3,0
6,0,6,0
0,28,28,22
4,0,4,0
1,0,1,0
0,7,7,207
1,0,1,0
0,45,45,3
1,0,1,0
6,0,6,0
2,0,2,0
1,0,1,0
32,0,32,0
4,0,4,0
0,2,2,10
1,0,1,0
7,0,7,0
4,0,4,0
1,0,1,0
5,0,5,0
2,0,2,0
0,2,2,29
0,3,3,0
0,39,39,22
22,0,22,0
0,1,1,20
13,0,13,0
17,0,17,0
0,2,2,66
0,4,4,13
2,0,2,0
0,1,1,5
0,32,32,7
0,18,18,31
3,0,3,0
5,0,5,0
22,0,22,0
7,0,7,0
9,0,9,0
2,0,2,0
114,0,114,0
3,0,3,0
3,0,3,0
2,0,2,0
49,0,49,0
6,0,6,0
72,0,72,0
0,90,90,0
3,0,3,0
1,0,1,0
25,0,25,0
0,23,23,2
0,4,4,0
4,0,4,0
38,0,38,0
6,0,6,0
5,0,5,0
0,2,2,30
13,0,13,0
0,9,9,1
3,0,3,0
0,6,6,2
1,0,1,0
8,0,8,0
1,0,1,0
0,20,20,0
2,0,2,0
6,0,6,0
0,2,2,23
4,0,4,0
6,0,6,0
5,0,5,0
1,0,1,0
5,0,5,0
27,0,27,0
1,0,1,0
2,0,2,0
0,23,23,51
0,20,20,40
51,0,51,0
3,0,3,0
0,10,10,3
0,2,2,2
2,0,2,0
1,0,1,0
5,0,5,0
34,0,34,0
7,0,7,0
35,0,35,0
2,0,2,0
4,0,4,0
11,0,11,0
2,0,2,0
8,0,8,0
47,0,47,0
0,16,16,5
1,0,1,0
1,0,1,0
0,32,32,7
3,0,3,0
3,0,3,0
0,772,772,17
1,0,1,0
0,49,49,59
2,0,2,0
220,0,220,0
0,10,10,9
2,0,2,0
0,2,2,12
9,0,9,0
9,0,9,0
5,0,5,0
16,0,16,0
80,0,80,0
0,3,3,97
3,0,3,0
0,5,5,0
1,0,1,0
1,0,1,0
3,0,3,0
105,0,105,0
0,5,5,1
3,0,3,0
2,0,2,0
2,0,2,0
3,0,3,0
7,0,7,0
3,0,3,0
3,0,3,0
0,6,6,14
1,0,1,0
0,6,6,20
4,0,4,0
0,1,1,21
0,10,10,29
1,0,1,0
4,0,4,0
1,0,1,0
0,182,182,46
1,0,1,0
2,0,2,0
26,0,26,0
4,0,4,0
14,0,14,0
2,0,2,0
0,678,678,0
3,0,3,0
11,0,11,0
16,0,16,0
2,0,2,0
0,51,51,2
8,0,8,0
0,194,194,28
2,0,2,0
2,0,2,0
8,0,8,0
0,67,67,4
64,0,64,0
0,7,7,16
6,0,6,0
0,3,3,10
2,0,2,0
2,0,2,0
3,0,3,0
2,0,2,0
1,0,1,0
5,0,5,0
12,0,12,0
1,0,1,0
0,1,1,2
0,42,42,3
0,2,2,6
1,0,1,0
1,0,1,0
0,73,73,2
0,27,27,110
5,0,5,0
0,8,8,16
0,3,3,17
27,0,27,0
5,0,5,0
3,0,3,0
0,156,156,30
1,0,1,0
0,55,55,4
1,0,1,0
1,0,1,0
5,0,5,0
1,0,1,0
10,0,10,0
43,0,43,0
61,0,61,0
2,0,2,0
2,0,2,0
19,0,19,0
24,0,24,0
2,0,2,0
1,0,1,0
1,0,1,0
0,102,102,55
0,475,475,48
40,0,40,0
0,50,50,24
9,0,9,0
7,0,7,0
0,3,3,37
3,0,3,0
32,0,32,0
0,5,5,51
3,0,3,0
64,0,64,0
1,0,1,0
3,0,3,0
1,0,1,0
3,0,3,0
17,0,17,0
6,0,6,0
45,0,45,0
0,8,8,35
0,1,1,8
2,0,2,0
0,2,2,1
0,42,42,20
2,0,2,0
3,0,3,0
3,0,3,0
0,3,3,11
1,0,1,0
0,11,11,7
11,0,11,0
0,24,24,18
3,0,3,0
17,0,17,0
0,12,12,34
5,0,5,0
16,0,16,0
1,0,1,0
1,0,1,0
0,2,2,3
0,3,3,13
12,0,12,0
0,1,1,33
0,2,2,37
0,32,32,4
1,0,1,0
0,161,161,37
4,0,4,0
17,0,17,0
3,0,3,0
0,5,5,4
3,0,3,0
19,0,19,0
7,0,7,0
1,0,1,0
0,18,18,0
17,0,17,0
1,0,1,0
2,0,2,0
1,0,1,0
0,36,36,11
2,0,2,0
1,0,1,0
15,0,15,0
1,0,1,0
0,16,16,68
5,0,5,0
8,0,8,0
10,0,10,0
5,0,5,0
1,0,1,0
143,0,143,0
0,18,18,15
14,0,14,0
16,0,16,0
9,0,9,0
0,6,6,2
0,1,1,0
3,0,3,0
2,0,2,0
27,0,27,0
7,0,7,0
4,0,4,0
4,0,4,0
10,0,10,0
2,0,2,0
14,0,14,0
1,0,1,0
2,0,2,0
43,0,43,0
2,0,2,0
18,0,18,0
12,0,12,0
0,7,7,42
1,0,1,0
0,10,10,11
18,0,18,0
9,0,9,0
151,0,151,0
0,3,3,10
9,0,9,0
3,0,3,0
166,0,166,0
1,0,1,0
3,0,3,0
2,0,2,0
5,0,5,0
187,0,187,0
2,0,2,0
62,0,62,0
47,0,47,0
4,0,4,0
4,0,4,0
0,279,279,24
2,0,2,0
0,3,3,21
6,0,6,0
1,0,1,0
5,0,5,0
0,10,10,4
0,38,38,95
18,0,18,0
11,0,11,0
9,0,9,0
0,2,2,64
0,3,3,6
0,15,15,10
1,0,1,0
38,0,38,0
8,0,8,0
1,0,1,0
0,22,22,29
3,0,3,0
122,0,122,0
1,0,1,0
0,44,44,10
4,0,4,0
0,2,2,4
2,0,2,0
11,0,11,0
0,44,44,16
0,5,5,34
31,0,31,0
0,2075,2075,13
1,0,1,0
8,0,8,0
22,0,22,0
1,0,1,0
4,0,4,0
17,0,17,0
11,0,11,0
0,6,6,3
56,0,56,0
1,0,1,0
0,144,144,25
11,0,11,0
11,0,11,0
13,0,13,0
2,0,2,0
0,96,96,64
1,0,1,0
59,0,59,0
4,0,4,0
0,102,102,12
1,0,1,0
4,0,4,0
7,0,7,0
2,0,2,0
21,0,21,0
6,0,6,0
0,6,6,31
1,0,1,0
1,0,1,0
1,0,1,0
0,11,11,31
2,0,2,0
3,0,3,0
1,0,1,0
3,0,3,0
10,0,10,0
24,0,24,0
0,4,4,17
0,17,17,19
1,0,1,0
1,0,1,0
0,4,4,1
6,0,6,0
1,0,1,0
4,0,4,0
1,0,1,0
19,0,19,0
3,0,3,0
25,0,25,0
0,1,1,52
11,0,11,0
0,1,1,55
0,1,1,2
0,1,1,77
3,0,3,0
0,3,3,0
1,0,1,0
0,5,5,0
18,0,18,0
0,4,4,20
3,0,3,0
8,0,8,0
0,496,496,40
0,3,3,1
0,1,1,8
0,482,482,56
5,0,5,0
0,3,3,1
4,0,4,0
1,0,1,0
2,0,2,0
506,0,506,0
27,0,27,0
0,137,137,16
5,0,5,0
7,0,7,0
40,0,40,0
62,0,62,0
2,0,2,0
8,0,8,0
0,5,5,5
20,0,20,0
10,0,10,0
1,0,1,0
0,873,873,42
5,0,5,0
2,0,2,0
0,8,8,18
0,2,2,236
14,0,14,0
2,0,2,0
0,105,105,45
339,0,339,0
5,0,5,0
0,101,101,19
6,0,6,0
7,0,7,0
3,0,3,0
23,0,23,0
11,0,11,0
69,0,69,0
0,21,21,28
4,0,4,0
7,0,7,0
1,0,1,0
12,0,12,0
10,0,10,0
0,24,24,1
1,0,1,0
1,0,1,0
1,0,1,0
59,0,59,0
18,0,18,0
2,0,2,0
0,26,26,5
0,40,40,4
0,3,3,32
0,9,9,22
9,0,9,0
1,0,1,0
7,0,7,0
223,0,223,0
2,0,2,0
12,0,12,0
0,46,46,65
2,0,2,0
0,130,130,1
12,0,12,0
0,133,133,9
0,9,9,116
5,0,5,0
1,0,1,0
0,15,15,4
0,13,13,137
5,0,5,0
0,7,7,6
0,15,15,4
130,0,130,0
0,60,60,15
24,0,24,0
39,0,39,0
1,0,1,0
0,19,19,2
6,0,6,0
3,0,3,0
0,9,9,74
0,2,2,44
3,0,3,0
0,6,6,5
175,0,175,0
0,185,185,0
0,1222,1222,21
2,0,2,0
15,0,15,0
5,0,5,0
1,0,1,0
1,0,1,0
209,0,209,0
9,0,9,0
16,0,16,0
1,0,1,0
9,0,9,0
0,34,34,23
83,0,83,0
2,0,2,0
1,0,1,0
2,0,2,0
8,0,8,0
0,4,4,9
8,0,8,0
0,3,3,5
3,0,3,0
2,0,2,0
2,0,2,0
0,65,65,13
52,0,52,0
0,49,49,8
0,4,4,40
3,0,3,0
35,0,35,0
3,0,3,0
0,24,24,25
3,0,3,0
2,0,2,0
8,0,8,0
0,16,16,2
118,0,118,0
0,142,142,22
0,144,144,0
0,2,2,4
46,0,46,0
17,0,17,0
3,0,3,0
1,0,1,0
1,0,1,0
14,0,14,0
46,0,46,0
0,3,3,4
0,10,10,0
5,0,5,0
8,0,8,0
0,11,11,6
7,0,7,0
6,0,6,0
1,0,1,0
0,8,8,6
10,0,10,0
4,0,4,0
12,0,12,0
182,0,182,0
4,0,4,0
58,0,58,0
0,89,89,39
14,0,14,0
6,0,6,0
0,24,24,21
2,0,2,0
29,0,29,0
18,0,18,0
0,2,2,0
0,18,18,10
1,0,1,0
0,23,23,30
10,0,10,0
6,0,6,0
6,0,6,0
28,0,28,0
6,0,6,0
0,1,1,17
2,0,2,0
1,0,1,0
6,0,6,0
3,0,3,0
0,10,10,42
1,0,1,0
29,0,29,0
1,0,1,0
3,0,3,0
170,0,170,0
0,141,141,13
0,78,78,72
2,0,2,0
10,0,10,0
73,0,73,0
0,3,3,9
0,11,11,2
365,0,365,0
0,13,13,3
0,159,159,7
91,0,91,0
71,0,71,0
0,9,9,12
8,0,8,0
573,0,573,0
1,0,1,0
4,0,4,0
0,138,138,1
2,0,2,0
1,0,1,0
0,3,3,1
99,0,99,0
0,9,9,6
0,18,18,35
2,0,2,0
4,0,4,0
0,35,35,18
13,0,13,0
0,8,8,6
4,0,4,0
0,5,5,0
308,0,308,0
0,1,1,1
1,0,1,0
17,0,17,0
0,280,280,10
0,89,89,66
0,11,11,18
0,1,1,14
3,0,3,0
0,94,94,27
3,0,3,0
5,0,5,0
4,0,4,0
1,0,1,0
0,54,54,106
4,0,4,0
0,28,28,11
0,3,3,32
28,0,28,0
3,0,3,0
4,0,4,0
2,0,2,0
55,0,55,0
2,0,2,0
1,0,1,0
106,0,106,0
39,0,39,0
4,0,4,0
0,49,49,42
1,0,1,0
2,0,2,0
0,9,9,21
1,0,1,0
25,0,25,0
4,0,4,0
37,0,37,0
0,6,6,28
2,0,2,0
0,271,271,114
56,0,56,0
2,0,2,0
0,89,89,30
0,1,1,24
1,0,1,0
28,0,28,0
8,0,8,0
1,0,1,0
0,42,42,15
0,1,1,40
17,0,17,0
0,29,29,10
0,25,25,42
0,8,8,24
39,0,39,0
3,0,3,0
19,0,19,0
12,0,12,0
1,0,1,0
1,0,1,0
32,0,32,0
1,0,1,0
0,1,1,3
22,0,22,0
4,0,4,0
13,0,13,0
0,2,2,2
1,0,1,0
4,0,4,0
4,0,4,0
1,0,1,0
3,0,3,0
1,0,1,0
0,5,5,7
4,0,4,0
1,0,1,0
3,0,3,0
2,0,2,0
0,2,2,4
7,0,7,0
0,74,74,35
40,0,40,0
173,0,173,0
0,219,219,259
1,0,1,0
8,0,8,0
9,0,9,0
13,0,13,0
0,3,3,5
4,0,4,0
5,0,5,0
6,0,6,0
4,0,4,0
0,25,25,30
17,0,17,0
9,0,9,0
9,0,9,0
1,0,1,0
0,168,168,10
1,0,1,0
0,1,1,41
12,0,12,0
0,438,438,18
0,9,9,14
0,8,8,9
2,0,2,0
6,0,6,0
29,0,29,0
124,0,124,0
3,0,3,0
6,0,6,0
2,0,2,0
1,0,1,0
0,239,239,116
0,6,6,13
10,0,10,0
0,34,34,14
17,0,17,0
1,0,1,0
71,0,71,0
2,0,2,0
1,0,1,0
9,0,9,0
2,0,2,0
24,0,24,0
1,0,1,0
6,0,6,0
1,0,1,0
1,0,1,0
0,2,2,6
11,0,11,0
0,4,4,9
0,6,6,3
1,0,1,0
2,0,2,0
0,20,20,30
2,0,2,0
2,0,2,0
5,0,5,0
1,0,1,0
0,1,1,7
10,0,10,0
1,0,1,0
15,0,15,0
8,0,8,0
0,13,13,8
6,0,6,0
286,0,286,0
2,0,2,0
18,0,18,0
3,0,3,0
0,5,5,129
4,0,4,0
10,0,10,0
0,1,1,0
4,0,4,0
168,0,168,0
1,0,1,0
15,0,15,0
0,9,9,8
6,0,6,0
2,0,2,0
0,111,111,22
1,0,1,0
4,0,4,0
2,0,2,0
24,0,24,0
1,0,1,0
10,0,10,0
0,13,13,18
1,0,1,0
2,0,2,0
1,0,1,0
4,0,4,0
0,296,296,3
1,656,657,24
0,1,1,4
13,0,13,0
44,0,44,0
6,0,6,0
0,12,12,42
13,0,13,0
21,0,21,0
0,70,70,4
6,0,6,0
4,0,4,0
0,37,37,6
1,0,1,0
2,0,2,0
29,0,29,0
1,0,1,0
272,0,272,0
0,2,2,88
6,0,6,0
26,0,26,0
0,201,201,14
39,0,39,0
0,182,182,20
1,0,1,0
0,22,22,122
4,0,4,0
0,2,2,35
1,0,1,0
0,3,3,3
0,19,19,35
11,0,11,0
13,0,13,0
0,3,3,7
209,0,209,0
0,13,13,49
0,5,5,21
11,0,11,0
34,0,34,0
97,0,97,0
25,0,25,0
0,21,21,2
1,0,1,0
63,0,63,0
2,0,2,0
0,2,2,1
1,0,1,0
2,0,2,0
3,0,3,0
14,0,14,0
3,0,3,0
4,0,4,0
0,18,18,36
0,8,8,9
1,0,1,0
4,0,4,0
5,0,5,0
1,0,1,0
3,0,3,0
0,3,3,3
1,0,1,0
6,0,6,0
3,0,3,0
1,0,1,0
6,0,6,0
0,109,109,113
74,0,74,0
1,0,1,0
0,37,37,31
3,0,3,0
9,0,9,0
0,185,185,9
1,0,1,0
1,0,1,0
5,0,5,0
4,0,4,0
5,0,5,0
0,3,3,10
16,0,16,0
137,0,137,0
17,0,17,0
1,0,1,0
3,0,3,0
0,23,23,0
45,0,45,0
2,0,2,0
0,86,86,35
0,4,4,0
2,0,2,0
5,0,5,0
10,0,10,0
2,0,2,0
0,24,24,31
22,0,22,0
0,10,10,21
23,0,23,0
7,0,7,0
0,121,121,3
30,0,30,0
3,0,3,0
0,1,1,7
0,26,26,4
2,0,2,0
0,3,3,81
2,0,2,0
4,0,4,0
1,0,1,0
0,10,10,47
30,0,30,0
0,2,2,3
3,0,3,0
2,0,2,0
1,0,1,0
2,0,2,0
2,0,2,0
4,0,4,0
14,0,14,0
0,2,2,1
9,0,9,0
6,0,6,0
1,0,1,0
0,5,5,0
45,0,45,0
3,0,3,0
7,0,7,0
0,134,134,24
0,1,1,8
21,0,21,0
1,0,1,0
9,0,9,0
0,4,4,7
42,0,42,0
0,2,2,37
14,0,14,0
0,8,8,20
7,0,7,0
4,0,4,0
162,0,162,0
6,0,6,0
0,376,376,25
16,0,16,0
0,1076,1076,30
809,0,809,0
4,0,4,0
0,1,1,69
2,0,2,0
0,3,3,92
0,147,147,64
1,0,1,0
70,0,70,0
1,0,1,0
0,172,172,39
1,0,1,0
1,0,1,0
2,0,2,0
18,0,18,0
29,0,29,0
11,0,11,0
4,0,4,0
14,0,14,0
0,3,3,26
1,0,1,0
0,24,24,2
3,0,3,0
4,0,4,0
0,67,67,66
5,0,5,0
4,0,4,0
0,1,1,9
5,0,5,0
3,0,3,0
2,0,2,0
2,0,2,0
3,0,3,0
3,0,3,0
15,0,15,0
0,18,18,47
1,0,1,0
1,0,1,0
3,0,3,0
0,1,1,106
10,0,10,0
1,0,1,0
16,0,16,0
0,64,64,19
17,0,17,0
31,0,31,0
0,3,3,0
0,4,4,6
7,0,7,0
2,0,2,0
1,0,1,0
18,0,18,0
7,0,7,0
2,0,2,0
8,0,8,0
0,2,2,14
10,0,10,0
6,0,6,0
1,0,1,0
29,0,29,0
3,0,3,0
7,0,7,0
0,63,63,26
65,0,65,0
6,0,6,0
0,5,5,15
1,0,1,0
0,5,5,0
1,0,1,0
0,5,5,24
27,0,27,0
0,67,67,61
51,0,51,0
0,29,29,7
11,0,11,0
0,4,4,9
3,0,3,0
54,0,54,0
0,15,15,10
0,113,113,87
3,0,3,0
1,0,1,0
1,0,1,0
3,0,3,0
5,0,5,0
35,0,35,0
0,6,6,7
0,37,37,33
8,0,8,0
3,0,3,0
2,0,2,0
48,0,48,0
64,0,64,0
1,0,1,0
3,0,3,0
1,0,1,0
0,16,16,3
1,0,1,0
108,0,108,0
8,0,8,0
1,0,1,0
17,0,17,0
0,18,18,10
0,5,5,23
1,0,1,0
5,0,5,0
23,0,23,0
1,0,1,0
186,0,186,0
3,0,3,0
7,0,7,0
0,14,14,12
1,0,1,0
0,1,1,26
0,1,1,2
11,0,11,0
344,0,344,0
0,3,3,3
1,0,1,0
95,0,95,0
4,0,4,0
18,0,18,0
0,38,38,18
20,0,20,0
0,32,32,0
3,0,3,0
20,0,20,0
0,211,211,61
5,0,5,0
0,62,62,47
1,0,1,0
4,0,4,0
17,0,17,0
0,383,383,233
5,0,5,0
0,16,16,3
21,0,21,0
3,0,3,0
1,0,1,0
0,39,39,25
0,76,76,1
8,0,8,0
0,30,30,7
9,0,9,0
8,0,8,0
3,0,3,0
0,1,1,18
1,0,1,0
0,1,1,0
24,0,24,0
0,89,89,8
89,0,89,0
10,0,10,0
5,0,5,0
0,12,12,43
1,0,1,0
3,0,3,0
0,43,43,56
0,3,3,64
12,0,12,0
3,0,3,0
3,0,3,0
56,0,56,0
3,0,3,0
0,3,3,3
40,0,40,0
3,0,3,0
5,0,5,0
2,0,2,0
0,3,3,122
189,0,189,0
0,66,66,2
1,0,1,0
0,4,4,1
103,0,103,0
7,0,7,0
0,52,52,13
23,0,23,0
6,0,6,0
20,0,20,0
101,0,101,0
13,0,13,0
0,6,6,2
9,0,9,0
12,0,12,0
2,0,2,0
21,0,21,0
3,0,3,0
76,0,76,0
1,0,1,0
46,0,46,0
43,0,43,0
2,0,2,0
4,0,4,0
1,0,1,0
2,0,2,0
160,0,160,0
93,0,93,0
0,7,7,1
1,0,1,0
1,0,1,0
20,0,20,0
18,0,18,0
1,0,1,0
7,0,7,0
8,0,8,0
13,0,13,0
2,0,2,0
8,0,8,0
29,0,29,0
7,0,7,0
0,70,70,15
1,0,1,0
0,37,37,2
4,0,4,0
0,16,16,1
0,4,4,3
104,0,104,0
0,4,4,4
2,0,2,0
3,0,3,0
2,0,2,0
45,0,45,0
1,0,1,0
5,0,5,0
5,0,5,0
2,0,2,0
17,0,17,0
12,0,12,0
75,0,75,0
18,0,18,0
2,0,2,0
0,16,16,4
10,0,10,0
0,103,103,35
5,0,5,0
0,3,3,2
1,0,1,0
34,0,34,0
1,0,1,0
0,2,2,26
1,0,1,0
17,0,17,0
1,0,1,0
0,1,1,3
2,0,2,0
0,21,21,23
3,0,3,0
2,0,2,0
33,0,33,0
19,0,19,0
51,0,51,0
0,210,210,57
171,0,171,0
0,36,36,18
1,0,1,0
6,0,6,0
1147,0,1147,0
17,0,17,0
34,0,34,0
0,1,1,0
2,0,2,0
0,183,183,7
45,0,45,0
7,0,7,0
0,1,1,13
3,0,3,0
130,0,130,0
42,0,42,0
0,10,10,4
21,0,21,0
2,0,2,0
2,0,2,0
1,0,1,0
0,1,1,0
4,0,4,0
17,0,17,0
19,0,19,0
4,0,4,0
2,0,2,0
2,0,2,0
3,0,3,0
0,8,8,68
5,0,5,0
0,41,41,0
37,0,37,0
1,0,1,0
16,0,16,0
1,0,1,0
0,12,12,9
7,0,7,0
13,0,13,0
2,0,2,0
1,0,1,0
1,0,1,0
24,0,24,0
135,0,135,0
8,0,8,0
0,6,6,25
2,0,2,0
10,19,29,52
0,50,50,45
0,2,2,35
2,0,2,0
20,0,20,0
0,4,4,42
10,0,10,0
2,0,2,0
8,0,8,0
0,3,3,3
6,0,6,0
0,53,53,64
7,0,7,0
1,0,1,0
20,0,20,0
13,0,13,0
0,13,13,16
4,0,4,0
2,0,2,0
16,0,16,0
3,0,3,0
2,0,2,0
1,0,1,0
5,0,5,0
0,10,10,82
4,0,4,0
3,0,3,0
0,24,24,34
4,0,4,0
15,0,15,0
3,0,3,0
0,1,1,6
46,0,46,0
3,0,3,0
3,0,3,0
7,0,7,0
2,0,2,0
5,0,5,0
2,0,2,0
1,0,1,0
0,6,6,16
2,0,2,0
3,0,3,0
0,2,2,23
5,0,5,0
2,0,2,0
12,0,12,0
0,15,15,17
18,0,18,0
0,2,2,7
7,0,7,0
0,35,35,21
1,0,1,0
4,0,4,0
3,0,3,0
0,2,2,9
9,0,9,0
41,0,41,0
6,0,6,0
0,101,101,24
1,0,1,0
2,0,2,0
3,0,3,0
0,5,5,1
1,0,1,0
0,8,8,3
2,0,2,0
2,0,2,0
4,0,4,0
1,0,1,0
1,0,1,0
3,0,3,0
1,0,1,0
1,0,1,0
0,1,1,10
4,0,4,0
2,0,2,0
1,0,1,0
0,116,116,9
39,0,39,0
3,0,3,0
7,0,7,0
14,0,14,0
0,9,9,1
40,0,40,0
14,0,14,0
5,0,5,0
29,0,29,0
97,0,97,0
2,0,2,0
5,0,5,0
0,11,11,9
4,0,4,0
0,40,40,18
23,0,23,0
3,0,3,0
4,0,4,0
0,22,22,15
2,0,2,0
1,0,1,0
0,125,125,8
341,0,341,0
0,179,179,32
0,17,17,2
7,0,7,0
2,0,2,0
1,0,1,0
14,0,14,0
3,0,3,0
4,0,4,0
36,0,36,0
2,0,2,0
8,0,8,0
3,0,3,0
1,0,1,0
3,0,3,0
4,0,4,0
0,29,29,23
0,5,5,19
1,0,1,0
163,0,163,0
38,0,38,0
0,11,11,58
4,0,4,0
4,0,4,0
6,0,6,0
5,0,5,0
3,0,3,0
0,3,3,8
0,59,59,8
5,0,5,0
5,0,5,0
0,3,3,8
0,174,174,20
13,0,13,0
7,0,7,0
0,28,28,1
0,3,3,3
0,3,3,24
30,0,30,0
6,0,6,0
105,0,105,0
1,0,1,0
0,106,106,15
3,0,3,0
2,0,2,0
15,0,15,0
0,7,7,24
0,9,9,1
21,0,21,0
2,0,2,0
2,0,2,0
3,0,3,0
0,77,77,7
2,0,2,0
1,0,1,0
1,0,1,0
1,0,1,0
11,0,11,0
0,5,5,24
3,0,3,0
0,7,7,26
89,0,89,0
16,0,16,0
1,0,1,0
1,0,1,0
2,0,2,0
174,0,174,0
2,0,2,0
9,0,9,0
35,0,35,0
21,0,21,0
1,0,1,0
655,0,655,0
0,26,26,1
20,0,20,0
4,0,4,0
1,0,1,0
0,175,175,71
0,6,6,3
0,22,22,44
2,0,2,0
1,0,1,0
10,0,10,0
0,42,42,12
0,8,8,16
1,0,1,0
7,0,7,0
2,0,2,0
5,0,5,0
167,0,167,0
0,5,5,101
0,6,6,23
1,0,1,0
0,5,5,28
30,0,30,0
0,53,53,3
0,36,36,10
2,0,2,0
0,11,11,16
236,0,236,0
0,156,156,1
79,0,79,0
0,7,7,0
1,0,1,0
0,1,1,0
28,0,28,0
1,0,1,0
1,0,1,0
5,0,5,0
1,0,1,0
0,22,22,75
3,0,3,0
1,0,1,0
3,0,3,0
0,3,3,2
6,0,6,0
1,0,1,0
0,115,115,32
1,0,1,0
6,0,6,0
47,0,47,0
3,0,3,0
1,0,1,0
1,0,1,0
1,0,1,0
3,0,3,0
166,0,166,0
0,4,4,7
4,0,4,0
3,0,3,0
0,1,1,11
2,0,2,0
37,0,37,0
0,18,18,10
2,0,2,0
5,0,5,0
3,0,3,0
1,0,1,0
1,0,1,0
0,3,3,6
8,0,8,0
5,0,5,0
3,0,3,0
4,0,4,0
0,27,27,27
30,0,30,0
1,0,1,0
1,0,1,0
4,0,4,0
6,0,6,0
36,0,36,0
0,367,367,46
22,0,22,0
4,0,4,0
4,0,4,0
1,0,1,0
15,0,15,0
0,132,132,17
1,0,1,0
0,20,20,1
0,8,8,96
1,0,1,0
0,31,31,7
1,0,1,0
0,15,15,33
10,0,10,0
5,0,5,0
2,0,2,0
12,0,12,0
2,0,2,0
14,0,14,0
2,0,2,0
0,54,54,79
3,0,3,0
0,113,113,163
2,0,2,0
9,0,9,0
27,0,27,0
0,3,3,4
14,0,14,0
1,0,1,0
4,0,4,0
0,82,82,37
3,0,3,0
1,0,1,0
7,0,7,0
0,20,20,6
2,0,2,0
2,0,2,0
2,0,2,0
0,2,2,0
9,0,9,0
20,0,20,0
5,0,5,0
0,47,47,6
1,0,1,0
0,4,4,22
2,0,2,0
1,0,1,0
737,0,737,0
0,13,13,0
3,0,3,0
1,0,1,0
17,0,17,0
105,0,105,0
5,0,5,0
1,0,1,0
28,0,28,0
16,0,16,0
3,0,3,0
0,2,2,4
6,0,6,0
10,0,10,0
0,28,28,25
2,0,2,0
10,0,10,0
42,0,42,0
0,23,23,152
0,6,6,16
26,0,26,0
2,0,2,0
3,0,3,0
1,0,1,0
1,0,1,0
0,16,16,10
6,0,6,0
13,0,13,0
0,7,7,0
1,0,1,0
0,10,10,6
2,0,2,0
25,0,25,0
0,965,965,35
1,0,1,0
0,1,1,3
21,0,21,0
0,3,3,69
1,0,1,0
0,5,5,4
2,0,2,0
0,11,11,10
29,0,29,0
0,2,2,8
0,60,60,11
6,0,6,0
2,0,2,0
1,0,1,0
3,0,3,0
10,0,10,0
19,0,19,0
9,0,9,0
11,0,11,0
9,0,9,0
0,1,1,7
3,0,3,0
1,0,1,0
9,0,9,0
0,1,1,0
14,0,14,0
2,0,2,0
55,0,55,0
1,0,1,0
1,0,1,0
0,92,92,44
0,2,2,60
3,0,3,0
49,0,49,0
12,0,12,0
0,1,1,7
3,0,3,0
0,16,16,4
1,0,1,0
1,0,1,0
5,0,5,0
2,0,2,0
1,0,1,0
0,30,30,13
25,0,25,0
3,0,3,0
1,0,1,0
60,0,60,0
8,0,8,0
1,0,1,0
4,0,4,0
0,1,1,3
39,0,39,0
1,0,1,0
0,4,4,9
7,0,7,0
0,308,308,46
21,0,21,0
0,2,2,5
3,0,3,0
0,20,20,10
26,0,26,0
1,0,1,0
0,46,46,63
2,0,2,0
0,1,1,18
41,0,41,0
0,61,61,14
3,0,3,0
6,0,6,0
2,0,2,0
2,0,2,0
0,3,3,10
12,0,12,0
0,2,2,0
9,0,9,0
0,6,6,0
20,0,20,0
0,472,472,10
1,0,1,0
86,0,86,0
1,0,1,0
0,9,9,6
6,0,6,0
1,0,1,0
2,0,2,0
3,0,3,0
8,0,8,0
3,0,3,0
0,2,2,8
1,0,1,0
15,0,15,0
3,0,3,0
35,0,35,0
11,0,11,0
2,0,2,0
8,0,8,0
2,0,2,0
15,0,15,0
6,0,6,0
0,6,6,19
1,0,1,0
0,1,1,22
0,2,2,5
4,0,4,0
6,0,6,0
1,0,1,0
8,0,8,0
0,316,316,27
3,0,3,0
8,0,8,0
0,2,2,5
0,16,16,0
7,0,7,0
0,34,34,11
2,0,2,0
0,2,2,1
1,0,1,0
4,0,4,0
0,8,8,59
2,0,2,0
0,1,1,5
98,0,98,0
12,0,12,0
1,0,1,0
0,25,25,5
7,0,7,0
13,0,13,0
0,98,98,115
1,0,1,0
15,0,15,0
3,0,3,0
20,0,20,0
0,21,21,33
20,0,20,0
17,0,17,0
1,0,1,0
0,45,45,15
2,0,2,0
4,0,4,0
1,0,1,0
5,0,5,0
4,0,4,0
10,0,10,0
0,3,3,9
5,0,5,0
13,0,13,0
0,94,94,17
0,10,10,28
3,0,3,0
0,44,44,23
22,0,22,0
2,0,2,0
3,0,3,0
4,0,4,0
2,0,2,0
0,60,60,1
6,0,6,0
31,0,31,0
0,4,4,6
71,0,71,0
4,0,4,0
1,0,1,0
1,0,1,0
0,34,34,46
15,0,15,0
1,0,1,0
0,5,5,39
1,0,1,0
0,8,8,1
6,0,6,0
1,0,1,0
0,10,10,0
3,0,3,0
0,169,169,63
127,0,127,0
2,0,2,0
9,0,9,0
0,1,1,30
6,0,6,0
2,0,2,0
0,2,2,11
5,0,5,0
6,0,6,0
0,6,6,5
12,0,12,0
0,21,21,16
19,0,19,0
0,13,13,18
12,0,12,0
0,3,3,10
0,55,55,13
6,0,6,0
0,7,7,23
2,0,2,0
1,0,1,0
18,0,18,0
0,5,5,11
1,0,1,0
2,38,40,27
4,0,4,0
1,0,1,0
23,0,23,0
1,0,1,0
8,0,8,0
2,0,2,0
5,0,5,0
5,0,5,0
4,0,4,0
39,0,39,0
0,76,76,6
5,0,5,0
1,0,1,0
2,0,2,0
3,0,3,0
180,0,180,0
0,18,18,0
15,0,15,0
1,0,1,0
6,0,6,0
1,0,1,0
0,32,32,10
25,0,25,0
1,0,1,0
0,53,53,13
6,0,6,0
2,0,2,0
2,0,2,0
0,114,114,37
1,0,1,0
0,4,4,5
13,0,13,0
0,17,17,13
0,1,1,0
3,0,3,0
42,0,42,0
15,0,15,0
0,110,110,9
3,0,3,0
11,0,11,0
11,0,11,0
0,35,35,5
158,0,158,0
2,0,2,0
1,0,1,0
0,18,18,9
0,18,18,33
0,10,10,35
4,0,4,0
0,2,2,2
7,0,7,0
0,6,6,8
1,0,1,0
26,0,26,0
7,0,7,0
0,17,17,43
9,0,9,0
24,0,24,0
1,0,1,0
92,0,92,0
3,0,3,0
7,0,7,0
3,0,3,0
0,11,11,45
5,0,5,0
12,0,12,0
1,0,1,0
2,0,2,0
2,0,2,0
1,0,1,0
1,0,1,0
14,0,14,0
3,0,3,0
5,0,5,0
0,92,92,39
92,0,92,0
0,217,217,38
19,0,19,0
5,0,5,0
0,1,1,1
3,0,3,0
0,1,1,0
101,0,101,0
0,10,10,2
2,0,2,0
2,0,2,0
2,0,2,0
0,19,19,8
4,0,4,0
158,0,158,0
3,0,3,0
0,6,6,8
3,0,3,0
20,0,20,0
1,0,1,0
2,0,2,0
0,27,27,10
36,0,36,0
3,0,3,0
1,0,1,0
0,2,2,3
3,0,3,0
11,0,11,0
15,0,15,0
1,0,1,0
1,0,1,0
7,0,7,0
18,0,18,0
3,0,3,0
6,0,6,0
4,0,4,0
7,0,7,0
1,0,1,0
0,20,20,193
3,0,3,0
392,0,392,0
0,5,5,2
4,0,4,0
3,0,3,0
1,0,1,0
59,0,59,0
4,0,4,0
1,0,1,0
0,5,5,15
3,0,3,0
2,0,2,0
0,26,26,4
8,0,8,0
3,0,3,0
4,0,4,0
1,0,1,0
135,0,135,0
14,0,14,0
0,55,55,65
176,0,176,0
0,3,3,7
1,0,1,0
77,0,77,0
0,35,35,20
4,0,4,0
8,0,8,0
0,1,1,2
1,0,1,0
1,0,1,0
263,0,263,0
1,0,1,0
0,25,25,28
2,0,2,0
0,1,1,108
2,0,2,0
0,37,37,23
18,0,18,0
9,0,9,0
1,0,1,0
59,0,59,0
45,0,45,0
29,0,29,0
6,0,6,0
4,0,4,0
0,74,74,2
0,62,62,40
2,0,2,0
2,0,2,0
1,0,1,0
0,37,37,25
1,0,1,0
3,0,3,0
2,0,2,0
2,0,2,0
1,0,1,0
2,0,2,0
0,68,68,18
0,10,10,3
5,0,5,0
7,0,7,0
1,0,1,0
2,0,2,0
10,0,10,0
34,0,34,0
1,0,1,0
4,0,4,0
0,2,2,3
0,1,1,5
0,4,4,78
4,0,4,0
0,54,54,24
3,0,3,0
0,56,56,51
1,0,1,0
4,0,4,0
4,0,4,0
14,0,14,0
1,0,1,0
2,0,2,0
27,0,27,0
4,0,4,0
1,0,1,0
2,0,2,0
1,0,1,0
1,0,1,0
0,1,1,47
4,0,4,0
32,0,32,0
0,7,7,3
5,0,5,0
2,0,2,0
3,0,3,0
3,0,3,0
0,5,5,7
9,0,9,0
75,0,75,0
6,0,6,0
0,4,4,22
2,0,2,0
15,0,15,0
0,72,72,16
0,4,4,11
2,0,2,0
1,0,1,0
17,0,17,0
14,0,14,0
0,5,5,6
3,0,3,0
8,0,8,0
81,0,81,0
0,10,10,18
27,0,27,0
3,0,3,0
7,0,7,0
0,38,38,1
15,0,15,0
15,0,15,0
0,11,11,11
3,0,3,0
0,1,1,3
0,68,68,18
1,0,1,0
9,0,9,0
94,0,94,0
0,8,8,13
19,0,19,0
15,0,15,0
2,0,2,0
0,563,563,172
1,0,1,0
0,22,22,50
0,1,1,6
9,0,9,0
0,109,109,2
31,0,31,0
1,0,1,0
161,0,161,0
0,6,6,6
0,13,13,14
1,0,1,0
1,0,1,0
5,0,5,0
0,6,6,72
13,0,13,0
2,0,2,0
0,2,2,6
1,0,1,0
0,132,132,62
0,12,12,60
0,12,12,0
7,0,7,0
40,0,40,0
0,2,2,2
95,0,95,0
0,6,6,46
1,0,1,0
72,0,72,0
2,0,2,0
4,0,4,0
0,9,9,20
2,0,2,0
1,0,1,0
7,0,7,0
1,0,1,0
42,0,42,0
10,0,10,0
1,0,1,0
2,0,2,0
10,0,10,0
0,294,294,13
172,0,172,0
3,0,3,0
0,7,7,8
6,0,6,0
11,0,11,0
0,3,3,3
13,0,13,0
2,0,2,0
15,0,15,0
21,0,21,0
1,0,1,0
5,0,5,0
0,91,91,0
29,0,29,0
59,0,59,0
26,0,26,0
2,0,2,0
0,307,307,37
23,0,23,0
3,0,3,0
0,20,20,18
0,7,7,101
2,0,2,0
1,0,1,0
0,4,4,4
0,20,20,31
0,29,29,26
12,0,12,0
2,0,2,0
0,58,58,20
104,0,104,0
0,369,369,13
5,0,5,0
0,193,193,10
0,3,3,4
2,0,2,0
15,0,15,0
2,0,2,0
30,0,30,0
1,0,1,0
10,0,10,0
1,0,1,0
0,10,10,8
8,0,8,0
1,0,1,0
5,0,5,0
14,0,14,0
12,0,12,0
0,1,1,3
0,14,14,9
0,51,51,10
0,1,1,4
5,0,5,0
131,0,131,0
4,0,4,0
0,11,11,20
0,222,222,41
12,0,12,0
1,0,1,0
2,0,2,0
0,27,27,3
6,0,6,0
1,0,1,0
1,0,1,0
4,0,4,0
1,0,1,0
9,0,9,0
3,0,3,0
1,0,1,0
4,0,4,0
1,0,1,0
0,1,1,1
5,0,5,0
2,0,2,0
5,0,5,0
0,73,73,131
14,0,14,0
5,0,5,0
2,0,2,0
0,12,12,25
9,0,9,0
2,0,2,0
1,0,1,0
11,0,11,0
1,0,1,0
0,5,5,6
0,1399,1399,31
819,0,819,0
0,2,2,2
9,0,9,0
0,52,52,33
23,0,23,0
50,0,50,0
2,0,2,0
0,56,56,93
5,0,5,0
1,0,1,0
0,40,40,15
68,0,68,0
0,849,849,43
7,0,7,0
173,0,173,0
0,6,6,37
10,0,10,0
2,0,2,0
0,1,1,14
0,5,5,26
0,7,7,18
11,0,11,0
362,0,362,0
15,0,15,0
5,0,5,0
176,0,176,0
3,0,3,0
0,123,123,30
0,1,1,10
0,8,8,36
21,0,21,0
1,0,1,0
0,223,223,34
1,0,1,0
0,204,204,38
2,0,2,0
1,0,1,0
0,5,5,28
38,0,38,0
1,0,1,0
0,105,105,25
15,0,15,0
0,15,15,6
5,0,5,0
0,3,3,0
6,0,6,0
23,0,23,0
1,0,1,0
1,0,1,0
0,432,432,61
83,0,83,0
2,0,2,0
56,0,56,0
2,0,2,0
0,6,6,24
1,0,1,0
2,0,2,0
104,0,104,0
5,0,5,0
72,0,72,0
0,69,69,18
3,0,3,0
1,0,1,0
55,0,55,0
35,0,35,0
42,0,42,0
1,0,1,0
4,0,4,0
1,0,1,0
27,0,27,0
0,20,20,3
0,6,6,6
20,0,20,0
86,0,86,0
1,0,1,0
1,0,1,0
0,46,46,69
1,0,1,0
3,0,3,0
409,0,409,0
1,0,1,0
0,12,12,19
2,0,2,0
1,0,1,0
24,0,24,0
4,0,4,0
0,331,331,155
4,0,4,0
2,0,2,0
0,37,37,11
44,0,44,0
7,0,7,0
5,0,5,0
2,0,2,0
0,3,3,28
17,0,17,0
38,0,38,0
1,0,1,0
7,0,7,0
11,0,11,0
0,329,329,43
0,87,87,26
4,0,4,0
69,0,69,0
2,0,2,0
0,205,205,4
2,0,2,0
0,43,43,9
0,17,17,2
1,0,1,0
40,0,40,0
2,0,2,0
1,0,1,0
1,0,1,0
0,1,1,14
0,7,7,28
1,0,1,0
0,211,211,0
0,10,10,1
1,0,1,0
1,0,1,0
1,0,1,0
8,0,8,0
1,0,1,0
1,0,1,0
1,0,1,0
1,0,1,0
0,30,30,103
76,0,76,0
1,0,1,0
0,16,16,25
3,0,3,0
0,10,10,81
9,0,9,0
3,0,3,0
1,0,1,0
18,0,18,0
0,18,18,65
20,0,20,0
0,1,1,23
4,0,4,0
10,0,10,0
1,0,1,0
1,0,1,0
68,0,68,0
0,24,24,7
3,0,3,0
0,48,48,167
41,0,41,0
1,0,1,0
13,0,13,0
5,0,5,0
7,0,7,0
616,0,616,0
0,29,29,10
31,0,31,0
1,0,1,0
6,0,6,0
19,0,19,0
3,0,3,0
3,0,3,0
33,0,33,0
16,0,16,0
3,0,3,0
10,0,10,0
7,0,7,0
1,0,1,0
53,0,53,0
0,2,2,12
0,13,13,14
1,0,1,0
4,0,4,0
0,3,3,15
26,0,26,0
20,0,20,0
9,0,9,0
1,0,1,0
15,0,15,0
3,0,3,0
0,7,7,15
1,0,1,0
1,0,1,0
0,6,6,6
0,2,2,6
54,0,54,0
1,0,1,0
0,4,4,53
2,0,2,0
2,0,2,0
2,0,2,0
2,0,2,0
1,0,1,0
0,2,2,11
8,0,8,0
0,13,13,10
1,0,1,0
1,0,1,0
2,0,2,0
38,0,38,0
13,0,13,0
157,0,157,0
1,0,1,0
0,73,73,2
9,0,9,0
0,168,168,17
0,40,40,4
12,0,12,0
12,0,12,0
1,67,68,43
1,0,1,0
1,0,1,0
1,0,1,0
0,1,1,32
127,0,127,0
5,0,5,0
2,0,2,0
6,0,6,0
2,0,2,0
4,0,4,0
0,2,2,76
5,0,5,0
1,0,1,0
3,0,3,0
12,0,12,0
0,1,1,0
3,0,3,0
3,0,3,0
2,0,2,0
0,3,3,5
4,0,4,0
0,2,2,21
0,12,12,9
8,0,8,0
6,0,6,0
32,0,32,0
2,0,2,0
1,0,1,0
0,12,12,17
142,0,142,0
1,0,1,0
31,0,31,0
0,1,1,91
12,0,12,0
12,0,12,0
254,0,254,0
3,0,3,0
1,0,1,0
1,0,1,0
4,0,4,0
85,0,85,0
5,0,5,0
0,115,115,221
11,0,11,0
0,51,51,6
51,0,51,0
0,32,32,61
22,0,22,0
4,0,4,0
0,5,5,6
17,0,17,0
0,46,46,34
40,0,40,0
4,0,4,0
3,0,3,0
10,0,10,0
0,2,2,4
0,165,165,177
6,0,6,0
3,0,3,0
6,0,6,0
1,0,1,0
0,1,1,8
2,0,2,0
1,0,1,0
4,0,4,0
0,3,3,6
3,0,3,0
1,0,1,0
6,0,6,0
1,0,1,0
1,0,1,0
4,0,4,0
0,22,22,19
1,0,1,0
9,0,9,0
2,0,2,0
1,0,1,0
1,0,1,0
0,163,163,86
103,0,103,0
0,14,14,15
56,0,56,0
0,1,1,0
23,0,23,0
3,0,3,0
2,0,2,0
0,8,8,28
10,0,10,0
2,0,2,0
4,0,4,0
0,6,6,70
3,0,3,0
1,0,1,0
2,0,2,0
1,0,1,0
0,24,24,97
3,0,3,0
11,0,11,0
0,1,1,13
13,0,13,0
0,397,397,10
0,57,57,43
43,0,43,0
0,3,3,37
6,0,6,0
10,0,10,0
1,0,1,0
2,0,2,0
0,6,6,0
25,0,25,0
7,0,7,0
0,4,4,4
2,0,2,0
1,0,1,0
3,0,3,0
1,0,1,0
16,0,16,0
13,0,13,0
0,68,68,0
0,24,24,22
6,0,6,0
0,3,3,5
3,0,3,0
1,0,1,0
4,0,4,0
0,16,16,61
1,0,1,0
0,1,1,1
24,0,24,0
0,41,41,28
12,0,12,0
1,0,1,0
49,0,49,0
11,0,11,0
3,0,3,0
38,0,38,0
2,0,2,0
0,10,10,10
10,0,10,0
1,0,1,0
41,0,41,0
3,0,3,0
0,13,13,6
1,0,1,0
0,54,54,85
13,0,13,0
8,0,8,0
1,0,1,0
2,0,2,0
1,0,1,0
2,0,2,0
20,0,20,0
3,0,3,0
0,4,4,1
1,0,1,0
0,181,181,23
0,62,62,14
26,0,26,0
3,0,3,0
2,0,2,0
53,0,53,0
4,0,4,0
1,0,1,0
0,504,504,45
227,0,227,0
2,0,2,0
39,0,39,0
45,0,45,0
4,0,4,0
15,0,15,0
8,0,8,0
42,0,42,0
6,0,6,0
38,0,38,0
0,22,22,4
9,0,9,0
3,0,3,0
1,0,1,0
30,0,30,0
3,0,3,0
33,0,33,0
1,0,1,0
2,0,2,0
6,0,6,0
0,89,89,55
4,0,4,0
0,98,98,23
0,7,7,95
1,0,1,0
3,0,3,0
10,0,10,0
0,1,1,34
1,0,1,0
6,0,6,0
0,5,5,108
0,33,33,0
14,0,14,0
1,0,1,0
19,0,19,0
104,0,104,0
3,0,3,0
3,0,3,0
3,0,3,0
4,0,4,0
72,0,72,0
0,8,8,37
0,2,2,1
1,0,1,0
0,3,3,65
6,0,6,0
53,0,53,0
3,0,3,0
3,0,3,0
0,1,1,20
0,25,25,39
33,0,33,0
10,0,10,0
0,1,1,0
6,0,6,0
8,0,8,0
0,15,15,0
4,0,4,0
0,2,2,15
7,0,7,0
1,0,1,0
2,0,2,0
1,0,1,0
0,12,12,9
2,0,2,0
0,38,38,22
5,0,5,0
1,0,1,0
0,10,10,8
0,1,1,9
13,0,13,0
6,0,6,0
3,0,3,0
1,0,1,0
0,10,10,4
0,7,7,32
0,22,22,5
2,0,2,0
0,200,200,4
2,0,2,0
0,7,7,5
0,2,2,35
2,0,2,0
4,0,4,0
3,0,3,0
29,0,29,0
0,15,15,7
9,0,9,0
0,1,1,10
4,0,4,0
0,211,211,53
203,0,203,0
25,0,25,0
5,0,5,0
2,0,2,0
18,0,18,0
3,0,3,0
1,0,1,0
4,0,4,0
4,0,4,0
2,0,2,0
4,0,4,0
15,0,15,0
5,0,5,0
0,15,15,8
0,9,9,5
14,0,14,0
1,0,1,0
16,0,16,0
7,0,7,0
28,0,28,0
1,0,1,0
0,6,6,89
0,88,88,1
13,0,13,0
4,0,4,0
5,0,5,0
16,0,16,0
8,0,8,0
2,0,2,0
9,0,9,0
0,6,6,3
20,0,20,0
1,0,1,0
0,12,12,48
2,0,2,0
1,0,1,0
0,12,12,73
89,0,89,0
42,0,42,0
19,0,19,0
2,0,2,0
9,0,9,0
2,0,2,0
1,0,1,0
57,0,57,0
4,0,4,0
3,0,3,0
4,0,4,0
0,450,450,36
0,2,2,0
152,0,152,0
2,0,2,0
47,0,47,0
6,0,6,0
1,0,1,0
4,0,4,0
0,3,3,43
1,0,1,0
0,939,939,45
2,0,2,0
2,0,2,0
1,0,1,0
2,0,2,0
0,41,41,16
0,4,4,7
0,9,9,1
1,0,1,0
6,0,6,0
2,0,2,0
9,0,9,0
2,0,2,0
61,0,61,0
31,0,31,0
16,0,16,0
4,0,4,0
0,28,28,12
0,133,133,13
36,0,36,0
6,0,6,0
3,0,3,0
26,0,26,0
0,34,34,13
28,0,28,0
0,3,3,0
0,19,19,34
1,0,1,0
0,106,106,72
6,0,6,0
1,0,1,0
10,0,10,0
0,15,15,266
3,0,3,0
12,0,12,0
0,95,95,20
39,0,39,0
1,0,1,0
11,0,11,0
8,0,8,0
0,149,149,74
9,0,9,0
11,0,11,0
2,0,2,0
4,0,4,0
6,0,6,0
4,0,4,0
5,0,5,0
31,0,31,0
8,0,8,0
10,0,10,0
15,0,15,0
1,0,1,0
20,0,20,0
2,0,2,0
1,0,1,0
10,0,10,0
26,0,26,0
0,38,38,2
64,0,64,0
7,0,7,0
1,0,1,0
0,1,1,9
1,0,1,0
0,2,2,19
10,0,10,0
5,0,5,0
1,0,1,0
1,0,1,0
15,0,15,0
0,69,69,29
97,0,97,0
12,0,12,0
0,1,1,14
5,0,5,0
23,0,23,0
3,0,3,0
33,0,33,0
0,126,126,55
149,0,149,0
0,1,1,39
7,0,7,0
2,0,2,0
0,19,19,34
7,0,7,0
5,0,5,0
3,0,3,0
16,0,16,0
15,0,15,0
5,0,5,0
0,6,6,44
3,0,3,0
0,512,512,101
50,0,50,0
15,0,15,0
2,0,2,0
20,0,20,0
2,0,2,0
0,6,6,42
40,0,40,0
82,0,82,0
2,0,2,0
2,0,2,0
0,28,28,45
10,0,10,0
5,0,5,0
11,0,11,0
20,0,20,0
1,0,1,0
2,0,2,0
0,47,47,8
0,41,41,4
5,0,5,0
0,5,5,8
0,3,3,3
4,0,4,0
24,0,24,0
65,0,65,0
2,0,2,0
15,0,15,0
38,0,38,0
2,0,2,0
6,0,6,0
1,0,1,0
0,18,18,6
0,90,90,47
0,68,68,22
38,0,38,0
18,0,18,0
4,0,4,0
1,0,1,0
5,0,5,0
0,16,16,9
22,0,22,0
2,0,2,0
272,0,272,0
7,0,7,0
5,0,5,0
0,942,942,16
0,14,14,24
20,0,20,0
0,2,2,41
0,44,44,55
0,3,3,12
2,0,2,0
2,0,2,0
1,0,1,0
1,0,1,0
0,12,12,65
0,8,8,2
0,12,12,116
9,0,9,0
6,0,6,0
58,0,58,0
3,0,3,0
0,1,1,4
3,0,3,0
0,19,19,0
8,0,8,0
1,0,1,0
5,0,5,0
4,0,4,0
12,0,12,0
0,6,6,0
0,1,1,15
3,0,3,0
0,3,3,12
56,0,56,0
5,0,5,0
0,71,71,49
24,0,24,0
8,0,8,0
22,0,22,0
2,0,2,0
12,0,12,0
33,0,33,0
1,0,1,0
0,29,29,5
6,0,6,0
12,0,12,0
10,0,10,0
1,0,1,0
49,0,49,0
0,2,2,0
1,0,1,0
37,0,37,0
6,0,6,0
0,15,15,67
0,82,82,2
52,0,52,0
1,0,1,0
0,23,23,12
15,0,15,0
10,0,10,0
16,0,16,0
3,0,3,0
5,0,5,0
0,1,1,93
3,0,3,0
0,7,7,24
6,0,6,0
1,0,1,0
0,143,143,48
2,0,2,0
33,0,33,0
1,0,1,0
4,0,4,0
1,0,1,0
7,0,7,0
34,0,34,0
4,0,4,0
38,0,38,0
3,0,3,0
15,0,15,0
0,7,7,6
43,0,43,0
38,0,38,0
0,5,5,11
10,0,10,0
7,0,7,0
3,0,3,0
3,0,3,0
1,0,1,0
4,0,4,0
9,0,9,0
1,0,1,0
0,6,6,45
36,0,36,0
1,0,1,0
5,0,5,0
0,231,231,38
0,1,1,7
21,0,21,0
4,0,4,0
0,4,4,24
15,0,15,0
1,0,1,0
208,0,208,0
4,0,4,0
12,0,12,0
19,0,19,0
16,0,16,0
0,66,66,10
2,0,2,0
46,0,46,0
51,0,51,0
0,10,10,27
1,0,1,0
1,0,1,0
7,0,7,0
8,0,8,0
4,0,4,0
4,0,4,0
3,0,3,0
4,0,4,0
2,0,2,0
0,8,8,15
2,0,2,0
0,4,4,52
2,0,2,0
0,29,29,30
20,0,20,0
0,6,6,31
26,0,26,0
0,4,4,3
5,0,5,0
0,1,1,25
0,1,1,50
11,0,11,0
4,0,4,0
3,0,3,0
4,0,4,0
0,30,30,18
7,0,7,0
3,0,3,0
3,0,3,0
14,0,14,0
16,0,16,0
0,3,3,35
51,0,51,0
19,0,19,0
1,0,1,0
5,0,5,0
0,552,552,96
10,0,10,0
0,30,30,6
20,0,20,0
0,114,114,4
1,0,1,0
0,2,2,3
177,0,177,0
0,91,91,18
39,0,39,0
2,0,2,0
1,0,1,0
8,0,8,0
0,28,28,26
10,0,10,0
3,0,3,0
0,2,2,15
2,0,2,0
3,0,3,0
1,0,1,0
3,0,3,0
0,7,7,4
2,0,2,0
0,2,2,13
4,0,4,0
0,8,8,4
3,0,3,0
3,0,3,0
0,1,1,9
0,8,8,22
1,0,1,0
0,21,21,6
2,0,2,0
1,0,1,0
0,33,33,9
25,0,25,0
2,0,2,0
0,6,6,20
3,0,3,0
42,0,42,0
1,0,1,0
0,8,8,1
22,0,22,0
1,0,1,0
0,5,5,98
1,0,1,0
4,0,4,0
6,0,6,0
0,1,1,3
10,0,10,0
6,0,6,0
2,0,2,0
0,1,1,16
0,180,180,10
5,0,5,0
1,0,1,0
28,0,28,0
0,3,3,21
32,0,32,0
0,24,24,147
1,0,1,0
13,0,13,0
16,0,16,0
3,0,3,0
0,60,60,89
1,0,1,0
1,0,1,0
29,0,29,0
3,0,3,0
4,0,4,0
75,0,75,0
14,0,14,0
6,0,6,0
2,0,2,0
0,1,1,21
2,0,2,0
10,0,10,0
0,477,477,29
0,2,2,41
10,0,10,0
0,1,1,1
12,0,12,0
0,81,81,5
0,41,41,6
0,1,1,10
1,0,1,0
12,0,12,0
1,0,1,0
9,0,9,0
0,2,2,16
1,0,1,0
1,0,1,0
3,0,3,0
1,0,1,0
2,0,2,0
1,0,1,0
13,0,13,0
8,0,8,0
3,0,3,0
4,0,4,0
15,0,15,0
2,0,2,0
1,0,1,0
1,0,1,0
1,0,1,0
0,15,15,0
2,0,2,0
0,1,1,4
45,0,45,0
0,1,1,3
18,0,18,0
0,12,12,8
1,0,1,0
13,0,13,0
49,0,49,0
12,0,12,0
1,0,1,0
0,64,64,24
13,0,13,0
10,0,10,0
0,2,2,202
0,37,37,14
31,0,31,0
44,0,44,0
0,4,4,15
2,0,2,0
0,90,90,26
1,0,1,0
7,0,7,0
3,0,3,0
23,0,23,0
0,26,26,2
5,0,5,0
1,0,1,0
15,0,15,0
0,3,3,102
0,4,4,27
1,0,1,0
20,0,20,0
4,0,4,0
25,0,25,0
2,0,2,0
5,0,5,0
0,6,6,23
8,0,8,0
36,0,36,0
0,2,2,9
0,4,4,17
2,0,2,0
2,0,2,0
7,0,7,0
1,0,1,0
0,2,2,1
15,0,15,0
0,49,49,82
5,0,5,0
0,3,3,37
213,0,213,0
0,25,25,31
4,0,4,0
0,16,16,32
1,0,1,0
2,0,2,0
0,29,29,5
7,0,7,0
1,0,1,0
11,0,11,0
3,0,3,0
0,145,145,24
2,0,2,0
0,263,263,53
0,1,1,26
9,0,9,0
0,27,27,38
0,6,6,51
0,2,2,2
4,0,4,0
3,0,3,0
0,5,5,3
9,0,9,0
0,50,50,14
2,0,2,0
1,0,1,0
0,3,3,4
0,11,11,49
18,0,18,0
23,0,23,0
1,50,51,54
39,0,39,0
13,0,13,0
23,0,23,0
7,0,7,0
0,6,6,2
1,0,1,0
6,0,6,0
1,0,1,0
1,0,1,0
7,0,7,0
0,1,1,22
1,0,1,0
1,0,1,0
0,2,2,8
1,0,1,0
64,0,64,0
0,65,65,10
0,65,65,33
1,0,1,0
3,0,3,0
0,2,2,4
0,1622,1622,159
3,0,3,0
1,0,1,0
1,0,1,0
0,11,11,1
0,14,14,17
0,273,273,34
9,0,9,0
3,0,3,0
1,0,1,0
1,0,1,0
22,0,22,0
0,7,7,3
1,0,1,0
21,0,21,0
15,0,15,0
1,0,1,0
0,14,14,61
31,0,31,0
27,0,27,0
0,101,101,1
3,0,3,0
1,0,1,0
1,0,1,0
0,68,68,98
960,0,960,0
97,0,97,0
1,0,1,0
2,0,2,0
1,0,1,0
6,0,6,0
0,3,3,25
2,0,2,0
2,0,2,0
1,0,1,0
14,0,14,0
2,0,2,0
12,0,12,0
14,0,14,0
0,2,2,11
0,33,33,71
14,0,14,0
15,0,15,0
17,0,17,0
18,0,18,0
0,66,66,1
3,0,3,0
1,0,1,0
22,0,22,0
1,0,1,0
2,0,2,0
0,114,114,10
2,0,2,0
14,0,14,0
4,0,4,0
6,0,6,0
1,0,1,0
1,0,1,0
5,0,5,0
2,0,2,0
62,0,62,0
30,0,30,0
0,16,16,20
3,0,3,0
0,30,30,5
59,0,59,0
4,0,4,0
8,0,8,0
7,0,7,0
2,0,2,0
4,0,4,0
12,0,12,0
0,708,708,4
0,394,394,4
21,0,21,0
0,41,41,5
9,0,9,0
0,1,1,3
1,0,1,0
4,0,4,0
0,2,2,24
1,0,1,0
0,10,10,7
30,0,30,0
3,0,3,0
3,0,3,0
0,4,4,1
164,0,164,0
15,0,15,0
6,0,6,0
0,10,10,4
3,0,3,0
3,0,3,0
3,0,3,0
4,0,4,0
4,0,4,0
0,4,4,59
3,0,3,0
2,0,2,0
0,1,1,18
1,0,1,0
15,0,15,0
0,9,9,53
7,0,7,0
14,0,14,0
2,0,2,0
16,0,16,0
25,0,25,0
0,6,6,5
20,0,20,0
0,13,13,18
1,0,1,0
2,0,2,0
3,0,3,0
14,0,14,0
6,0,6,0
10,0,10,0
0,92,92,25
5,0,5,0
1,0,1,0
26,0,26,0
0,7,7,18
6,0,6,0
129,0,129,0
0,123,123,41
158,0,158,0
20,0,20,0
1,0,1,0
2,0,2,0
1,0,1,0
7,0,7,0
15,0,15,0
1,0,1,0
0,653,653,33
659,0,659,0
65,0,65,0
0,2,2,12
944,0,944,0
14,0,14,0
11,0,11,0
0,20,20,37
5,0,5,0
0,50,50,3
2,0,2,0
9,0,9,0
13,0,13,0
2,0,2,0
2,0,2,0
0,46,46,12
4,0,4,0
0,17,17,26
9,0,9,0
11,0,11,0
2,0,2,0
16,0,16,0
14,0,14,0
1,0,1,0
0,16,16,10
4,0,4,0
1,0,1,0
2,0,2,0
1,0,1,0
7,0,7,0
2,0,2,0
21,0,21,0
1,0,1,0
0,30,30,53
0,5,5,7
19,0,19,0
0,18,18,11
4,0,4,0
108,0,108,0
0,98,98,19
6,0,6,0
3,0,3,0
16,0,16,0
72,0,72,0
4,0,4,0
0,38,38,26
9,0,9,0
3,0,3,0
1,0,1,0
1,0,1,0
15,0,15,0
1,0,1,0
29,0,29,0
67,0,67,0
0,131,131,40
93,0,93,0
45,0,45,0
2,0,2,0
1,0,1,0
0,88,88,37
0,16,16,2
0,11,11,0
34,0,34,0
0,3,3,20
6,0,6,0
3,0,3,0
13,0,13,0
1,0,1,0
1,0,1,0
0,1,1,5
13,0,13,0
1,0,1,0
12,0,12,0
3,0,3,0
0,366,366,18
2,0,2,0
19,0,19,0
5,0,5,0
2,0,2,0
1,0,1,0
4,0,4,0
45,0,45,0
6,0,6,113
0,137,137,29
3,0,3,0
2,0,2,0
2,0,2,0
22,0,22,0
5,0,5,0
3,0,3,0
6,0,6,0
0,2,2,35
1,0,1,0
2,0,2,0
10,0,10,0
4,0,4,0
0,77,77,27
0,10,10,21
19,0,19,0
12,0,12,0
6,0,6,0
2,0,2,0
2,0,2,0
1,0,1,0
29,0,29,0
6,0,6,0
0,10,10,5
1,0,1,0
0,11,11,15
2,0,2,0
1,0,1,0
0,6,6,126
2,0,2,0
0,6,6,45
26,0,26,0
0,1,1,6
2,0,2,0
3,0,3,0
0,12,12,25
1,0,1,0
24,0,24,0
7,0,7,0
4,0,4,0
7,0,7,0
3,0,3,0
3,0,3,0
10,0,10,0
0,2,2,1
2,0,2,0
0,9,9,5
5,0,5,0
4,0,4,0
0,7,7,6
1,0,1,0
9,0,9,0
5,0,5,0
1,0,1,0
9,0,9,0
2,0,2,0
25,0,25,0
3,0,3,0
30,0,30,0
39,0,39,0
1,0,1,0
327,0,327,0
18,0,18,0
0,77,77,38
6,0,6,0
6,0,6,0
3,0,3,0
1,0,1,0
1,0,1,0
5,0,5,0
1,0,1,0
3,0,3,0
1,0,1,0
1,0,1,0
1,0,1,0
22,0,22,0
1,0,1,0
1,0,1,0
6,0,6,0
17,0,17,0
2,0,2,0
20,0,20,0
2,0,2,0
2,0,2,0
19,0,19,0
2,0,2,0
0,93,93,1
15,0,15,0
20,0,20,0
7,0,7,0
4,0,4,0
11,0,11,0
1,0,1,0
17,0,17,0
0,19,19,3
2,0,2,0
2,0,2,0
0,3,3,7
0,2,2,3
1,0,1,0
0,4,4,30
0,4,4,13
0,1,1,33
0,2,2,66
0,7,7,1
5,0,5,0
0,54,54,0
6,0,6,0
0,1,1,82
152,0,152,0
0,7,7,4
0,5,5,26
0,3,3,12
0,47,47,3
1,0,1,0
0,1,1,2
3,0,3,0
0,26,26,30
0,173,173,16
14,0,14,0
2,0,2,0
19,0,19,0
0,41,41,82
14,0,14,0
9,0,9,0
8,0,8,0
27,0,27,0
17,0,17,0
29,0,29,0
37,0,37,0
38,0,38,0
0,1,1,6
0,4,4,5
5,0,5,0
1,0,1,0
0,31,31,26
3,0,3,0
6,0,6,0
0,2,2,157
3,0,3,0
0,5,5,6
28,0,28,0
2,0,2,0
0,1,1,4
9,0,9,0
1,0,1,0
0,46,46,9
8,0,8,0
0,4,4,6
0,1,1,54
1,0,1,0
0,22,22,20
55,0,55,0
14,0,14,0
189,0,189,0
3,0,3,0
1,0,1,0
11,0,11,0
85,0,85,0
3,0,3,0
0,11,11,23
26,0,26,0
1,0,1,0
9,0,9,0
0,19,19,4
2,0,2,0
4,0,4,0
2,0,2,0
0,1,1,6
3,0,3,0
0,6,6,2
16,0,16,0
0,4,4,0
2,0,2,0
39,0,39,0
0,7,7,22
2,0,2,0
7,0,7,0
2,0,2,0
1,0,1,0
0,29,29,45
0,54,54,14
63,0,63,0
0,1,1,52
23,0,23,0
2,0,2,0
1,0,1,0
0,71,71,21
4,0,4,0
4,0,4,0
0,19,19,17
378,0,378,0
3,0,3,0
0,116,116,32
1,0,1,0
1,0,1,0
3,0,3,0
2,0,2,0
0,7,7,209
176,0,176,0
0,2,2,45
4,0,4,0
3,0,3,0
0,6,6,5
36,0,36,0
5,0,5,0
3,0,3,0
1,0,1,0
3,0,3,0
2,0,2,0
7,0,7,0
1,0,1,0
1,0,1,0
4,0,4,0
0,901,901,34
1,0,1,0
5,0,5,0
2,0,2,0
7,0,7,0
17,0,17,0
3,0,3,0
0,2,2,1
25,0,25,0
15,0,15,0
4,0,4,0
4,0,4,0
1,0,1,0
0,3,3,43
0,8,8,4
10,0,10,0
1,0,1,0
4,0,4,0
1,0,1,0
1,0,1,0
8,0,8,0
120,0,120,0
6,0,6,0
3,0,3,0
3,0,3,0
123,0,123,0
12,0,12,0
3,0,3,0
7,0,7,0
8,0,8,0
14,0,14,0
13,0,13,0
80,0,80,0
51,0,51,0
27,0,27,0
0,15,15,13
9,0,9,0
1,0,1,0
7,0,7,0
0,84,84,13
64,0,64,0
0,24,24,42
2,0,2,0
0,17,17,8
0,35,35,11
124,0,124,0
2,0,2,0
26,0,26,0
1,0,1,0
56,0,56,0
1,0,1,0
1,0,1,0
0,4,4,10
26,0,26,0
12,0,12,0
0,160,160,25
2,0,2,0
1,0,1,0
0,3,3,23
1,0,1,0
9,0,9,0
3,0,3,0
0,132,132,11
71,0,71,0
5,0,5,0
0,3,3,0
12,0,12,0
2,0,2,0
2,0,2,0
0,1,1,0
0,42,42,37
10,0,10,0
0,2,2,2
0,2,2,36
0,2,2,2
44,0,44,0
3,0,3,0
1,0,1,0
3,0,3,0
0,1,1,9
9,0,9,0
1,0,1,0
0,20,20,59
8,0,8,0
2,0,2,0
8,0,8,0
1,0,1,0
0,3,3,19
2,0,2,0
17,0,17,0
0,2,2,2
3,0,3,0
0,23,23,29
25,0,25,0
65,0,65,0
50,0,50,0
0,67,67,43
4,0,4,0
3,0,3,0
2,0,2,0
1,0,1,0
5,0,5,0
0,316,316,15
5,0,5,0
1,0,1,0
0,113,113,1
46,0,46,0
3,0,3,0
20,0,20,0
15,0,15,0
1,0,1,0
0,14,14,36
8,0,8,0
3,0,3,0
0,1,1,60
1,0,1,0
10,0,10,0
0,58,58,8
10,0,10,0
55,0,55,0
1,0,1,0
425,0,425,0
0,5,5,11
3,0,3,0
1,0,1,0
3,0,3,0
2,0,2,0
22,0,22,0
10,0,10,0
1,0,1,0
1,0,1,0
101,0,101,0
100,0,100,0
1,0,1,0
7,0,7,0
4,0,4,0
5,0,5,0
2,0,2,0
0,1,1,15
25,0,25,0
8,0,8,0
1,0,1,0
0,9,9,11
2,0,2,0
1,0,1,0
2,0,2,0
7,0,7,0
24,0,24,0
4,0,4,0
0,395,395,54
0,143,143,68
15,0,15,0
0,6,6,10
0,2,2,84
2,0,2,0
0,10,10,9
1,0,1,0
1,0,1,0
0,3,3,8
0,222,222,63
1,0,1,0
0,1,1,13
0,2,2,58
1,0,1,0
0,12,12,6
1,0,1,0
50,0,50,0
2,0,2,0
0,14,14,6
1,0,1,0
2,0,2,0
0,419,419,24
0,81,81,11
20,0,20,0
1,0,1,0
75,0,75,0
1,0,1,0
55,0,55,0
55,0,55,0
1,0,1,0
0,73,73,38
2,0,2,0
2,0,2,0
3,0,3,0
2,0,2,0
10,0,10,0
0,3,3,17
346,0,346,0
22,0,22,0
1,0,1,0
0,1,1,7
10,0,10,0
0,71,71,4
6,0,6,0
4,0,4,0
9,0,9,0
3,0,3,0
0,11,11,9
23,0,23,0
5,0,5,0
2,0,2,0
1,0,1,0
3,0,3,0
3,0,3,0
6,0,6,0
3,0,3,0
3,0,3,0
0,1,1,11
1,0,1,0
1,0,1,0
5,0,5,0
2,0,2,0
5,0,5,0
5,0,5,0
1,0,1,0
1,0,1,0
0,39,39,37
3,0,3,0
0,25,25,108
4,0,4,0
0,1,1,10
1,0,1,0
3,0,3,0
0,7,7,6
5,0,5,0
2,0,2,0
0,8,8,26
9,0,9,0
1,0,1,0
10,0,10,0
12,0,12,0
7,0,7,0
30,0,30,0
0,2,2,5
48,0,48,0
0,10,10,8
20,0,20,0
0,11,11,7
5,0,5,0
26,0,26,0
2,0,2,0
3,0,3,0
5,0,5,0
15,0,15,0
21,0,21,0
5,0,5,0
0,7,7,1
3,0,3,0
10,0,10,0
6,0,6,0
1,0,1,0
30,0,30,0
0,1609,1609,17
1,0,1,0
0,5,5,2
5,0,5,0
1,0,1,0
6,0,6,0
0,69,69,9
1,0,1,0
0,2,2,7
1,0,1,0
8,0,8,0
29,0,29,0
0,62,62,25
4,0,4,0
1,0,1,0
3,0,3,0
1,0,1,0
0,24,24,4
16,0,16,0
0,3,3,1
4,0,4,0
2,0,2,0
0,79,79,24
16,0,16,0
6,0,6,0
2,0,2,0
2,0,2,0
0,17,17,7
3,0,3,0
0,5,5,4
1,0,1,0
26,0,26,0
115,0,115,0
31,0,31,0
1,0,1,0
1,0,1,0
9,0,9,0
7,0,7,0
0,4,4,18
19,0,19,0
2,0,2,0
0,4,4,8
7,0,7,0
0,10,10,0
4,0,4,0
16,0,16,0
4,0,4,0
8,0,8,0
50,0,50,0
0,30,30,33
6,0,6,0
9,0,9,0
4,0,4,0
4,0,4,0
11,0,11,0
4,0,4,0
0,17,17,0
1,0,1,0
0,142,142,69
44,0,44,0
1,0,1,0
6,0,6,0
12,0,12,0
188,0,188,0
11,0,11,0
0,2,2,27
3,0,3,0
2,0,2,0
0,4,4,3
6,0,6,0
4,0,4,0
3,0,3,0
3,0,3,0
4,0,4,0
5,0,5,0
1,0,1,0
1,0,1,0
0,4,4,12
6,0,6,0
1,0,1,0
7,0,7,0
65,0,65,0
0,115,115,4
121,0,121,0
1,0,1,0
0,295,295,59
11,0,11,0
0,13,13,1
1,0,1,0
1,0,1,0
1,0,1,0
0,61,61,13
26,0,26,0
15,0,15,0
4,0,4,0
7,0,7,0
1,0,1,0
5,0,5,0
0,17,17,25
4,0,4,0
1,0,1,0
0,63,63,42
1,0,1,0
3,0,3,0
10,0,10,0
63,0,63,0
65,0,65,0
0,17,17,57
0,1,1,87
0,56,56,69
53,0,53,0
2,0,2,0
30,0,30,0
2,0,2,0
2,0,2,0
0,38,38,27
0,247,247,61
0,6,6,2
1,0,1,0
8,0,8,0
21,0,21,0
42,0,42,0
4,0,4,0
1,0,1,0
4,0,4,0
0,2,2,2
0,339,339,84
5,0,5,0
3,0,3,0
5,0,5,0
0,1,1,147
97,0,97,0
1,0,1,0
1,0,1,0
2,0,2,0
3,0,3,0
4,0,4,0
1,0,1,0
0,2,2,16
0,16,16,31
0,8,8,14
4,0,4,0
1,0,1,0
0,30,30,21
6,0,6,0
0,54,54,6
0,3,3,3
4,0,4,0
86,0,86,0
1,0,1,0
2,0,2,0
0,43,43,39
27,0,27,0
2,0,2,0
4,0,4,0
0,10,10,37
25,0,25,0
0,22,22,12
4,0,4,0
2,0,2,0
0,10,10,8
8,0,8,0
1,0,1,0
1,0,1,0
14,0,14,0
1,0,1,0
4,0,4,0
0,11,11,15
1,0,1,0
6,0,6,0
0,1,1,2
6,0,6,0
3,0,3,0
7,0,7,0
10,0,10,0
0,2,2,42
11,0,11,0
0,15,15,22
5,0,5,0
1,0,1,0
0,55,55,17
36,0,36,0
0,42,42,26
0,2,2,41
0,7,7,10
0,336,336,50
2,0,2,0
3,0,3,0
1,0,1,0
2,0,2,0
2,0,2,0
0,314,314,31
44,0,44,0
19,0,19,0
1,0,1,0
21,0,21,0
6,0,6,0
2,0,2,0
0,20,20,0
8,0,8,0
3,0,3,0
15,0,15,0
2,0,2,0
0,10,10,5
0,33,33,7
14,0,14,0
0,1,1,4
0,13,13,22
8,0,8,0
21,0,21,0
130,0,130,0
0,2,2,55
0,2,2,10
0,2,2,7
10,0,10,0
1,0,1,0
0,3,3,4
69,0,69,0
131,0,131,0
1,0,1,0
4,0,4,0
70,0,70,0
38,0,38,0
7,0,7,0
5,0,5,0
1,0,1,0
4,0,4,0
1,0,1,0
165,0,165,0
2,0,2,0
2,0,2,0
21,0,21,0
8,0,8,0
0,13,13,57
5,0,5,0
33,0,33,0
2,0,2,0
4,0,4,0
9,0,9,0
3,0,3,0
1,0,1,0
29,0,29,0
0,5,5,12
1,0,1,0
31,0,31,0
0,3,3,5
0,35,35,19
1,0,1,0
1,0,1,0
0,2,2,0
28,0,28,0
5,0,5,0
3,0,3,0
3,0,3,0
0,3,3,13
0,4,4,46
19,0,19,0
4,0,4,0
2,0,2,0
1,0,1,0
71,0,71,0
16,0,16,0
16,0,16,0
0,3,3,1
1,0,1,0
29,0,29,0
0,70,70,11
71,0,71,0
0,47,47,1
27,0,27,0
2,0,2,0
25,0,25,0
0,29,29,17
10,0,10,0
0,85,85,51
0,220,220,67
8,0,8,0
10,0,10,0
2,0,2,0
1,0,1,0
1,0,1,0
17,0,17,0
0,64,64,31
25,0,25,0
0,8,8,72
9,0,9,0
0,2,2,1
0,3,3,7
18,0,18,0
0,56,56,9
32,0,32,0
8,0,8,0
25,0,25,0
3,0,3,0
259,0,259,0
0,2,2,0
3,0,3,0
0,31,31,16
0,42,42,35
2,0,2,0
2,0,2,0
9,0,9,0
0,2,2,13
2,0,2,0
1,0,1,0
1,0,1,0
7,0,7,0
0,1,1,5
0,399,399,117
0,112,112,1
7,0,7,0
0,106,106,11
0,8,8,8
2,0,2,0
0,3,3,20
0,45,45,52
5,0,5,0
9,0,9,0
3,0,3,0
6,0,6,0
2,0,2,0
16,0,16,0
7,0,7,0
51,0,51,0
23,0,23,0
23,0,23,0
0,1,1,28
1,0,1,0
2,0,2,0
2,0,2,0
0,3,3,4
4,0,4,0
1,0,1,0
1,0,1,0
0,6,6,3
2,0,2,0
29,0,29,0
0,2,2,11
2,0,2,0
4,0,4,0
8,0,8,0
98,0,98,0
0,18,18,32
3,0,3,0
13,0,13,0
2,0,2,0
0,15,15,18
3,0,3,0
0,228,228,50
0,35,35,51
9,0,9,0
98,0,98,0
8,0,8,0
143,0,143,0
1,0,1,0
0,3,3,26
0,19,19,16
2,0,2,0
13,0,13,0
8,0,8,0
0,24,24,21
6,0,6,0
39,0,39,0
1,0,1,0
4,0,4,0
34,0,34,0
0,2,2,41
19,0,19,0
2,0,2,0
1,0,1,0
5,0,5,0
1,0,1,0
15,0,15,0
11,0,11,0
0,22,22,25
6,0,6,0
2,0,2,0
232,0,232,0
0,12,12,9
8,0,8,0
2,0,2,0
2,0,2,0
16,0,16,0
0,25,25,2
118,0,118,0
46,0,46,0
0,9,9,27
0,30,30,5
14,0,14,0
4,0,4,0
1,0,1,0
11,0,11,0
10,0,10,0
0,2,2,0
0,1,1,15
0,6,6,3
15,0,15,0
37,0,37,0
0,147,147,4
25,0,25,0
0,45,45,60
50,0,50,0
0,16,16,0
4,0,4,0
5,0,5,0
17,0,17,0
307,0,307,0
24,0,24,0
1,0,1,0
1,0,1,0
7,0,7,0
21,0,21,0
1,0,1,0
0,1,1,99
2,0,2,0
28,0,28,0
3,0,3,0
0,9,9,6
1,0,1,0
1,0,1,0
0,2,2,2
47,0,47,0
29,0,29,0
0,34,34,82
30,0,30,0
8,0,8,0
4,0,4,0
1,0,1,0
0,4,4,246
73,0,73,0
2,0,2,0
0,313,313,23
0,3,3,26
6,0,6,0
28,0,28,0
10,0,10,0
7,0,7,0
1,0,1,0
4,0,4,0
1,0,1,0
0,1,1,0
1,0,1,0
5,0,5,0
0,22,22,34
6,0,6,0
0,13,13,46
2,0,2,0
1,0,1,0
0,19,19,2
2,0,2,0
5,0,5,0
0,2,2,0
0,63,63,25
6,0,6,0
2,0,2,0
2,0,2,0
14,0,14,0
6,0,6,0
7,0,7,0
0,17,17,10
1,0,1,0
2,0,2,0
4,0,4,0
0,14,14,90
13,0,13,0
3,0,3,0
0,8,8,11
2,0,2,0
6,0,6,0
4,0,4,0
4,0,4,0
1,0,1,0
4,0,4,0
1,0,1,0
0,3,3,14
2769,0,2769,0
0,5,5,6
3,0,3,0
265,0,265,0
2,0,2,0
3,0,3,0
7,0,7,0
14,0,14,0
1,0,1,0
2,0,2,0
1,0,1,0
1,0,1,0
0,10,10,22
1,0,1,0
15,0,15,0
21,0,21,0
4,0,4,0
0,9,9,2
11,0,11,0
0,4,4,3
0,139,139,1
0,149,149,14
127,0,127,0
2,0,2,0
1,0,1,0
10,0,10,0
29,0,29,0
18,0,18,0
0,4,4,30
1,0,1,0
1,0,1,0
0,4,4,11
1,0,1,0
0,20,20,10
4,0,4,0
10,0,10,0
0,3,3,12
0,5,5,20
0,36,36,84
21,0,21,0
81,0,81,0
5,0,5,0
4,0,4,0
1,0,1,0
0,10,10,10
1,0,1,0
8,0,8,0
3,0,3,0
5,0,5,0
0,55,55,72
5,0,5,0
8,0,8,0
2,0,2,0
8,0,8,0
6,0,6,0
2,0,2,0
22,0,22,0
0,3,3,5
1,0,1,0
0,78,78,33
79,0,79,0
1,0,1,0
9,0,9,0
1,0,1,0
8,0,8,0
2,0,2,0
7,0,7,0
1,0,1,0
0,6,6,14
0,4,4,41
2,0,2,0
8,0,8,0
2,0,2,0
4,0,4,0
259,0,259,0
0,11,11,25
0,2,2,14
2,0,2,0
1,0,1,0
21,0,21,0
0,3,3,0
0,2,2,12
1,0,1,0
0,11,11,7
1,0,1,0
9,0,9,0
16,0,16,0
39,0,39,0
17,0,17,0
2,0,2,0
1,0,1,0
1,0,1,0
0,657,657,30
2,0,2,0
0,1,1,9
7,0,7,0
2,0,2,0
5,0,5,0
1,0,1,0
5,0,5,0
74,0,74,0
0,115,115,360
13,0,13,0
4,0,4,0
6,0,6,0
1,0,1,0
0,4,4,2
1,0,1,0
11,0,11,0
0,1,1,9
8,0,8,0
0,2,2,1
9,0,9,0
2,0,2,0
2,0,2,0
0,9,9,4
1,0,1,0
7,0,7,0
5,0,5,0
74,0,74,0
2,0,2,0
5,0,5,0
1,0,1,0
2,0,2,0
3,0,3,0
21,0,21,0
0,3,3,2
8,0,8,0
1,0,1,0
0,1,1,29
2,0,2,0
0,17,17,28
2,0,2,0
1,0,1,0
6,0,6,0
0,2,2,9
1,0,1,0
7,0,7,0
9,0,9,0
0,35,35,6
0,5,5,1
4,0,4,0
1,0,1,0
1,0,1,0
0,2,2,10
4,0,4,0
9,0,9,0
4,0,4,0
0,2,2,3
3,0,3,0
2,0,2,0
0,26,26,2
3,0,3,0
3,0,3,0
9,0,9,0
1,0,1,0
0,3,3,19
1,0,1,0
4,0,4,0
110,0,110,0
0,11,11,5
3,0,3,0
15,0,15,0
0,7,7,2
4,0,4,0
0,6,6,17
555,0,555,0
0,419,419,22
0,1,1,12
26,0,26,0
6,0,6,0
0,5,5,9
0,5,5,0
29,0,29,0
2,0,2,0
261,0,261,0
0,150,150,18
0,1,1,1
3,0,3,0
1,0,1,0
2,0,2,0
0,2,2,0
4,0,4,0
1,0,1,0
9,0,9,0
4,0,4,0
0,19,19,0
3,0,3,0
56,0,56,0
6,0,6,0
4,0,4,0
38,0,38,0
40,0,40,0
1,0,1,0
1,0,1,0
14,0,14,0
3,0,3,0
0,2,2,27
2,0,2,0
3,0,3,0
1,0,1,0
1,0,1,0
6,0,6,0
58,0,58,0
10,0,10,0
0,1,1,3
16,0,16,0
0,148,148,20
204,0,204,0
2,0,2,0
1,0,1,0
6,0,6,0
5,0,5,0
0,1,1,1
8,0,8,0
1,0,1,0
0,305,305,47
2,0,2,0
13,0,13,0
1,0,1,0
9,0,9,0
357,0,357,0
0,12,12,6
0,24,24,3
0,1,1,4
0,62,62,5
4,0,4,0
0,37,37,1
34,0,34,0
0,20,20,6
3,0,3,0
0,3,3,3
1,0,1,0
92,0,92,0
0,32,32,3
0,2,2,6
5,0,5,0
0,103,103,31
0,1,1,82
1,0,1,0
0,2,2,2
9,0,9,0
3,0,3,0
2,0,2,0
0,1,1,70
2,0,2,0
29,0,29,0
4,0,4,0
6,0,6,0
49,0,49,0
17,0,17,0
2,0,2,0
11,0,11,0
0,147,147,56
27,0,27,0
5,0,5,0
7,0,7,0
0,4,4,1
0,1,1,45
61,0,61,0
1,0,1,0
1,0,1,0
2,0,2,0
0,219,219,17
5,0,5,0
10,0,10,0
1,0,1,0
0,24,24,28
3,0,3,0
6,0,6,0
6,0,6,0
1,0,1,0
3,0,3,0
4,0,4,0
4,0,4,0
11,0,11,0
0,2,2,5
12,0,12,0
96,0,96,0
2,0,2,0
59,0,59,0
7,0,7,0
15,0,15,0
1,0,1,0
2,0,2,0
0,135,135,19
0,2,2,11
3,0,3,0
0,14,14,5
31,0,31,0
0,1,1,29
2,0,2,0
34,0,34,0
17,0,17,0
0,3,3,29
10,0,10,0
0,30,30,51
3,0,3,0
0,2,2,4
0,1,1,68
2,0,2,0
1,0,1,0
1,0,1,0
8,0,8,0
16,0,16,0
0,8,8,23
5,0,5,0
26,0,26,0
20,0,20,0
6,0,6,0
6,0,6,0
0,2,2,1
0,7,7,26
3,0,3,0
6,0,6,0
17,0,17,0
1,0,1,0
0,5,5,21
1,0,1,0
40,0,40,0
1,0,1,0
0,30,30,102
0,8,8,32
2,0,2,0
2,0,2,0
57,0,57,0
0,26,26,101
1,0,1,0
0,1,1,1
1,0,1,0
4,0,4,0
6,0,6,0
0,3,3,2
1,0,1,0
4,0,4,0
0,89,89,8
1,0,1,0
4,0,4,0
0,1,1,128
0,8,8,15
2,0,2,0
19,0,19,0
3,0,3,0
0,1,1,0
3,0,3,0
1,0,1,0
0,13,13,19
0,13,13,21
8,0,8,0
0,2,2,1
21,0,21,0
3,0,3,0
2,0,2,0
8,0,8,0
16,0,16,0
1,0,1,0
7,0,7,0
9,0,9,0
3,0,3,0
1,0,1,0
0,86,86,67
2,0,2,0
2,0,2,0
0,29,29,28
17,0,17,0
12,0,12,0
0,13,13,2
3,0,3,0
8,0,8,0
13,0,13,0
5,0,5,0
2,0,2,0
7,0,7,0
6,0,6,0
7,0,7,0
9,0,9,0
2,0,2,0
108,0,108,0
0,4,4,9
1,0,1,0
0,2,2,33
0,40,40,4
10,0,10,0
1,0,1,0
6,0,6,0
22,0,22,0
4,0,4,0
1,0,1,0
3,0,3,0
5,0,5,0
3,0,3,0
7,0,7,0
15,0,15,0
154,0,154,0
0,30,30,39
1,0,1,0
85,0,85,0
0,2,2,1
2,0,2,0
0,5,5,6
2,0,2,0
5,0,5,0
1,0,1,0
1,0,1,0
3,0,3,0
4,0,4,0
1,0,1,0
1,0,1,0
6,0,6,0
11,0,11,0
1,0,1,0
106,0,106,0
3,0,3,0
1,0,1,0
4,0,4,0
1,0,1,0
2,0,2,0
2,0,2,0
63,0,63,0
2,0,2,0
0,186,186,66
1,0,1,0
1,0,1,0
0,112,112,4
1,0,1,0
2,0,2,0
42,0,42,0
12,0,12,0
0,5,5,48
3,0,3,0
0,82,82,263
9,0,9,0
33,0,33,0
0,10,10,57
10,0,10,0
1,0,1,0
14,0,14,0
4,0,4,0
0,1,1,2
3,0,3,0
0,15,15,2
5,0,5,0
4,0,4,0
4,0,4,0
27,0,27,0
4,0,4,0
4,0,4,0
66,0,66,0
0,6,6,43
1,0,1,0
0,27,27,18
11,0,11,0
0,12,12,20
43,0,43,0
2,0,2,0
6,0,6,0
4,0,4,0
0,27,27,9
1,0,1,0
2,0,2,0
0,10,10,3
15,0,15,0
5,0,5,0
10,0,10,0
0,25,25,10
11,0,11,0
1,0,1,0
1,0,1,0
0,4,4,10
142,0,142,0
7,0,7,0
1,0,1,0
10,0,10,0
208,0,208,0
9,0,9,0
0,25,25,40
1,0,1,0
1,0,1,0
429,0,429,0
0,2,2,0
0,9,9,32
5,0,5,0
7,0,7,0
646,0,646,0
0,174,174,19
56,0,56,0
0,12,12,3
0,7,7,8
1,0,1,0
19,0,19,0
14,0,14,0
6,0,6,0
19,0,19,0
0,128,128,9
4,0,4,0
91,0,91,0
4,0,4,0
7,0,7,0
5,0,5,0
0,84,84,4
33,0,33,0
1,0,1,0
1,0,1,0
1,0,1,0
0,10,10,0
18,0,18,0
1,0,1,0
0,1,1,1
93,0,93,0
0,24,24,5
0,4,4,0
1,0,1,0
0,3,3,31
1,0,1,0
1,0,1,0
34,0,34,0
5,0,5,0
1,0,1,0
0,12,12,0
9,0,9,0
2,0,2,0
0,3,3,187
40,0,40,0
5,0,5,0
1,0,1,0
7,0,7,0
1,0,1,0
0,1,1,19
17,0,17,0
0,1153,1153,24
2,0,2,0
4,0,4,0
9,0,9,0
1,0,1,0
4,0,4,0
0,20,20,14
0,21,21,4
22,0,22,0
0,4,4,0
1,0,1,0
68,0,68,0
4,0,4,0
17,0,17,0
51,0,51,0
1,0,1,0
0,11,11,3
2,0,2,0
0,87,87,32
1,0,1,0
4,0,4,0
0,16,16,110
14,0,14,0
2,0,2,0
0,11,11,16
129,0,129,0
5,0,5,0
1,0,1,0
2,0,2,0
0,12,12,21
1,0,1,0
2,0,2,0
2,0,2,0
1,0,1,0
2,0,2,0
4,0,4,0
8,0,8,0
0,15,15,11
11,0,11,0
1,0,1,0
0,4,4,18
0,9,9,1
0,1,1,83
24,0,24,0
0,2,2,17
3,0,3,0
0,61,61,10
10,0,10,0
0,223,223,9
0,12,12,22
3,0,3,0
2,0,2,0
1,0,1,0
0,19,19,0
12,0,12,0
0,2,2,9
6,0,6,0
0,1,1,0
15,0,15,0
5,0,5,0
0,24,24,6
0,115,115,2
1,0,1,0
9,0,9,0
1,0,1,0
1,0,1,0
0,4,4,25
1,0,1,0
0,3,3,33
76,0,76,0
3,0,3,0
4,0,4,0
0,18,18,10
5,0,5,0
3,0,3,0
3,0,3,0
1,0,1,0
2,0,2,0
0,7,7,5
3,0,3,0
2,0,2,0
6,0,6,0
45,0,45,0
3,0,3,0
0,6,6,92
1,0,1,0
0,41,41,0
0,9,9,17
120,0,120,0
7,0,7,0
25,0,25,0
1,0,1,0
1,0,1,0
16,0,16,0
0,1,1,14
4,0,4,0
4,0,4,0
1,0,1,0
1,0,1,0
17,0,17,0
0,9,9,2
0,3,3,8
1,0,1,0
1,0,1,0
0,15,15,82
109,0,109,0
7,0,7,0
26,0,26,0
35,0,35,0
0,54,54,10
16,0,16,0
3,0,3,0
2,0,2,0
6,0,6,0
11,0,11,0
2,0,2,0
4,0,4,0
5,0,5,0
0,1,1,156
0,7,7,7
0,1,1,2
8,0,8,0
3,0,3,0
10,0,10,0
0,4,4,4
0,50,50,5
99,0,99,0
37,0,37,0
5,0,5,0
2,0,2,0
3,0,3,0
0,63,63,38
37,0,37,0
2,0,2,0
33,0,33,0
2,0,2,0
4,0,4,0
0,212,212,94
3,0,3,0
2,0,2,0
1,0,1,0
0,6,6,11
1,0,1,0
0,126,126,54
50,0,50,0
1,0,1,0
3,0,3,0
1,0,1,0
5,0,5,0
135,0,135,0
20,0,20,0
188,0,188,0
10,0,10,0
0,3,3,2
1,0,1,0
25,0,25,0
1,0,1,0
40,0,40,0
93,0,93,0
2,0,2,0
0,2,2,2
3,0,3,0
29,0,29,0
4,0,4,0
1,0,1,0
0,22,22,55
3,0,3,0
15,0,15,0
1,0,1,0
0,23,23,21
359,0,359,0
21,0,21,0
1,0,1,0
0,3,3,2
18,0,18,0
0,2,2,1
24,0,24,0
0,40,40,58
5,0,5,0
3,0,3,0
1,0,1,0
0,1,1,0
20,0,20,0
4,0,4,0
3,0,3,0
2,0,2,0
0,10,10,11
10,0,10,0
27,0,27,0
2,0,2,0
8,0,8,0
26,0,26,0
3,0,3,0
0,6,6,4
2,0,2,0
2,0,2,0
4,0,4,0
4,0,4,0
24,0,24,0
1,0,1,0
6,0,6,0
0,209,209,119
0,331,331,43
2,0,2,0
0,39,39,22
0,1,1,42
1,0,1,0
0,31,31,18
0,341,341,40
0,13,13,44
15,0,15,0
0,1,1,2
10,0,10,0
1,0,1,0
1,0,1,0
4,0,4,0
5,0,5,0
72,0,72,0
2,0,2,0
14,0,14,0
10,0,10,0
1,0,1,0
0,7,7,3
3,0,3,0
1,0,1,0
9,0,9,0
1,0,1,0
5,0,5,0
1,0,1,0
1,0,1,0
2,0,2,0
0,1,1,6
3,0,3,0
0,3,3,2
2,0,2,0
0,2,2,66
19,0,19,0
1,0,1,0
0,61,61,9
1,0,1,0
0,136,136,13
0,5,5,2
0,4,4,15
4,0,4,0
0,207,207,1
1,0,1,0
0,9,9,15
18,0,18,0
9,0,9,0
22,0,22,0
0,13,13,151
5,0,5,0
4,0,4,0
1,0,1,0
44,0,44,0
11,0,11,0
10,0,10,0
0,1,1,3
5,0,5,0
0,80,80,23
6,0,6,0
4,0,4,0
0,11,11,1
98,0,98,0
1,0,1,0
4,0,4,0
0,18,18,35
0,4,4,22
0,4,4,7
1,0,1,0
8,0,8,0
2,0,2,0
0,6,6,2
7,0,7,0
0,3,3,144
5,0,5,0
1,0,1,0
0,22,22,55
0,1,1,129
21,0,21,0
0,5,5,3
4,0,4,0
0,3,3,6
0,33,33,48
17,0,17,0
10,0,10,0
0,16,16,61
2,0,2,0
0,15,15,130
9,0,9,0
95,0,95,0
8,0,8,0
0,7,7,4
0,26,26,36
1,0,1,0
0,62,62,3
0,18,18,13
3,0,3,0
32,0,32,0
33,0,33,0
8,0,8,0
0,9,9,14
0,1,1,2
3,0,3,0
1,0,1,0
0,24,24,40
2,0,2,0
3,0,3,0
61,0,61,0
1,0,1,0
5,0,5,0
1,0,1,0
4,0,4,0
59,0,59,0
1,0,1,0
0,2,2,42
0,1,1,18
6,0,6,0
0,41,41,7
23,0,23,0
2,0,2,0
3,0,3,0
1,0,1,0
1,0,1,0
19,0,19,0
19,0,19,0
15,0,15,0
0,42,42,56
120,0,120,0
7,0,7,0
0,12,12,3
3,0,3,0
7,0,7,0
0,12,12,25
0,2,2,24
36,0,36,0
0,1,1,21
4,0,4,0
1,0,1,0
1,0,1,0
6,0,6,0
3,0,3,0
0,171,171,3
20,0,20,0
25,0,25,0
0,22,22,7
5,0,5,0
2,0,2,0
8,0,8,0
4,0,4,0
1,0,1,0
0,1,1,96
0,1,1,2
0,35,35,25
0,33,33,31
1,0,1,0
34,0,34,0
1,0,1,0
1,0,1,0
1,0,1,0
1,0,1,0
8,0,8,0
0,119,119,50
0,121,121,44
6,0,6,0
3,0,3,0
15,0,15,0
5,0,5,0
3,0,3,0
10,0,10,0
0,18,18,7
11,0,11,0
3,0,3,0
1,0,1,0
0,2,2,0
9,0,9,0
1,0,1,0
0,3,3,0
4,0,4,0
11,0,11,0
0,1,1,7
2,0,2,0
0,23,23,8
0,87,87,49
7,0,7,0
2,0,2,0
1,0,1,0
34,0,34,0
2,0,2,0
0,62,62,37
13,0,13,0
4,0,4,0
2,0,2,0
11,0,11,0
2,0,2,0
24,0,24,0
3,0,3,0
294,0,294,0
0,11,11,5
5,0,5,0
1,0,1,0
17,0,17,0
10,0,10,0
0,4,4,7
8,0,8,0
4,0,4,0
5,0,5,0
1,0,1,0
16,0,16,0
5,0,5,0
1,0,1,0
78,0,78,0
2,0,2,0
1,2,3,0
0,3,3,4
46,0,46,0
1,0,1,0
0,8,8,19
3,0,3,0
9,0,9,0
0,27,27,4
1,0,1,0
34,0,34,0
10,0,10,0
120,0,120,0
2,0,2,0
0,29,29,82
15,0,15,0
0,2,2,2
0,28,28,48
20,0,20,0
2,0,2,0
0,6,6,19
5,0,5,0
0,17,17,26
1,0,1,0
3,0,3,0
0,38,38,5
16,0,16,0
12,0,12,0
0,284,284,5
0,4,4,2
4,0,4,0
1,0,1,0
1,0,1,0
29,0,29,0
2,0,2,0
4,0,4,0
1,0,1,0
23,0,23,0
2,0,2,0
2,0,2,0
4,0,4,0
2,0,2,0
0,217,217,28
121,0,121,0
2,0,2,0
1,0,1,0
3,0,3,0
0,19,19,5
1,0,1,0
4,0,4,0
0,6,6,23
0,33,33,52
36,0,36,0
5,0,5,0
1,0,1,0
12,0,12,0
7,0,7,0
1,0,1,0
6,0,6,0
5,0,5,0
5,0,5,0
8,0,8,0
0,41,41,13
18,0,18,0
12,0,12,0
36,0,36,0
1,0,1,0
5,0,5,0
94,0,94,0
89,0,89,0
0,10,10,21
0,8,8,12
58,0,58,0
0,6,6,12
8,0,8,0
0,2,2,11
2,0,2,0
2,0,2,0
10,0,10,0
0,1,1,10
0,29,29,21
0,11,11,4
0,1,1,5
6,0,6,0
6,0,6,0
26,0,26,0
7,0,7,0
24,0,24,0
0,113,113,27
107,0,107,0
1,0,1,0
0,3,3,46
14,0,14,0
0,3,3,31
1,0,1,0
0,113,113,25
0,18,18,2
8,0,8,0
3,0,3,0
1,0,1,0
3,0,3,0
9,0,9,0
8,0,8,0
9,0,9,0
0,1,1,10
0,3,3,82
13,0,13,0
3,0,3,0
2,0,2,0
2,0,2,0
0,76,76,1
3,0,3,0
8,0,8,0
2,0,2,0
0,8,8,3
5,0,5,0
4,0,4,0
0,1,1,2
0,1,1,12
2,0,2,0
4,0,4,0
3,0,3,0
8,0,8,0
0,24,24,18
19,0,19,0
17,0,17,0
1,0,1,0
1,0,1,0
11,0,11,0
0,6,6,2
2,0,2,0
1,0,1,0
0,23,23,49
1,0,1,0
1,0,1,0
5,0,5,0
0,53,53,48
3,0,3,0
7,0,7,0
2,0,2,0
1,0,1,0
1,0,1,0
3,0,3,0
181,0,181,0
26,0,26,0
0,126,126,12
1,0,1,0
3,0,3,0
3,0,3,0
3,0,3,0
0,14,14,76
8,0,8,0
5,0,5,0
35,0,35,0
3,0,3,0
96,0,96,0
35,0,35,0
1,0,1,0
136,0,136,0
0,8,8,42
0,5,5,48
3,0,3,0
1,0,1,0
5,0,5,0
6,0,6,0
0,6,6,74
0,4,4,12
17,0,17,0
0,4,4,5
15,0,15,0
1,0,1,0
12,0,12,0
0,103,103,6
1,0,1,0
0,6,6,5
5,0,5,0
1,0,1,0
0,5,5,38
2,0,2,0
1,0,1,0
2,0,2,0
1,0,1,0
0,21,21,22
5,0,5,0
5,0,5,0
3,0,3,0
1,0,1,0
3,0,3,0
0,7,7,4
1,0,1,0
17,0,17,0
0,494,494,57
0,152,152,42
0,13,13,2
11,0,11,0
4,0,4,0
2,0,2,0
17,0,17,0
0,1,1,79
1,0,1,0
0,10,10,1
1,0,1,0
1,0,1,0
6,0,6,0
0,8,8,31
2,0,2,0
49,0,49,0
0,4,4,101
7,0,7,0
3,0,3,0
2,0,2,0
3,0,3,0
0,5,5,22
2,0,2,0
1,0,1,0
30,0,30,0
12,0,12,0
34,0,34,0
1,0,1,0
1,0,1,0
1,0,1,0
1,0,1,0
3,0,3,0
7,0,7,0
0,1,1,5
0,15,15,8
2,0,2,0
3,0,3,0
0,7,7,16
99,0,99,0
1,0,1,0
13,0,13,0
1,0,1,0
2,0,2,0
4,0,4,0
30,0,30,0
0,11,11,15
1,0,1,0
2,0,2,0
0,5,5,35
155,0,155,0
3,0,3,0
9,0,9,0
0,2,2,16
0,280,280,109
260,0,260,0
3,0,3,0
31,0,31,0
2,0,2,0
1,0,1,0
0,3,3,1
5,0,5,0
16,0,16,0
6,0,6,0
29,0,29,0
3,0,3,0
14,0,14,0
1,0,1,0
17,0,17,0
1,0,1,0
2,0,2,0
3,0,3,0
7,0,7,0
3,0,3,0
3,0,3,0
0,74,74,1
1,0,1,0
1,0,1,0
1,0,1,0
191,0,191,0
2,0,2,0
0,14,14,12
0,15,15,0
0,5,5,107
3,0,3,0
2,0,2,0
0,393,393,16
1,0,1,0
380,0,380,0
0,67,67,28
0,15,15,0
0,42,42,29
1,0,1,0
1,0,1,0
2,0,2,0
1,0,1,0
4,0,4,0
1,0,1,0
5,0,5,0
2,0,2,0
4,0,4,0
1,0,1,0
0,4,4,52
1,0,1,0
151,0,151,0
0,18,18,30
0,33,33,21
0,48,48,44
3,0,3,0
0,5,5,16
0,148,148,101
2,0,2,0
0,3,3,274
116,0,116,0
0,8,8,5
11,0,11,0
0,5,5,5
12,0,12,0
0,2,2,25
4,0,4,0
3,0,3,0
0,19,19,2
94,0,94,0
0,2,2,8
11,0,11,0
14,0,14,0
3,0,3,0
2,0,2,0
5,0,5,0
5,0,5,0
16,0,16,0
1,0,1,0
2,0,2,0
100,0,100,0
1,0,1,0
76,0,76,0
1,0,1,0
1,0,1,0
32,0,32,0
67,0,67,0
39,0,39,0
5,0,5,0
18,0,18,0
11,0,11,0
0,3,3,7
8,0,8,0
10,0,10,0
56,0,56,0
0,199,199,6
1,0,1,0
77,0,77,0
2,0,2,0
1,0,1,0
13,0,13,0
1,0,1,0
4,0,4,0
3,0,3,0
6,0,6,0
13,0,13,0
2,0,2,0
228,0,228,0
0,88,88,17
6,0,6,0
2,0,2,0
45,0,45,0
6,0,6,0
2,0,2,0
17,0,17,0
0,58,58,59
15,0,15,0
5,0,5,0
15,0,15,0
1,0,1,0
3,0,3,0
2,0,2,0
1,0,1,0
29,0,29,0
1,0,1,0
27,0,27,0
1,0,1,0
0,20,20,5
2,0,2,0
1,0,1,0
1,0,1,0
2,0,2,0
1,0,1,0
12,0,12,0
2,0,2,0
10,0,10,0
3,0,3,0
4,0,4,0
0,10,10,2
0,11,11,92
3,0,3,0
95,0,95,0
1,0,1,0
4,0,4,0
3,0,3,0
0,7,7,33
11,0,11,0
22,0,22,0
32,0,32,0
3,0,3,0
0,7,7,5
3,0,3,0
103,0,103,0
8,0,8,0
1,0,1,0
9,0,9,0
1,0,1,0
0,7,7,18
1,0,1,0
0,2,2,17
1,0,1,0
10,0,10,0
0,173,173,27
0,3,3,0
5,0,5,0
1,0,1,0
4,67,71,59
57,0,57,0
11,0,11,0
147,0,147,0
1,0,1,0
0,6,6,3
8,0,8,0
0,6,6,134
0,2,2,16
4,0,4,0
1,0,1,0
0,29,29,12
5,0,5,0
0,225,225,42
1,0,1,0
0,22,22,84
1,0,1,0
7,0,7,0
1,0,1,0
126,0,126,0
0,3,3,36
0,80,80,118
7,0,7,0
0,5,5,33
4,0,4,0
1,0,1,0
4,0,4,0
35,0,35,0
3,0,3,0
1,0,1,0
25,0,25,0
1,0,1,0
0,80,80,26
2,0,2,0
2,0,2,0
1,0,1,0
0,3,3,6
23,0,23,0
4,0,4,0
5,0,5,0
9,0,9,0
3,0,3,0
3,0,3,0
11,0,11,0
13,0,13,0
2,0,2,0
0,2,2,12
1,0,1,0
3,0,3,0
0,297,297,2
2,0,2,0
0,37,37,14
6,0,6,0
4,0,4,0
3,0,3,0
7,0,7,0
1,0,1,0
1,0,1,0
0,1,1,35
2,0,2,0
4,0,4,0
24,0,24,0
1,0,1,0
107,0,107,0
1,0,1,0
0,5,5,1
2,0,2,0
5,0,5,0
5,0,5,0
0,44,44,0
26,0,26,0
1,0,1,0
2,0,2,0
4,0,4,0
1,0,1,0
3,0,3,0
0,7,7,7
0,5,5,6
1,0,1,0
0,1,1,22
53,0,53,0
0,9,9,3
0,5,5,15
0,35,35,0
1,0,1,0
0,6,6,5
4,0,4,0
11,0,11,0
3,0,3,0
4,0,4,0
110,0,110,0
1,0,1,0
2,0,2,0
0,21,21,87
1,0,1,0
1,0,1,0
2,0,2,0
2,0,2,0
2,0,2,0
2,0,2,0
0,4,4,6
10,0,10,0
2,0,2,0
0,5,5,31
27,0,27,0
7,0,7,0
0,53,53,15
2,0,2,0
1,0,1,0
27,0,27,0
2,0,2,0
0,3,3,50
0,6,6,22
0,68,68,19
236,0,236,0
1,0,1,0
0,4,4,2
0,52,52,18
8,0,8,0
358,0,358,0
0,112,112,66
24,0,24,0
0,77,77,69
1,0,1,0
16,0,16,0
0,13,13,12
1,0,1,0
166,0,166,0
0,4,4,115
0,21,21,10
2,0,2,0
23,0,23,0
0,1,1,32
11,0,11,0
0,5,5,0
35,0,35,0
1,0,1,0
192,0,192,0
0,14,14,14
13,0,13,0
0,142,142,41
26,0,26,0
6,0,6,0
1,0,1,0
10,0,10,0
2,0,2,0
48,0,48,0
3,0,3,0
0,20,20,1
64,0,64,0
220,0,220,0
0,2,2,11
2,0,2,0
1,0,1,0
0,1,1,33
1,0,1,0
1,0,1,0
0,3,3,11
1,0,1,0
21,0,21,0
1,0,1,0
0,2,2,7
13,0,13,0
3,0,3,0
1,0,1,0
3,0,3,0
167,0,167,0
1,0,1,0
2,0,2,0
1,0,1,0
0,123,123,12
1,0,1,0
0,24,24,0
1,0,1,0
3,0,3,0
0,1,1,58
6,0,6,0
12,0,12,0
12,0,12,0
33,0,33,0
15,0,15,0
0,21,21,3
2,0,2,0
12,0,12,0
1,0,1,0
0,24,24,0
49,0,49,0
2,0,2,0
0,11,11,4
8,0,8,0
10,0,10,0
4,0,4,0
10,0,10,0
12,0,12,0
0,1,1,36
3,0,3,0
10,0,10,0
3,0,3,0
1,0,1,0
5,0,5,0
8,0,8,0
0,1,1,14
6,0,6,0
0,23,23,5
12,0,12,0
8,0,8,0
0,2,2,0
4,0,4,0
2,0,2,0
1,0,1,0
60,0,60,0
1,0,1,0
0,30,30,29
4,0,4,0
4,0,4,0
0,8,8,4
197,0,197,0
0,3,3,1
3,0,3,0
3,0,3,0
3,0,3,0
19,0,19,0
2,0,2,0
7,0,7,0
3,0,3,0
9,0,9,0
0,113,113,7
3,0,3,0
1,0,1,0
4,0,4,0
3,0,3,0
14,0,14,0
1,0,1,0
0,13,13,5
4,0,4,0
4,0,4,0
6,0,6,0
0,3,3,6
4,0,4,0
0,8,8,18
0,2,2,7
8,0,8,0
0,48,48,4
2,0,2,0
4,0,4,0
1,0,1,0
1,0,1,0
0,91,91,10
0,9,9,11
1,0,1,0
4,0,4,0
0,37,37,49
2,0,2,0
0,7,7,8
6,0,6,0
0,86,86,11
0,4,4,20
2,0,2,0
18,0,18,0
0,1,1,7
71,0,71,0
1,0,1,0
1,0,1,0
1,0,1,0
0,1,1,52
0,2,2,8
2,0,2,0
1,0,1,0
3,0,3,0
2,0,2,0
7,0,7,0
1,0,1,0
3,0,3,0
11,0,11,0
1,0,1,0
2,0,2,0
6,0,6,0
3,0,3,0
0,2,2,17
1,0,1,0
1,0,1,0
19,0,19,0
3,0,3,0
6,0,6,0
22,0,22,0
5,0,5,0
5,0,5,0
0,68,68,44
0,33,33,27
5,0,5,0
2,0,2,0
29,0,29,0
2,0,2,0
3,0,3,0
16,0,16,0
1,0,1,0
3,0,3,0
6,0,6,0
0,6,6,2
2,0,2,0
4,0,4,0
49,0,49,0
4,0,4,0
1,0,1,0
3,0,3,0
25,0,25,0
0,47,47,16
3,0,3,0
6,0,6,0
0,12,12,32
7,0,7,0
7,0,7,0
3,0,3,0
12,0,12,0
0,4,4,53
12,0,12,0
3,0,3,0
0,9,9,12
1,0,1,0
0,18,18,23
4,0,4,0
2,0,2,0
8,0,8,0
2,0,2,0
7,0,7,0
0,34,34,60
1,0,1,0
3,0,3,0
3,0,3,0
7,0,7,0
1,0,1,0
0,55,55,7
1,0,1,0
1,0,1,0
27,0,27,0
8,0,8,0
2,0,2,0
0,4,4,2
244,0,244,0
21,0,21,0
2,0,2,0
8,0,8,0
0,28,28,0
2,0,2,0
3,0,3,0
0,3,3,5
209,0,209,0
0,5,5,103
2,0,2,0
4,0,4,0
1,0,1,0
2,0,2,0
5,0,5,0
0,5,5,0
10,0,10,0
0,25,25,6
0,42,42,5
0,1,1,3
1,0,1,0
1,0,1,0
19,0,19,0
3,0,3,0
0,3,3,19
1,0,1,0
1,0,1,0
0,14,14,4
1,0,1,0
13,0,13,0
13,0,13,0
14,0,14,0
0,4,4,45
4,0,4,0
0,59,59,79
2,0,2,0
4,0,4,0
0,1,1,30
0,2,2,6
7,0,7,0
3,0,3,0
53,0,53,0
3,0,3,0
7,0,7,0
1,0,1,0
0,9,9,0
7,0,7,0
3,0,3,0
7,0,7,0
1,0,1,0
0,1,1,0
7,0,7,0
0,6,6,3
1,0,1,0
889,0,889,0
27,0,27,0
1,0,1,0
0,1,1,13
4,0,4,0
26,0,26,0
3,0,3,0
3,0,3,0
3,0,3,0
1,0,1,0
3,0,3,0
6,0,6,0
2,0,2,0
32,0,32,0
3,0,3,0
1,0,1,0
0,9,9,13
4,0,4,0
0,2,2,16
20,0,20,0
2,0,2,0
8,0,8,0
5,0,5,0
0,19,19,4
0,1,1,29
21,0,21,0
2,0,2,0
2,0,2,0
1,0,1,0
0,130,130,25
0,123,123,52
0,13,13,12
2,0,2,0
2,0,2,0
21,0,21,0
1,0,1,0
2,0,2,0
0,30,30,16
16,0,16,0
0,1,1,3
7,0,7,0
0,2,2,64
11,0,11,0
11,0,11,0
0,1,1,1
1,0,1,0
23,0,23,0
2,0,2,0
2,0,2,0
0,13,13,50
0,3,3,42
1,0,1,0
0,21,21,73
2,0,2,0
1,0,1,0
4,0,4,0
0,163,163,9
3,0,3,0
32,0,32,0
1,0,1,0
1,0,1,0
19,0,19,0
1,0,1,0
0,2,2,12
10,0,10,0
0,11,11,7
1,0,1,0
5,0,5,0
3,0,3,0
0,6,6,12
1,0,1,0
2,0,2,0
1,0,1,0
2,0,2,0
44,0,44,0
2,0,2,0
1,0,1,0
0,6,6,71
0,80,80,16
5,0,5,0
4,0,4,0
2,0,2,0
1,0,1,0
0,7,7,6
2,0,2,0
2,0,2,0
0,16,16,1
2,0,2,0
0,13,13,14
13,0,13,0
1,0,1,0
0,3,3,4
49,0,49,0
11,0,11,0
0,1,1,0
4,0,4,0
50,0,50,0
0,2,2,25
48,0,48,0
0,1,1,58
2,0,2,0
16,0,16,0
1,0,1,0
3,0,3,0
0,150,150,48
2,0,2,0
5,0,5,0
18,0,18,0
23,0,23,0
3,0,3,0
0,66,66,87
2,0,2,0
8,0,8,0
0,2,2,2
3,0,3,0
0,1,1,30
1,0,1,0
0,47,47,61
2,0,2,0
3,0,3,0
1,0,1,0
5,0,5,0
4,0,4,0
16,0,16,0
2,0,2,0
0,4,4,5
1,0,1,0
1,0,1,0
7,0,7,0
1,0,1,0
4,0,4,0
2,0,2,0
0,29,29,235
5,0,5,0
1,0,1,0
4,0,4,0
0,12,12,22
25,0,25,0
7,0,7,0
8,0,8,0
2,0,2,0
3,0,3,0
22,0,22,0
1,0,1,0
15,0,15,0
8,0,8,0
2,0,2,0
1,0,1,0
22,0,22,0
0,12,12,3
0,7,7,16
81,0,81,0
6,0,6,0
12,0,12,0
0,6,6,22
0,4,4,14
3,0,3,0
3,0,3,0
8,0,8,0
1,0,1,0
0,43,43,13
1,0,1,0
8,0,8,0
15,0,15,0
33,0,33,0
5,0,5,0
16,0,16,0
2,0,2,0
19,0,19,0
0,206,206,42
1,0,1,0
0,55,55,68
1,0,1,0
0,12,12,23
0,1,1,19
0,3,3,1
1,0,1,0
17,0,17,0
1,0,1,0
54,0,54,0
4,0,4,0
4,0,4,0
3,0,3,0
3,0,3,1
30,0,30,0
0,1,1,0
0,5,5,26
3,0,3,0
2,0,2,0
5,0,5,0
32,0,32,0
7,0,7,0
0,3,3,38
25,0,25,0
9,0,9,0
1,0,1,0
0,236,236,6
1,0,1,0
2,0,2,0
1,0,1,0
8,0,8,0
4,0,4,0
22,0,22,0
2,0,2,0
2,0,2,0
4,0,4,0
0,32,32,42
25,0,25,0
606,0,606,0
0,2,2,7
1,0,1,0
1,0,1,0
2,0,2,0
4,0,4,0
6,0,6,0
5,0,5,0
1,0,1,0
8,0,8,0
0,1,1,0
15,0,15,0
0,13,13,1
0,38,38,75
107,0,107,0
0,548,548,35
240,0,240,0
6,0,6,0
34,0,34,0
132,0,132,0
10,0,10,0
5,0,5,0
1,0,1,0
0,5,5,11
1,0,1,0
0,118,118,22
57,0,57,0
18,0,18,0
0,8,8,19
2,0,2,0
5,0,5,0
5,0,5,0
2,0,2,0
17,0,17,0
4,0,4,0
0,4,4,54
11,0,11,0
131,0,131,0
18,0,18,0
0,19,19,7
15,0,15,0
17,0,17,0
0,1,1,19
44,0,44,0
0,102,102,9
2,0,2,0
0,11,11,10
13,0,13,0
2,0,2,0
4,0,4,0
1,0,1,0
0,4,4,20
6,0,6,0
0,32,32,24
1,0,1,0
0,46,46,4
3,0,3,0
3,0,3,0
1,0,1,0
0,11,11,20
20,0,20,0
2,0,2,0
0,21,21,5
1,0,1,0
0,16,16,8
10,0,10,0
1,0,1,0
12,0,12,0
2,0,2,0
12,0,12,0
777,0,777,0
16,0,16,0
0,8,8,8
0,1,1,126
11,0,11,0
1,0,1,0
0,5,5,1
6,0,6,0
0,3,3,43
0,42,42,21
116,0,116,0
3,0,3,0
8,0,8,0
6,0,6,0
1,0,1,0
0,4,4,8
0,318,318,24
0,6,6,5
2,0,2,0
2,0,2,0
2,0,2,0
6,0,6,0
6,0,6,0
6,0,6,0
10,0,10,0
12,0,12,0
2,0,2,0
2,0,2,0
0,12,12,4
0,5,5,0
8,0,8,0
0,4,4,118
7,0,7,0
0,4,4,2
9,0,9,0
9,0,9,0
0,2,2,4
3,0,3,0
14,0,14,0
2,0,2,0
0,1,1,50
125,0,125,0
6,0,6,0
1,0,1,0
1,0,1,0
5,0,5,0
3,0,3,0
0,56,56,24
0,18,18,29
0,18,18,23
0,30,30,6
0,1,1,69
0,114,114,6
6,0,6,0
4,0,4,0
0,13,13,8
15,0,15,0
7,0,7,0
1,0,1,0
1,0,1,0
3,0,3,0
0,27,27,0
0,1049,1049,44
0,46,46,35
0,4,4,14
2,0,2,0
0,19,19,24
4,0,4,0
16,0,16,0
7,0,7,0
0,18,18,77
14,0,14,0
6,0,6,0
0,5,5,63
1,0,1,0
0,7,7,14
9,0,9,0
0,4,4,6
81,0,81,0
16,0,16,0
0,6,6,11
7,0,7,0
7,0,7,0
0,15,15,8
0,10,10,37
0,1,1,52
0,19,19,8
5,0,5,0
40,0,40,0
436,0,436,0
0,35,35,3
29,0,29,0
0,5,5,16
1,0,1,0
8,0,8,0
1,0,1,0
18,0,18,0
12,0,12,0
0,554,554,164
0,1,1,57
10,0,10,0
0,163,163,38
68,0,68,0
2,0,2,0
1,0,1,0
0,62,62,27
25,0,25,0
3,0,3,0
8,0,8,0
0,61,61,33
0,216,216,1
7,0,7,0
0,6,6,31
0,6,6,3
0,4,4,69
10,0,10,0
0,5,5,10
130,0,130,0
0,6,6,48
0,18,18,32
0,10,10,10
2,0,2,0
0,12,12,12
3,0,3,0
0,6,6,17
1,0,1,0
13,0,13,0
0,26,26,2
2,0,2,0
10,0,10,0
59,0,59,0
0,52,52,32
0,91,91,118
74,0,74,0
0,1,1,1
1,0,1,0
0,59,59,47
1,0,1,0
0,52,52,142
1,0,1,0
2,0,2,0
9,0,9,0
1,0,1,0
1,0,1,0
5,0,5,0
5,0,5,0
0,10,10,4
9,0,9,0
12,0,12,0
0,129,129,31
0,1,1,23
1,0,1,0
31,0,31,0
1,0,1,0
1,0,1,0
0,80,80,206
1,0,1,0
1,0,1,0
648,0,648,0
1,0,1,0
10,0,10,0
0,1,1,3
4,0,4,0
2,0,2,0
0,5,5,93
0,1,1,30
0,76,76,54
0,7,7,3
4,0,4,0
2,0,2,0
95,0,95,0
0,11,11,192
1,0,1,0
25,0,25,0
4,0,4,0
2,0,2,0
36,0,36,0
7,0,7,0
2,0,2,0
5,0,5,0
6,0,6,0
3,0,3,0
0,3,3,116
56,0,56,0
2,0,2,0
10,0,10,0
4,0,4,0
14,0,14,0
14,0,14,0
9,0,9,0
9,0,9,0
1,0,1,0
0,12,12,6
2,0,2,0
4,0,4,0
0,42,42,79
49,0,49,0
0,3,3,2
0,2,2,19
1,0,1,0
17,0,17,0
5,0,5,0
2,0,2,0
1,0,1,0
2,0,2,0
0,12,12,13
1,0,1,0
0,48,48,2
67,0,67,0
19,0,19,0
91,0,91,0
2,0,2,0
7,0,7,0
3,0,3,0
0,3,3,39
20,0,20,0
27,0,27,0
1,0,1,0
6,0,6,0
6,0,6,0
2,0,2,0
5,0,5,0
59,0,59,0
1,0,1,0
15,0,15,0
2,0,2,0
0,78,78,4
12,0,12,0
0,3,3,21
0,34,34,0
3,0,3,0
3,0,3,0
1,0,1,0
3,0,3,0
2,0,2,0
4,0,4,0
0,18,18,8
2,0,2,0
0,1,1,10
6,0,6,0
3,0,3,0
0,108,108,25
8,0,8,0
0,1,1,48
299,0,299,0
0,4,4,10
7,0,7,0
0,264,264,15
0,6,6,17
2,0,2,0
0,105,105,64
5,0,5,0
7,0,7,0
2,0,2,0
0,250,250,81
74,0,74,0
24,0,24,0
2,0,2,0
0,7,7,2
3,0,3,0
0,8,8,18
2,0,2,0
4,0,4,0
10,0,10,0
0,5,5,0
60,0,60,0
7,0,7,0
0,27,27,35
11,0,11,0
1,0,1,0
0,25,25,22
2,0,2,0
0,26,26,15
63,0,63,0
0,1,1,3
11,0,11,0
0,2,2,54
0,69,69,21
0,20,20,20
34,0,34,0
3,0,3,0
2,0,2,0
4,0,4,0
2,0,2,0
5,0,5,0
0,49,49,27
3,0,3,0
0,4,4,26
7,0,7,0
20,0,20,0
1,0,1,0
0,5,5,62
1,0,1,0
0,2,2,25
0,3,3,12
13,0,13,0
12,0,12,0
0,32,32,0
1,0,1,0
20,0,20,0
0,12,12,38
0,87,87,6
55,0,55,0
5,0,5,0
0,10,10,1
1,0,1,0
1,0,1,0
3,0,3,0
1,0,1,0
1,0,1,0
2,0,2,0
11,0,11,0
1,0,1,0
1,0,1,0
26,0,26,0
0,58,58,10
3,0,3,0
15,0,15,0
1,0,1,0
0,28,28,15
9,0,9,0
0,79,79,21
0,1,1,0
2,0,2,0
18,0,18,0
1,0,1,0
1,0,1,0
5,0,5,0
0,270,270,20
114,0,114,0
5,0,5,0
0,1,1,0
0,32,32,15
6,0,6,0
0,1,1,10
3,0,3,0
0,56,56,59
0,2,2,4
4,0,4,0
2,0,2,0
3,0,3,0
0,21,21,24
2,0,2,0
6,0,6,0
0,1,1,2
2,0,2,0
0,7,7,16
30,0,30,0
1,0,1,0
0,1,1,1
1,0,1,0
0,46,46,6
3,0,3,0
1,0,1,0
0,209,209,38
1,0,1,0
174,0,174,0
41,0,41,0
3,0,3,0
2,0,2,0
186,0,186,0
19,0,19,0
2,0,2,0
0,130,130,21
30,0,30,0
0,44,44,45
5,0,5,0
0,3,3,4
0,2,2,9
3,0,3,0
61,0,61,0
0,1,1,1
2,0,2,0
0,10,10,7
12,0,12,0
1,0,1,0
0,8,8,30
2,0,2,0
1,0,1,0
0,60,60,3
0,3,3,7
7,0,7,0
0,1,1,4
8,0,8,0
6,0,6,0
3,0,3,0
0,13,13,10
0,4,4,0
0,6,6,13
3,0,3,0
1,0,1,0
1,0,1,0
1,0,1,0
0,3,3,5
5,0,5,0
0,4,4,3
1,0,1,0
2,0,2,0
1,0,1,0
4,0,4,0
0,5,5,0
2,0,2,0
3,0,3,0
8,0,8,0
83,0,83,0
10,0,10,0
1,0,1,0
0,2,2,0
1,0,1,0
0,421,421,194
1,0,1,0
1,0,1,0
3,0,3,0
0,4,4,0
2,0,2,0
0,1,1,0
0,8,8,5
0,33,33,0
0,1,1,0
18,0,18,0
0,3,3,21
3,0,3,0
33,0,33,0
0,2,2,4
1,0,1,0
4,0,4,0
0,31,31,10
0,23,23,34
2,0,2,0
14,0,14,0
1,0,1,0
68,0,68,0
0,3,3,3
2,0,2,0
0,26,26,17
4,0,4,0
2,0,2,0
0,113,113,41
5,0,5,0
2,0,2,0
3,0,3,0
5,0,5,0
13,0,13,0
0,2,2,23
3,0,3,0
40,0,40,0
0,1,1,2
1,0,1,0
2,0,2,0
2,0,2,0
0,1,1,6
0,33,33,40
0,4,4,32
2,0,2,0
2,0,2,0
8,0,8,0
29,0,29,0
3,0,3,0
11,0,11,0
0,3,3,11
1,0,1,0
0,8,8,13
1,0,1,0
13,0,13,0
2,0,2,0
8,0,8,0
15,0,15,0
0,67,67,101
42,0,42,0
1,0,1,0
1,0,1,0
38,0,38,0
1,0,1,0
1,0,1,0
1,0,1,0
0,434,434,38
5,0,5,0
1,0,1,0
1,0,1,0
0,1,1,4
31,0,31,0
4,0,4,0
7,0,7,0
2,0,2,0
14,0,14,0
12,0,12,0
0,1,1,0
43,0,43,0
1,0,1,0
1,0,1,0
1,0,1,0
0,8,8,38
8,0,8,0
0,69,69,47
20,0,20,0
3,0,3,0
1,0,1,0
0,13,13,2
2,0,2,0
4,0,4,0
3,0,3,0
1,0,1,0
7,0,7,0
2,0,2,0
4,0,4,0
0,39,39,5
4,0,4,0
0,1,1,23
0,10,10,0
9,0,9,0
10,0,10,0
16,0,16,0
3,0,3,0
1,0,1,0
0,85,85,26
1,0,1,0
3,0,3,0
2,0,2,0
15,0,15,0
6,0,6,0
2,0,2,0
10,0,10,0
2,0,2,0
0,2,2,74
7,0,7,0
0,52,52,45
3,0,3,0
4,0,4,0
572,0,572,0
0,2,2,1
2,0,2,0
36,0,36,0
3,0,3,0
0,13,13,12
5,0,5,0
5,0,5,0
2,0,2,0
1,0,1,0
198,0,198,0
1,0,1,0
0,6,6,10
224,0,224,0
1,0,1,0
5,0,5,0
3,0,3,0
1,0,1,0
2,0,2,0
2,0,2,0
0,38,38,9
2,0,2,0
0,1,1,25
7,0,7,0
2,0,2,0
0,102,102,7
3,0,3,0
1,0,1,0
0,4,4,84
6,0,6,0
1,0,1,0
2,0,2,0
2,0,2,0
3,0,3,0
44,0,44,0
4,0,4,0
1,0,1,0
0,2,2,1
18,0,18,0
295,0,295,0
128,0,128,0
22,0,22,0
13,0,13,0
2,0,2,0
0,15,15,37
0,233,233,19
0,112,112,11
3,0,3,0
6,0,6,0
1,0,1,0
0,479,479,66
434,0,434,0
0,60,60,64
8,0,8,0
0,1,1,8
1,0,1,0
0,31,31,33
0,3,3,15
2,0,2,0
0,12,12,0
2,0,2,0
16,0,16,0
5,0,5,0
11,0,11,0
18,0,18,0
16,0,16,0
3,0,3,0
0,2,2,0
4,0,4,0
7,0,7,0
1,0,1,0
0,8,8,43
1,0,1,0
3,0,3,0
8,0,8,0
2,0,2,0
0,1,1,0
0,79,79,31
4,0,4,0
0,218,218,19
0,4,4,18
0,7,7,6
0,264,264,34
1,0,1,0
3,0,3,0
7,0,7,0
12,0,12,0
2,0,2,0
354,0,354,0
1,0,1,0
0,57,57,27
9,0,9,0
2,0,2,0
0,2,2,3
36,0,36,0
11,0,11,0
0,3,3,3
73,0,73,0
44,0,44,0
0,94,94,66
26,0,26,0
2,0,2,0
16,0,16,0
1,0,1,0
0,1,1,9
1,0,1,0
8,0,8,0
6,0,6,0
4,0,4,0
0,16,16,10
1,0,1,0
2,0,2,0
13,0,13,0
0,3,3,26
3,0,3,0
0,23,23,12
1,0,1,0
72,0,72,0
0,3,3,4
0,26,26,8
2,0,2,0
1,0,1,0
2,0,2,0
1,0,1,0
13,0,13,0
1,0,1,0
0,2,2,7
70,0,70,0
1,0,1,0
5,0,5,0
2,0,2,0
1,0,1,0
2,0,2,0
1,0,1,0
0,7,7,1
24,0,24,0
4,0,4,0
0,20,20,11
57,0,57,0
4,0,4,0
2,0,2,0
0,39,39,1
0,7,7,3
0,5,5,0
72,0,72,0
12,0,12,0
4,0,4,0
2,0,2,0
0,13,13,0
16,0,16,0
96,0,96,0
26,0,26,0
14,0,14,0
4,0,4,0
2,0,2,0
0,1,1,1
11,0,11,0
8,0,8,0
1,0,1,0
3,0,3,0
0,575,575,32
3,0,3,0
7,0,7,0
0,18,18,17
9,0,9,0
37,0,37,0
98,0,98,0
1,0,1,0
2,0,2,0
3,0,3,0
9,0,9,0
13,0,13,0
15,0,15,0
3,0,3,0
0,3,3,114
131,0,131,0
10,0,10,0
4,0,4,0
2,0,2,0
1,0,1,0
1,0,1,0
45,0,45,0
0,3,3,6
2,0,2,0
0,4,4,8
0,216,216,38
4,0,4,0
6,0,6,0
1,0,1,0
2,0,2,0
2,0,2,0
6,0,6,0
20,0,20,0
76,0,76,0
2,0,2,0
1,0,1,0
0,2,2,45
0,2,2,3
0,74,74,54
3,0,3,0
26,0,26,0
0,394,394,8
210,0,210,0
13,0,13,0
4,0,4,0
1,0,1,0
8,0,8,0
3,0,3,0
6,0,6,0
0,9,9,3
1,0,1,0
10,0,10,0
0,2,2,0
5,0,5,0
0,2,2,3
1,0,1,0
7,0,7,0
2,0,2,0
3,0,3,0
1,0,1,0
3,56,59,56
1,0,1,0
2,0,2,0
12,0,12,0
1,0,1,0
5,0,5,0
8,0,8,0
0,2,2,15
0,4,4,0
2,0,2,0
2,0,2,0
0,121,121,15
0,1,1,0
1,0,1,0
7,0,7,0
1,0,1,0
1,0,1,0
2,0,2,0
218,0,218,0
0,4,4,3
1,0,1,0
0,39,39,15
0,14,14,11
26,0,26,0
0,59,59,129
60,0,60,0
1,0,1,0
1,0,1,0
3,0,3,0
0,20,20,20
24,0,24,0
5,0,5,0
5,0,5,0
1,0,1,0
1,0,1,0
1,0,1,0
0,16,16,7
19,0,19,0
9,0,9,0
0,41,41,25
2,0,2,0
2,0,2,0
0,484,484,137
445,0,445,0
0,6,6,15
0,8,8,1
7,0,7,0
8,0,8,0
2,0,2,0
1,0,1,0
0,8,8,9
0,2,2,2
9,0,9,0
1,0,1,0
1,0,1,0
2,0,2,0
3,0,3,0
1,0,1,0
2,0,2,0
0,2,2,6
60,0,60,0
7,0,7,0
32,0,32,0
0,35,35,1
1,0,1,0
7,0,7,0
1,0,1,0
1,0,1,0
8,0,8,0
0,22,22,3
10,0,10,0
12,0,12,0
4,0,4,0
0,5,5,6
0,217,217,87
0,16,16,107
3,0,3,0
0,2,2,2
0,12,12,17
5,0,5,0
153,0,153,0
3,0,3,0
0,74,74,49
1,0,1,0
0,12,12,27
6,0,6,0
5,0,5,0
0,9,9,3
15,0,15,0
4,0,4,0
8,0,8,0
1,0,1,0
2,0,2,0
28,0,28,0
16,0,16,0
5,0,5,0
5,0,5,0
13,0,13,0
1,0,1,0
1,0,1,0
0,163,163,31
3,0,3,0
4,0,4,0
7,0,7,0
10,0,10,0
10,0,10,0
4,0,4,0
30,0,30,0
0,2,2,1
2,0,2,0
0,3,3,7
1,0,1,0
22,0,22,0
1,0,1,0
1,0,1,0
0,1,1,26
0,6,6,2
14,0,14,0
0,156,156,12
2,0,2,0
1,0,1,0
1,0,1,0
1,0,1,0
2,0,2,0
10,0,10,0
24,0,24,0
0,24,24,39
0,38,38,29
1,0,1,0
0,13,13,21
6,0,6,0
28,0,28,0
63,0,63,0
0,3,3,8
5,0,5,0
89,0,89,0
1,0,1,0
1,0,1,0
1,0,1,0
1,0,1,0
0,58,58,2
13,0,13,0
2,0,2,0
2,0,2,0
3,0,3,0
4,0,4,0
0,33,33,10
1,0,1,0
3,0,3,0
1,0,1,0
0,16,16,9
7,0,7,0
25,0,25,0
1,0,1,0
0,68,68,88
9,0,9,0
7,0,7,0
3,0,3,0
0,39,39,17
42,0,42,0
2,0,2,0
10,0,10,0
1,0,1,0
3,0,3,0
2,0,2,0
1,0,1,0
1,0,1,0
0,4,4,76
0,9,9,2
1,0,1,0
1,0,1,0
8,0,8,0
0,1,1,64
20,0,20,0
1,0,1,0
8,0,8,0
1,0,1,0
1,0,1,0
9,0,9,0
5,0,5,0
25,0,25,0
24,0,24,0
34,0,34,0
1,0,1,0
2,0,2,0
4,0,4,0
21,0,21,0
30,0,30,0
16,0,16,0
5,0,5,0
0,2,2,17
15,0,15,0
1,0,1,0
1,0,1,0
7,0,7,0
3,0,3,0
0,150,150,7
0,2,2,25
26,0,26,0
2,0,2,0
0,213,213,13
0,5,5,8
3,0,3,0
0,74,74,23
1,0,1,0
5,0,5,0
3,0,3,0
239,0,239,0
0,5,5,3
0,368,368,41
201,0,201,0
7,0,7,0
7,0,7,0
0,11,11,7
3,0,3,0
1,0,1,0
2,0,2,0
4,0,4,0
0,3,3,30
7,0,7,0
4,0,4,0
20,0,20,0
17,0,17,0
7,0,7,0
21,0,21,0
6,0,6,0
2,0,2,0
2,0,2,0
1,0,1,0
1,0,1,0
0,3,3,6
8,0,8,0
0,186,186,67
0,9,9,14
1,0,1,0
20,0,20,0
0,213,213,63
9,0,9,0
0,161,161,2
163,0,163,0
16,0,16,0
4,0,4,0
0,5,5,16
3,0,3,0
0,6,6,2
4,0,4,0
1,0,1,0
2,0,2,0
0,8,8,0
4,0,4,0
12,0,12,0
0,12,12,39
0,14,14,31
2,0,2,0
0,6,6,22
1,0,1,0
7,0,7,0
1,0,1,0
187,0,187,0
10,0,10,0
2,0,2,0
95,0,95,0
0,7,7,12
0,5,5,36
0,10,10,4
0,1,1,4
2,0,2,0
10,0,10,0
8,0,8,0
4,0,4,0
0,2,2,1
15,0,15,0
2,0,2,0
2,0,2,0
2,0,2,0
2,0,2,0
9,0,9,0
0,11,11,1
60,0,60,0
0,133,133,106
3,0,3,0
3,0,3,0
4,0,4,0
0,1,1,15
1,0,1,0
0,2,2,33
2,0,2,0
0,1,1,0
2,0,2,0
7,0,7,0
89,0,89,0
1,0,1,0
3,0,3,0
0,16,16,25
5,0,5,0
0,36,36,19
17,0,17,0
5,0,5,0
23,0,23,0
23,0,23,0
1,0,1,0
0,32,32,25
0,1,1,30
2,0,2,0
0,1,1,63
6,0,6,0
4,0,4,0
20,0,20,0
17,0,17,0
32,0,32,0
1,0,1,0
2,0,2,0
0,42,42,20
6,0,6,0
3,0,3,0
11,0,11,0
1,0,1,0
2,0,2,0
2,0,2,0
72,0,72,0
5,0,5,0
0,5,5,8
7,0,7,0
3,0,3,0
1,0,1,0
1,0,1,0
10,0,10,0
2,0,2,0
0,6,6,7
0,9,9,32
240,0,240,0
0,11,11,27
1,0,1,0
2,0,2,0
8,0,8,0
54,0,54,0
0,320,320,68
3,0,3,0
0,15,15,21
1,0,1,0
3,0,3,0
33,0,33,0
3,0,3,0
1,0,1,0
0,6,6,9
9,0,9,0
5,0,5,0
0,11,11,3
6,0,6,0
3,0,3,0
7,0,7,0
0,784,784,9
0,4,4,1
0,198,198,12
0,36,36,27
4,0,4,0
8,0,8,0
3,0,3,0
0,6,6,7
12,0,12,0
4,0,4,0
3,0,3,0
0,42,42,9
59,0,59,0
1,0,1,0
3,0,3,0
146,0,146,0
0,6,6,2
3,0,3,0
1,0,1,0
1,0,1,0
3,0,3,0
3,0,3,0
1,0,1,0
22,0,22,0
0,36,36,23
4,0,4,0
46,0,46,0
1,0,1,0
3,0,3,0
2,0,2,0
24,0,24,0
5,0,5,0
22,0,22,0
1,0,1,0
0,6,6,52
5,0,5,0
20,0,20,0
11,0,11,0
1,0,1,0
0,1,1,0
0,32,32,72
32,0,32,0
0,19,19,31
135,0,135,0
3,0,3,0
3,0,3,0
6,0,6,0
3,0,3,0
68,0,68,0
0,3,3,0
4,0,4,0
22,0,22,0
0,10,10,2
0,25,25,26
11,0,11,0
0,6,6,78
7,0,7,0
0,19,19,24
23,0,23,0
0,9,9,10
0,2,2,62
4,0,4,0
1,0,1,0
0,13,13,25
3,0,3,0
0,423,423,38
0,11,11,0
0,17,17,14
2,0,2,0
4,0,4,0
1,0,1,0
0,12,12,6
0,3,3,7
11,0,11,0
9,0,9,0
0,15,15,0
2,0,2,0
1,0,1,0
0,5,5,11
122,0,122,0
4,0,4,0
0,1,1,7
0,15,15,42
11,0,11,0
2,0,2,0
0,76,76,47
0,13,13,8
0,7,7,14
0,7,7,0
0,36,36,8
2,0,2,0
2,0,2,0
0,7,7,5
3,0,3,0
8,0,8,0
4,0,4,0
2,0,2,0
0,6,6,31
8,0,8,0
0,434,434,9
9,0,9,0
58,0,58,0
1,0,1,0
0,4,4,46
1,0,1,0
15,0,15,0
0,5,5,14
3,0,3,0
0,13,13,3
18,0,18,0
0,4,4,8
0,108,108,50
20,0,20,0
1,0,1,0
37,0,37,0
3,0,3,0
1,0,1,0
1,0,1,0
4,0,4,0
0,2,2,3
1,0,1,0
1,0,1,0
3,0,3,0
0,2,2,4
2,0,2,0
0,4,4,5
14,0,14,0
6,0,6,0
1,0,1,0
0,15,15,1
11,0,11,0
78,0,78,0
0,1,1,0
4,0,4,0
1,0,1,0
1,0,1,0
0,4,4,41
23,0,23,0
1,0,1,0
0,5,5,36
0,23,23,76
43,0,43,0
0,32,32,32
2,0,2,0
562,0,562,0
0,1,1,0
0,6,6,2
51,0,51,0
0,12,12,61
0,35,35,3
6,0,6,0
2,0,2,0
0,4,4,5
1,0,1,0
1,0,1,0
0,47,47,14
14,0,14,0
47,0,47,0
3,0,3,0
2,0,2,0
0,31,31,7
63,0,63,0
23,0,23,0
0,3,3,38
1,0,1,0
0,4,4,12
9,0,9,0
8,0,8,0
1,0,1,0
0,14,14,28
12,0,12,0
19,0,19,0
1,0,1,0
38,0,38,0
2,0,2,0
0,71,71,8
239,0,239,0
11,0,11,0
2,0,2,0
12,0,12,0
0,34,34,35
0,8,8,1
1,0,1,0
14,0,14,0
5,0,5,0
1,0,1,0
0,39,39,20
20,0,20,0
0,67,67,6
2,0,2,0
5,0,5,0
12,0,12,0
7,0,7,0
1,0,1,0
5,0,5,0
0,16,16,0
0,1,1,5
20,0,20,0
4,0,4,0
0,25,25,2
10,0,10,0
5,0,5,0
4,0,4,0
8,0,8,0
2,0,2,0
163,0,163,0
1,0,1,0
3,0,3,0
1,0,1,0
3,43,46,0
12,0,12,0
1,0,1,0
2,0,2,0
0,2,2,26
0,165,165,42
1,0,1,0
0,120,120,47
1,0,1,0
2,0,2,0
85,0,85,0
0,1,1,0
60,0,60,0
6,0,6,0
2,0,2,0
0,10,10,7
8,0,8,0
0,8,8,57
2,0,2,0
2,0,2,0
14,0,14,0
2,0,2,0
86,0,86,0
0,6,6,153
0,231,231,50
2,0,2,0
3,0,3,0
162,0,162,0
0,2,2,24
29,0,29,0
4,0,4,0
0,38,38,4
2,0,2,0
4,0,4,0
2,0,2,0
6,0,6,0
0,7,7,9
5,0,5,0
0,2,2,2
0,7,7,13
2,0,2,0
22,0,22,0
95,0,95,0
2,0,2,0
6,0,6,0
7,0,7,0
0,1,1,13
20,0,20,0
6,0,6,0
0,74,74,2
2,0,2,0
23,0,23,0
4,0,4,0
5,0,5,0
2,0,2,0
1,0,1,0
0,154,154,8
1,0,1,0
1,0,1,0
3,0,3,0
1,0,1,0
15,0,15,0
0,33,33,28
1,0,1,0
1,0,1,0
0,85,85,12
0,2,2,12
0,7,7,2
0,2,2,0
0,3,3,78
9,0,9,0
0,20,20,4
0,49,49,9
3,0,3,0
3,0,3,0
4,0,4,0
0,1,1,37
12,0,12,0
4,0,4,0
0,17,17,1
3,0,3,0
0,1,1,13
0,18,18,13
0,7,7,82
1,0,1,0
3,0,3,0
11,0,11,0
5,0,5,0
1,0,1,0
7,0,7,0
8,0,8,0
1,0,1,0
0,31,31,12
21,0,21,0
32,0,32,0
0,4,4,84
2,0,2,0
1,0,1,0
31,0,31,0
3,0,3,0
2,0,2,0
0,4,4,4
49,0,49,0
15,0,15,0
46,0,46,0
1,0,1,0
2,0,2,0
1,0,1,0
1,0,1,0
0,3,3,3
0,26,26,21
6,0,6,0
0,3,3,5
0,2,2,3
2,0,2,0
11,0,11,0
5,0,5,0
3,0,3,0
9,0,9,0
9,0,9,0
2,0,2,0
13,0,13,0
33,0,33,0
260,0,260,0
0,6,6,20
1,0,1,0
12,0,12,0
1,0,1,0
0,15,15,48
1,0,1,0
4,0,4,0
58,0,58,0
0,3,3,0
0,1,1,33
1,0,1,0
14,0,14,0
0,50,50,14
10,0,10,0
4,0,4,0
0,3,3,9
0,2,2,4
12,0,12,0
0,14,14,34
12,0,12,0
1,0,1,0
54,0,54,0
2,0,2,0
1,0,1,0
3,0,3,0
1,0,1,0
0,73,73,40
4,0,4,0
0,2,2,23
2,0,2,0
2,0,2,0
4,0,4,0
0,59,59,31
0,98,98,145
74,0,74,0
25,0,25,0
0,4,4,9
25,0,25,0
0,40,40,43
40,0,40,0
9,0,9,0
2,0,2,0
0,3,3,4
16,0,16,0
0,37,37,1
0,670,670,54
15,0,15,0
1,0,1,0
2,0,2,0
2,0,2,0
5,0,5,0
3,670,673,5
650,0,650,0
43,0,43,0
1,0,1,0
1,0,1,0
0,4,4,14
3,0,3,0
0,32,32,24
39,0,39,0
8,0,8,0
1,0,1,0
0,119,119,42
0,2,2,8
4,0,4,0
2,0,2,0
27,0,27,0
4,0,4,0
3,0,3,0
0,91,91,34
1,0,1,0
0,4,4,51
5,0,5,0
0,6,6,18
18,0,18,0
1,0,1,0
2,0,2,0
2,0,2,0
76,0,76,0
0,4,4,47
1,0,1,0
15,0,15,0
0,3,3,5
1,0,1,0
5,0,5,0
1,0,1,0
2,0,2,0
0,22,22,2
2,0,2,0
3,0,3,0
50,0,50,0
11,0,11,0
0,2,2,64
17,0,17,0
7,0,7,0
2,0,2,0
39,0,39,0
6,0,6,0
1,0,1,0
1,0,1,0
8,0,8,0
2,0,2,0
17,0,17,0
1,0,1,0
8,0,8,0
0,1,1,2
7,0,7,0
0,41,41,121
1,0,1,0
7,0,7,0
0,32,32,65
0,121,121,13
6,0,6,0
2,0,2,0
3,0,3,0
9,0,9,0
0,83,83,20
2,0,2,0
0,12,12,11
0,10,10,7
2,0,2,0
7,0,7,0
0,94,94,11
0,15,15,3
0,2,2,5
0,55,55,13
3,0,3,0
2,0,2,0
4,0,4,0
0,39,39,114
2,0,2,0
0,6,6,27
3,0,3,0
0,1,1,4
2,0,2,0
3,0,3,0
0,180,180,35
15,0,15,0
0,22,22,4
11,0,11,0
0,5,5,4
25,0,25,0
540,0,540,0
2,0,2,0
4,0,4,0
1,0,1,0
0,27,27,3
2,0,2,0
2,0,2,0
0,3,3,13
6,0,6,0
9,0,9,0
13,0,13,0
2,0,2,0
2,0,2,0
1,0,1,0
5,0,5,0
2,0,2,0
2,0,2,0
1,0,1,0
9,0,9,0
0,48,48,31
1,0,1,0
8,0,8,0
0,1,1,13
17,0,17,0
11,0,11,0
6,0,6,0
4,0,4,0
0,9,9,11
3,0,3,0
10,0,10,0
1,0,1,0
8,0,8,0
0,12,12,2
0,51,51,19
1,0,1,0
6,0,6,0
7,0,7,0
101,0,101,0
0,90,90,43
0,23,23,14
3,0,3,0
0,11,11,16
1,0,1,0
2,0,2,0
2,0,2,0
19,0,19,0
1,0,1,0
15,0,15,0
4,0,4,0
9,0,9,0
6,0,6,0
30,0,30,0
1,0,1,0
2,0,2,0
2,0,2,0
0,6,6,0
6,0,6,0
1,0,1,0
5,0,5,0
1,0,1,0
21,0,21,0
0,34,34,0
0,5,5,67
17,0,17,0
2,0,2,0
6,0,6,0
2,0,2,0
0,21,21,17
105,0,105,0
1,0,1,0
0,89,89,4
0,1,1,5
2,0,2,0
0,1,1,27
1,0,1,0
1,0,1,0
7,0,7,0
1,0,1,0
9,0,9,0
0,23,23,12
2,0,2,0
8,0,8,0
2,0,2,0
1,0,1,0
12,0,12,0
0,1,1,24
1,0,1,0
3,0,3,0
4,0,4,0
0,62,62,1
26,0,26,0
1,0,1,0
1,0,1,0
0,3,3,1
4,0,4,0
5,0,5,0
3,0,3,0
22,0,22,0
0,1,1,5
5,0,5,0
0,1,1,59
4,0,4,0
0,26,26,7
11,0,11,0
0,31,31,20
0,64,64,10
1,0,1,0
0,17,17,7
0,1,1,10
0,32,32,14
26,0,26,0
1,0,1,0
27,0,27,0
228,0,228,0
0,2,2,53
1,0,1,0
0,320,320,70
186,0,186,0
0,13,13,0
2,0,2,0
0,315,315,12
337,0,337,0
0,8,8,5
0,195,195,115
4,0,4,0
0,1,1,3
4,0,4,0
19,0,19,0
0,1,1,6
13,0,13,0
0,103,103,34
55,0,55,0
2,0,2,0
0,13,13,18
7,0,7,0
0,1,1,96
0,1,1,3
2,0,2,0
1,0,1,0
0,5,5,2
4,0,4,0
0,14,14,22
4,0,4,0
0,11,11,31
33,0,33,0
16,0,16,0
0,6,6,2
0,28,28,7
3,0,3,0
9,0,9,0
49,0,49,0
5,0,5,0
1,0,1,0
0,1,1,0
14,0,14,0
27,0,27,0
2,0,2,0
0,6,6,16
3,0,3,0
2,0,2,0
5,0,5,0
2,0,2,0
0,54,54,17
5,0,5,0
2,0,2,0
3,0,3,0
11,0,11,0
2,0,2,0
0,12,12,71
2,0,2,0
1,0,1,0
0,1,1,0
2,0,2,0
2,0,2,0
0,9,9,64
0,31,31,1
3,0,3,0
1,0,1,0
1,0,1,0
7,0,7,0
0,2,2,13
0,1,1,9
1,0,1,0
13,0,13,0
2,0,2,0
2,0,2,0
21,0,21,0
0,26,26,0
291,0,291,0
2,0,2,0
0,7,7,13
3,0,3,0
0,6,6,1
6,0,6,0
4,0,4,0
1,0,1,0
1,0,1,0
23,0,23,0
0,4,4,28
13,0,13,0
1,0,1,0
4,0,4,0
0,1,1,4
0,37,37,26
0,9,9,20
0,7,7,4
0,60,60,14
59,0,59,0
11,0,11,0
0,33,33,2
3,0,3,0
2,0,2,0
11,0,11,0
11,0,11,0
1,0,1,0
0,6,6,43
0,99,99,16
4,0,4,0
55,0,55,0
1,0,1,0
2,0,2,0
17,0,17,0
0,10,10,8
33,0,33,0
37,0,37,0
3,0,3,0
3,0,3,0
5,0,5,0
0,82,82,18
0,41,41,6
2,0,2,0
11,0,11,0
3,0,3,0
22,0,22,0
2,0,2,0
2,0,2,0
0,9,9,20
1,0,1,0
1,0,1,0
15,0,15,0
1,0,1,0
20,0,20,0
2,0,2,0
5,0,5,0
9,0,9,0
0,112,112,52
14,0,14,0
3,0,3,0
15,0,15,0
17,0,17,0
3,0,3,0
7,0,7,0
110,0,110,0
69,0,69,0
7,0,7,0
0,1,1,33
2,0,2,0
3,0,3,0
0,23,23,11
0,6,6,8
1,0,1,0
2,0,2,0
2,0,2,0
8,0,8,0
2,0,2,0
0,588,588,91
0,218,218,10
2,0,2,0
1,0,1,0
7,0,7,0
0,1,1,4
2,0,2,0
2,0,2,0
0,221,221,93
7,0,7,0
11,0,11,0
0,83,83,4
2,0,2,0
0,22,22,0
30,0,30,0
1,0,1,0
4,0,4,0
3,0,3,0
14,0,14,0
2,0,2,0
0,1,1,65
0,201,201,71
0,3,3,11
4,0,4,0
5,0,5,0
0,43,43,0
1,0,1,0
1,0,1,0
12,0,12,0
10,0,10,0
0,8,8,6
3,0,3,0
1,0,1,0
0,3,3,29
0,44,44,10
486,0,486,0
1,0,1,0
17,0,17,0
12,0,12,0
0,5,5,105
2,0,2,0
1,0,1,0
19,0,19,0
56,0,56,0
1,0,1,0
0,94,94,30
0,1,1,36
31,0,31,0
125,0,125,0
0,21,21,25
0,2,2,11
0,48,48,76
8,0,8,0
0,2,2,5
2,0,2,0
2,0,2,0
0,3,3,37
4,0,4,0
1,0,1,0
263,0,263,0
1,0,1,0
15,0,15,0
0,53,53,14
19,0,19,0
1,0,1,0
0,8,8,7
1,0,1,0
0,2,2,37
2,0,2,0
0,4,4,31
1,0,1,0
3,0,3,0
2,0,2,0
6,0,6,0
0,3,3,44
28,0,28,0
17,0,17,0
14,0,14,0
0,9,9,0
19,0,19,0
0,8,8,35
3,0,3,0
1,0,1,0
1,0,1,0
1,0,1,0
1,0,1,0
0,9,9,8
1,0,1,0
2,0,2,0
6,0,6,0
88,0,88,0
23,0,23,0
72,0,72,0
0,12,12,2
0,1,1,19
0,29,29,6
3,0,3,0
18,0,18,0
0,1,1,17
0,95,95,31
7,0,7,0
5,0,5,0
9,0,9,0
2,0,2,0
6,0,6,0
18,0,18,0
0,2,2,6
1,0,1,0
0,9,9,11
22,0,22,0
2,0,2,0
11,0,11,0
4,0,4,0
67,0,67,0
1,0,1,0
2,0,2,0
0,3,3,2
0,2,2,1
0,123,123,14
1,0,1,0
2,0,2,0
0,6,6,10
2,0,2,0
43,0,43,0
98,0,98,0
2,0,2,0
1,0,1,0
2,0,2,0
0,2,2,37
0,86,86,34
94,0,94,0
1,0,1,0
15,0,15,0
2,0,2,0
2,0,2,0
40,0,40,0
0,104,104,8
3,0,3,0
1,0,1,0
11,0,11,0
0,33,33,48
11,0,11,0
1,0,1,0
7,0,7,0
26,0,26,0
1,0,1,0
14,0,14,0
40,0,40,0
0,1,1,2
7,0,7,0
3,0,3,0
2,0,2,0
0,21,21,22
22,0,22,0
30,0,30,0
6,0,6,0
3,0,3,0
1,0,1,0
2,0,2,0
0,8,8,14
12,0,12,0
0,1,1,3
0,5,5,8
5,0,5,0
9,0,9,0
0,23,23,33
2,0,2,0
2,0,2,0
0,50,50,60
0,23,23,7
1,0,1,0
4,0,4,0
0,6,6,7
2,0,2,0
4,0,4,0
3,0,3,0
12,0,12,0
6,0,6,0
3,0,3,0
2,0,2,0
1,0,1,0
1,0,1,0
21,0,21,0
11,0,11,0
0,8,8,77
9,0,9,0
0,3,3,8
5,0,5,0
0,14,14,6
24,0,24,0
1,0,1,0
6,0,6,0
0,1,1,77
0,2,2,0
11,0,11,0
0,2,2,113
23,0,23,0
0,5,5,10
0,271,271,53
5,0,5,0
0,2,2,7
0,10,10,52
0,28,28,20
8,0,8,0
8,0,8,0
17,0,17,0
15,0,15,0
0,147,147,35
7,0,7,0
18,0,18,0
4,0,4,0
4,0,4,0
1,0,1,0
0,22,22,67
0,1,1,14
0,5,5,26
1,0,1,0
0,165,165,33
0,5,5,17
27,0,27,0
0,254,254,106
76,0,76,0
2,0,2,0
1,0,1,0
1,0,1,0
2,0,2,0
3,0,3,0
24,0,24,0
0,5,5,12
102,0,102,0
0,62,62,91
54,0,54,0
3,0,3,0
0,6,6,35
13,0,13,0
1,0,1,0
8,0,8,0
0,259,259,2
1,0,1,0
11,0,11,0
4,0,4,0
0,2,2,106
0,4,4,6
1,0,1,0
24,0,24,0
0,146,146,109
26,0,26,0
33,0,33,0
20,38,58,44
65,0,65,0
12,0,12,0
3,0,3,0
0,4,4,4
18,0,18,0
11,0,11,0
1,0,1,0
0,12,12,12
4,0,4,0
6,0,6,0
0,62,62,8
0,5,5,2
0,510,510,25
0,39,39,7
0,1,1,2
2,0,2,0
4,0,4,0
0,3,3,22
0,1,1,152
3,0,3,0
3,0,3,0
2,0,2,0
6,0,6,0
1,0,1,0
0,5,5,24
2,0,2,0
8,0,8,0
6,0,6,0
1,0,1,0
2,0,2,0
0,11,11,38
1,0,1,0
1,0,1,0
2,0,2,0
3,0,3,0
2,0,2,0
21,0,21,0
6,0,6,0
41,0,41,0
0,1,1,0
0,1,1,0
1,0,1,0
2,0,2,0
5,0,5,0
10,0,10,0
0,1,1,63
1,0,1,0
312,0,312,0
1,0,1,0
0,1,1,4
5,0,5,0
7,0,7,0
0,47,47,14
0,12,12,24
0,8,8,77
1,0,1,0
0,2,2,1
2,0,2,0
2,0,2,0
2,0,2,0
1,0,1,0
0,148,148,10
1,0,1,0
1,0,1,0
2,0,2,0
0,5,5,25
12,0,12,0
6,0,6,0
1,0,1,0
33,0,33,0
5,0,5,0
44,0,44,0
8,0,8,0
3,0,3,0
1,0,1,0
1,0,1,0
0,5,5,2
2,0,2,0
0,32,32,5
2,0,2,0
0,12,12,17
148,0,148,0
12,0,12,0
1,0,1,0
0,2,2,60
21,0,21,0
0,1,1,29
2,0,2,0
19,0,19,0
1,0,1,0
0,2,2,27
2,0,2,0
0,2,2,12
337,0,337,0
4,0,4,0
0,2,2,0
3,0,3,0
0,16,16,29
459,0,459,0
3,0,3,0
7,0,7,0
66,0,66,0
56,0,56,0
7,0,7,0
2,0,2,0
1,0,1,0
37,0,37,0
2,0,2,0
3,0,3,0
4,0,4,0
0,1,1,22
10,0,10,0
4,0,4,0
0,5,5,2
0,2,2,7
0,554,554,75
0,95,95,23
12,0,12,0
43,0,43,0
4,0,4,0
1,0,1,0
8,0,8,0
116,0,116,0
0,1,1,0
3,0,3,0
0,1,1,17
1,0,1,0
0,3,3,4
1,0,1,0
0,57,57,62
26,0,26,0
0,40,40,1
0,14,14,8
2,0,2,0
1,0,1,0
66,0,66,0
0,49,49,6
0,10,10,1
8,0,8,0
8,0,8,0
0,105,105,96
6,0,6,0
2,0,2,0
5,0,5,0
2,0,2,0
62,0,62,0
0,23,23,122
3,0,3,0
0,67,67,13
0,5,5,23
3,0,3,0
2,0,2,0
0,3,3,13
1,0,1,0
4,0,4,0
5,0,5,0
1,0,1,0
20,0,20,0
1,0,1,0
0,9,9,18
0,65,65,3
22,0,22,0
1,0,1,0
8,0,8,0
0,1,1,7
207,0,207,0
2,0,2,0
1,0,1,0
23,0,23,0
0,8,8,15
3,0,3,0
0,8,8,108
0,89,89,50
10,0,10,0
1,0,1,0
0,2,2,7
5,0,5,0
2,0,2,0
0,309,309,3
0,22,22,18
0,30,30,9
0,57,57,45
0,22,22,13
2,0,2,0
6,0,6,0
6,0,6,0
5,0,5,0
0,10,10,10
1,0,1,0
2,0,2,0
0,1,1,45
33,0,33,0
0,1,1,44
2,0,2,0
4,0,4,0
6,0,6,0
4,0,4,0
6,0,6,0
0,1,1,0
34,0,34,0
1,0,1,0
2,0,2,0
1,0,1,0
0,1,1,0
33,0,33,0
3,0,3,0
0,1,1,6
3,0,3,0
1,0,1,0
2,0,2,0
2,0,2,0
0,6,6,7
13,0,13,0
11,0,11,0
4,0,4,0
2,0,2,0
7,0,7,0
3,0,3,0
5,0,5,0
2,0,2,0
0,3,3,3
0,336,336,49
234,0,234,0
1,0,1,0
3,0,3,0
2,0,2,0
0,3,3,59
0,9,9,107
1,0,1,0
0,1,1,1
5,0,5,0
0,29,29,30
3,0,3,0
4,0,4,0
2,0,2,0
0,3,3,6
17,0,17,0
0,27,27,46
1,0,1,0
1,0,1,0
2,0,2,0
4,0,4,0
1,0,1,0
42,0,42,0
411,0,411,0
0,12,12,2
1,0,1,0
0,4,4,28
2,0,2,0
2,0,2,0
14,0,14,0
7,0,7,0
0,10,10,14
0,5,5,7
0,183,183,39
195,0,195,0
2,0,2,0
1,0,1,0
1,0,1,0
0,5,5,3
1,0,1,0
0,1,1,24
47,0,47,0
45,0,45,0
1,0,1,0
4,0,4,0
0,151,151,18
125,0,125,0
2,0,2,0
0,2,2,15
3,0,3,0
1,0,1,0
1,0,1,0
4,0,4,0
3,0,3,0
0,10,10,162
0,190,190,19
15,0,15,0
25,0,25,0
63,0,63,0
0,3,3,59
2,0,2,0
0,2,2,4
0,12,12,8
0,4,4,38
3,0,3,0
2,0,2,0
4,0,4,0
0,5,5,0
0,10,10,3
5,0,5,0
3,0,3,0
1,0,1,0
2,0,2,0
70,0,70,0
2,0,2,0
39,0,39,0
5,0,5,0
8,0,8,0
1,0,1,0
11,0,11,0
4,0,4,0
9,0,9,0
0,7,7,18
18,0,18,0
1,0,1,0
0,1,1,16
5,0,5,0
0,2,2,0
0,2,2,0
1,0,1,0
1,0,1,0
4,0,4,0
4,0,4,0
3,0,3,0
92,0,92,0
120,0,120,0
1044,0,1044,0
0,13,13,45
11,0,11,0
15,0,15,0
0,2,2,0
30,0,30,0
6,0,6,0
51,0,51,0
0,2,2,8
1,0,1,0
22,0,22,0
9,0,9,0
0,4,4,2
4,0,4,0
5,0,5,0
7,0,7,0
0,3,3,15
2,0,2,0
4,0,4,0
16,0,16,0
14,0,14,0
0,14,14,10
4,0,4,0
8,0,8,0
4,0,4,0
0,1,1,3
1,0,1,0
1,0,1,0
0,1,1,2
6,0,6,0
0,54,54,231
0,28,28,36
1,0,1,0
1,0,1,0
5,0,5,0
4,0,4,0
33,0,33,0
0,28,28,8
3,0,3,0
25,0,25,0
1,0,1,0
1,0,1,0
0,2,2,3
42,0,42,0
0,7,7,1
1,0,1,0
0,30,30,17
5,0,5,0
2,0,2,0
79,0,79,0
3,0,3,0
4,0,4,0
2,0,2,0
13,0,13,0
3,0,3,0
272,0,272,0
1,0,1,0
25,0,25,0
3,0,3,0
1,0,1,0
0,205,205,37
0,1,1,0
0,44,44,0
36,0,36,0
0,1,1,4
11,0,11,0
0,78,78,337
21,0,21,0
2,0,2,0
1,0,1,0
0,15,15,27
2,0,2,0
0,14,14,16
2,0,2,0
40,0,40,0
5,0,5,0
0,9,9,56
11,0,11,0
4,0,4,0
12,0,12,0
2,0,2,0
2,0,2,0
24,0,24,0
11,0,11,0
0,1,1,4
1,0,1,0
1,0,1,0
0,26,26,66
5,0,5,0
3,0,3,0
1,0,1,0
0,5,5,4
1,0,1,0
0,1,1,42
0,149,149,19
2,0,2,0
2,0,2,0
30,0,30,0
0,89,89,10
2,0,2,0
8,0,8,0
2,0,2,0
0,26,26,44
0,23,23,84
6,0,6,0
3,0,3,0
0,1,1,1
3,0,3,0
10,0,10,0
0,9,9,1
9,0,9,0
0,20,20,22
1,0,1,0
2,0,2,0
2,0,2,0
4,0,4,0
0,17,17,1
3,0,3,0
38,0,38,0
0,75,75,35
1,0,1,0
10,0,10,0
9,0,9,0
7,0,7,0
1,0,1,0
0,94,94,1
0,1,1,22
5,0,5,0
6,0,6,0
0,10,10,7
16,0,16,0
1,0,1,0
0,30,30,36
0,7,7,8
22,0,22,0
1,0,1,0
16,0,16,0
1,0,1,0
0,14,14,34
3,0,3,0
2,0,2,0
10,0,10,0
0,1,1,5
6,0,6,0
1,0,1,0
0,8,8,37
2,0,2,0
10,0,10,0
19,0,19,0
1,0,1,0
52,0,52,0
1,0,1,0
3,0,3,0
8,0,8,0
6,0,6,0
2,0,2,0
19,0,19,0
1,0,1,0
2,0,2,0
6,0,6,0
1,0,1,0
14,0,14,0
8,0,8,0
4,0,4,0
5,0,5,0
5,0,5,0
0,10,10,1
3,0,3,0
5,0,5,0
0,2,2,4
1,0,1,0
3,0,3,0
0,1,1,11
12,0,12,0
1,0,1,0
1,0,1,0
0,3,3,78
3,0,3,0
1,0,1,0
36,0,36,0
1,0,1,0
1,0,1,0
1,0,1,0
0,342,342,102
5,0,5,0
0,2,2,3
2,0,2,0
2,0,2,0
0,252,252,20
4,0,4,0
0,21,21,20
21,0,21,0
0,29,29,7
22,0,22,0
1,0,1,0
15,0,15,0
191,0,191,0
0,8,8,0
3,0,3,0
3,0,3,0
3,0,3,0
0,5,5,17
32,0,32,0
12,0,12,0
1,0,1,0
1,0,1,0
37,0,37,0
0,83,83,28
1,0,1,0
0,3,3,26
0,69,69,12
1,0,1,0
2,0,2,0
149,0,149,0
0,3,3,0
2,0,2,0
0,2,2,158
29,0,29,0
1,0,1,0
1,0,1,0
48,0,48,0
25,0,25,0
54,0,54,0
2,0,2,0
3,0,3,0
9,0,9,0
6,0,6,0
0,11,11,10
0,105,105,118
0,63,63,94
3,0,3,0
2,0,2,0
4,0,4,0
6,0,6,0
1,0,1,0
6,0,6,0
36,0,36,0
53,0,53,0
32,0,32,0
0,25,25,62
44,0,44,0
13,0,13,0
2,0,2,0
8,0,8,0
1,0,1,0
22,0,22,0
0,19,19,16
21,0,21,0
3,0,3,0
1,0,1,0
1,0,1,0
8,0,8,0
28,0,28,0
1,0,1,0
0,36,36,4
2,0,2,0
1,0,1,0
9,0,9,0
9,0,9,0
5,0,5,0
0,1,1,112
65,0,65,0
10,0,10,0
3,0,3,0
2,0,2,0
1,0,1,0
0,11,11,7
2,0,2,0
1,0,1,0
15,0,15,0
5,0,5,0
3,0,3,0
3,0,3,0
1,0,1,0
8,0,8,0
0,7,7,4
3,0,3,0
0,4,4,12
23,0,23,0
1,0,1,0
1,0,1,0
2,0,2,0
0,16,16,12
26,0,26,0
12,0,12,0
122,0,122,0
0,4,4,5
4,0,4,0
4,0,4,0
4,0,4,0
3,0,3,0
1,0,1,0
92,0,92,0
1,0,1,0
0,28,28,24
25,0,25,0
0,5,5,31
2,0,2,0
3,0,3,0
2,0,2,0
0,4,4,7
2,0,2,0
1,0,1,0
0,1,1,0
4,0,4,0
1,0,1,0
23,0,23,0
7,0,7,0
2,0,2,0
10,0,10,0
8,0,8,0
0,23,23,9
55,0,55,0
23,0,23,0
3,0,3,0
4,0,4,0
8,0,8,0
96,0,96,0
9,0,9,0
1,0,1,0
3,0,3,0
5,0,5,0
10,0,10,0
3,0,3,0
13,0,13,0
0,17,17,5
1,0,1,0
3,0,3,0
0,2,2,15
11,0,11,0
0,2,2,2
13,0,13,0
0,317,317,2
14,0,14,0
55,0,55,0
0,19,19,1
0,13,13,44
7,0,7,0
90,0,90,0
8,0,8,0
2,0,2,0
14,0,14,0
0,12,12,45
0,5,5,1
20,0,20,0
30,0,30,0
15,0,15,0
2,0,2,0
0,3,3,13
3,105,108,14
3,0,3,0
0,1,1,12
46,0,46,0
3,0,3,0
2,0,2,0
1,0,1,0
1,0,1,0
0,66,66,10
16,0,16,0
1,0,1,0
1,0,1,0
0,1,1,2
24,0,24,0
0,9,9,22
16,0,16,0
6,0,6,0
0,5,5,0
2,0,2,0
1,0,1,0
1,0,1,0
3,0,3,0
0,2,2,78
3,0,3,0
0,92,92,1
0,6,6,14
1,0,1,0
2,0,2,0
2,0,2,0
0,82,82,18
1,0,1,0
0,5,5,4
0,1,1,19
0,2,2,23
3,0,3,0
2,0,2,0
12,0,12,0
1,0,1,0
0,6,6,101
0,3,3,7
0,71,71,0
0,12,12,9
0,6,6,51
1,0,1,0
2,0,2,0
12,0,12,0
9,0,9,0
1,0,1,0
14,0,14,0
0,5,5,18
8,0,8,0
0,8,8,23
3,0,3,0
0,1,1,16
64,0,64,0
7,0,7,0
8,0,8,0
11,0,11,0
15,0,15,0
21,0,21,0
0,119,119,51
1,0,1,0
0,6,6,45
15,0,15,0
0,4,4,10
1,0,1,0
1,0,1,0
1,0,1,0
0,4,4,33
2,0,2,0
1,0,1,0
0,8,8,5
2,0,2,0
3,0,3,0
0,16,16,29
19,0,19,0
1,0,1,0
2,0,2,0
8,0,8,0
1,0,1,0
0,2,2,7
45,0,45,0
2,0,2,0
0,8,8,2
38,0,38,0
4,0,4,0
1,0,1,0
2,0,2,0
0,3,3,59
4,0,4,0
4,0,4,0
1,0,1,0
0,352,352,9
0,156,156,37
16,0,16,0
2,0,2,0
0,1,1,104
55,0,55,0
0,3,3,7
7,0,7,0
0,33,33,66
13,0,13,0
10,0,10,0
2,0,2,0
76,0,76,0
6,0,6,0
3,0,3,0
11,0,11,0
12,0,12,0
1,0,1,0
4,0,4,0
7,0,7,0
3,0,3,0
7,0,7,0
12,0,12,0
2,0,2,0
0,3,3,21
6,0,6,0
0,181,181,11
12,0,12,0
0,5,5,12
2,0,2,0
7,0,7,0
0,16,16,11
3,0,3,0
1,0,1,0
10,0,10,0
0,46,46,14
3,0,3,0
104,0,104,0
2,0,2,0
0,100,100,31
0,60,60,123
6,0,6,0
0,101,101,21
0,2,2,11
0,7,7,47
6,0,6,0
12,0,12,0
73,0,73,0
12,0,12,0
4,0,4,0
16,0,16,0
3,0,3,0
2,0,2,0
7,0,7,0
3,0,3,0
7,0,7,0
1,0,1,0
18,0,18,0
5,0,5,0
80,0,80,0
0,10,10,9
18,0,18,0
27,0,27,0
0,40,40,8
0,76,76,6
30,0,30,0
1,0,1,0
0,5,5,18
1,0,1,0
13,0,13,0
0,3,3,6
29,0,29,0
17,0,17,0
0,138,138,19
1,0,1,0
32,0,32,0
1,0,1,0
0,38,38,78
0,1,1,28
5,0,5,0
2,0,2,0
0,24,24,13
0,13,13,35
224,0,224,0
3,0,3,0
101,0,101,0
1,0,1,0
0,9,9,1
37,0,37,0
1,0,1,0
4,0,4,0
2,0,2,0
8,0,8,0
2,0,2,0
186,0,186,0
25,0,25,0
1,0,1,0
5,0,5,0
2,0,2,0
0,3,3,93
16,0,16,0
1,0,1,0
2,0,2,0
5,0,5,0
1,0,1,0
93,0,93,0
1,0,1,0
0,2,2,14
0,1,1,19
15,0,15,0
8,0,8,0
0,9,9,3
1,0,1,0
0,3,3,5
1,0,1,0
65,0,65,0
1,0,1,0
0,7,7,50
2,0,2,0
0,1,1,20
0,3,3,10
1,0,1,0
4,0,4,0
5,0,5,0
0,4,4,1
3,0,3,0
14,0,14,0
95,0,95,0
41,0,41,0
9,0,9,0
7,0,7,0
0,102,102,3
0,4,4,3
58,0,58,0
2,0,2,0
0,9,9,21
13,0,13,0
18,0,18,0
397,0,397,0
0,5,5,6
1,0,1,0
5,0,5,0
0,127,127,36
11,0,11,0
12,0,12,0
1,0,1,0
3,0,3,0
1,0,1,0
5,0,5,0
2,0,2,0
52,0,52,0
3,0,3,0
2,0,2,0
3,0,3,0
1,0,1,0
0,21,21,16
0,36,36,7
9,0,9,0
4,0,4,0
5,0,5,0
13,0,13,0
1,0,1,0
1,0,1,0
15,0,15,0
6,0,6,0
0,4,4,15
3,0,3,0
3,0,3,0
9,0,9,0
1,0,1,0
2,0,2,0
3,0,3,0
2,0,2,0
1,0,1,0
1,0,1,0
0,202,202,28
6,0,6,0
3,0,3,0
2,0,2,0
5,0,5,0
0,3,3,0
20,0,20,0
16,0,16,0
37,0,37,0
0,36,36,5
7,0,7,0
91,0,91,0
0,1,1,21
3,0,3,0
1,0,1,0
0,8,8,0
3,0,3,0
20,0,20,0
0,10,10,14
2,0,2,0
0,2,2,14
0,1,1,0
1,0,1,0
1,0,1,0
0,2,2,1
73,0,73,0
6,0,6,0
25,0,25,0
1,0,1,0
5,0,5,0
4,0,4,0
4,0,4,0
0,36,36,7
6,0,6,0
2,0,2,0
1,0,1,0
7,0,7,0
3,0,3,0
2,0,2,0
1,0,1,0
85,0,85,0
5,0,5,0
0,736,736,77
68,0,68,0
0,2,2,29
9,0,9,0
0,62,62,49
35,0,35,0
13,0,13,0
3,0,3,0
0,50,50,4
23,0,23,0
2,0,2,0
130,0,130,0
8,0,8,0
0,28,28,2
4,0,4,0
0,103,103,38
2,0,2,0
6,0,6,0
183,0,183,0
0,36,36,71
2,0,2,0
12,0,12,0
0,142,142,42
0,5,5,103
1,0,1,0
0,2,2,4
2,0,2,0
0,6,6,30
15,0,15,0
10,0,10,0
1,0,1,0
3,0,3,0
0,5,5,5
1,0,1,0
3,0,3,0
23,0,23,0
0,65,65,14
0,1,1,7
36,0,36,0
0,12,12,16
3,0,3,0
0,8,8,71
6,0,6,0
13,0,13,0
0,88,88,9
2,0,2,0
10,0,10,0
1,0,1,0
37,0,37,0
0,36,36,27
9,0,9,0
1,0,1,0
2,0,2,0
11,0,11,0
4,0,4,0
0,4,4,1
1,0,1,0
0,2,2,11
13,0,13,0
0,2,2,7
0,219,219,4
4,0,4,0
0,3,3,4
2,0,2,0
0,2,2,20
28,0,28,0
0,21,21,0
62,0,62,0
0,232,232,46
1,0,1,0
61,0,61,0
35,0,35,0
26,0,26,0
4,0,4,0
0,1,1,4
0,543,543,31
15,0,15,0
105,0,105,0
9,0,9,0
37,0,37,0
0,22,22,78
12,0,12,0
8,0,8,0
87,0,87,0
8,0,8,0
3,0,3,0
0,42,42,4
1,0,1,0
35,0,35,0
1,0,1,0
2,0,2,0
23,0,23,0
9,0,9,0
1,0,1,0
0,1,1,9
38,0,38,0
9,0,9,0
1,0,1,0
0,4,4,27
21,0,21,0
0,5,5,8
2,0,2,0
0,1,1,7
15,0,15,0
64,0,64,0
2,0,2,0
1,0,1,0
2,0,2,0
17,0,17,0
13,0,13,0
0,113,113,41
3,0,3,0
17,0,17,0
0,4,4,48
2,0,2,0
1,0,1,0
0,29,29,59
0,1,1,93
2,0,2,0
2,0,2,0
7,0,7,0
134,0,134,0
23,0,23,0
35,0,35,0
0,3,3,11
2,0,2,0
0,73,73,16
0,2,2,3
1,0,1,0
0,2,2,28
10,0,10,0
0,1,1,96
0,5,5,8
1,0,1,0
37,0,37,0
0,2,2,23
4,0,4,0
21,0,21,0
0,20,20,19
6,0,6,0
138,0,138,0
2,0,2,0
3,0,3,0
0,14,14,0
10,0,10,0
0,1,1,1
0,14,14,29
0,1,1,8
17,0,17,0
0,99,99,38
0,6,6,2
3,0,3,0
9,0,9,0
1,0,1,0
11,0,11,0
4,0,4,0
0,46,46,15
12,0,12,0
19,0,19,0
1,0,1,0
1,0,1,0
0,1,1,63
0,8,8,3
2,0,2,0
0,1,1,42
0,1,1,4
4,0,4,0
3,0,3,0
5,0,5,0
0,132,132,1
75,0,75,0
0,12,12,8
2,0,2,0
19,0,19,0
14,0,14,0
0,223,223,35
5,0,5,0
3,0,3,0
0,4,4,6
0,2,2,4
20,0,20,0
1,0,1,0
1,0,1,0
9,0,9,0
0,7,7,4
2,0,2,0
1,0,1,0
0,1,1,1
1,0,1,0
0,20,20,1
21,0,21,0
0,2,2,34
0,72,72,0
114,0,114,0
2,0,2,0
2,0,2,0
0,2,2,22
10,0,10,0
8,0,8,0
2,0,2,0
2,0,2,0
76,0,76,0
0,4,4,4
5,0,5,0
4,0,4,0
7,0,7,0
6,0,6,0
7,0,7,0
19,0,19,0
2,0,2,0
4,0,4,0
6,0,6,0
5,0,5,0
2,0,2,0
0,61,61,56
8,0,8,0
0,3,3,46
4,0,4,0
3,0,3,0
6,0,6,0
14,0,14,0
2,0,2,0
4,0,4,0
0,30,30,20
1,0,1,0
1,0,1,0
3,0,3,0
1,0,1,0
0,22,22,20
4,0,4,0
1,0,1,0
0,42,42,42
11,0,11,0
9,0,9,0
0,2,2,0
16,0,16,0
0,549,549,11
0,36,36,54
11,0,11,0
1,0,1,0
0,128,128,22
2,0,2,0
16,0,16,0
0,1,1,22
7,0,7,0
0,4,4,4
0,11,11,7
14,0,14,0
0,44,44,5
22,0,22,0
24,0,24,0
1,0,1,0
0,7,7,6
1,0,1,0
1,0,1,0
13,0,13,0
0,2,2,61
3,0,3,0
225,0,225,0
1,0,1,0
2,0,2,0
0,19,19,4
61,0,61,0
0,27,27,55
5,0,5,0
9,0,9,0
5,0,5,0
1,0,1,0
1,0,1,0
1,0,1,0
4,0,4,0
15,0,15,0
0,168,168,6
145,0,145,0
4,0,4,0
1,0,1,0
10,157,167,26
5,0,5,0
2,0,2,0
0,25,25,68
3,0,3,0
0,5,5,65
40,0,40,0
1,0,1,0
0,21,21,4
1,0,1,0
1,0,1,0
1,0,1,0
0,37,37,19
0,177,177,13
11,0,11,0
4,0,4,0
9,0,9,0
0,5,5,9
52,0,52,0
7,0,7,0
0,47,47,41
1,0,1,0
3,0,3,0
9,0,9,0
1,0,1,0
3,0,3,0
2,0,2,0
0,1,1,13
4,0,4,0
3,0,3,0
18,0,18,0
0,2,2,57
28,0,28,0
5,0,5,0
0,1,1,12
14,0,14,0
3,0,3,0
1,0,1,0
1,0,1,0
1,0,1,0
1,0,1,0
8,0,8,0
117,0,117,0
0,5,5,12
3,0,3,0
4,0,4,0
2,0,2,0
16,0,16,0
2,0,2,0
20,0,20,0
3,0,3,0
1,0,1,0
8,0,8,0
1,0,1,0
12,0,12,0
0,3,3,7
0,8,8,5
5,0,5,0
0,4,4,14
0,294,294,53
1,0,1,0
4,0,4,0
8,0,8,0
0,27,27,57
9,0,9,0
23,0,23,0
15,0,15,0
8,0,8,0
0,19,19,23
35,0,35,0
1,0,1,0
25,0,25,0
17,0,17,0
0,138,138,13
0,9,9,26
3,0,3,0
0,18,18,7
2,0,2,0
1,0,1,0
11,0,11,0
23,0,23,0
2,0,2,0
8,0,8,0
2,0,2,0
0,13,13,55
0,8,8,22
0,2,2,5
72,0,72,0
17,0,17,0
3,0,3,0
20,0,20,0
0,10,10,16
3,0,3,0
2,0,2,0
2,0,2,0
4,0,4,0
14,0,14,0
4,0,4,0
5,0,5,0
29,0,29,0
0,248,248,59
248,0,248,0
1,0,1,0
193,0,193,0
28,0,28,0
0,417,417,3
10,0,10,0
0,99,99,0
5,0,5,0
50,0,50,0
8,0,8,0
1,0,1,0
4,0,4,0
0,3,3,4
7,0,7,0
0,70,70,47
63,0,63,0
31,0,31,0
45,0,45,0
2,0,2,0
3,0,3,0
0,72,72,60
5,0,5,0
4,0,4,0
4,0,4,0
22,0,22,0
2,0,2,0
1,0,1,0
276,0,276,0
1,0,1,0
3,0,3,0
1,0,1,0
0,8,8,0
0,30,30,13
2,0,2,0
4,0,4,0
1,0,1,0
0,99,99,0
95,0,95,0
5,0,5,0
12,0,12,0
27,0,27,0
1,0,1,0
1,0,1,0
0,2,2,138
4,0,4,0
0,35,35,11
3,0,3,0
0,26,26,29
2,0,2,0
0,68,68,88
0,63,63,1
0,93,93,35
33,0,33,0
0,8,8,1
0,17,17,7
5,0,5,0
4,0,4,0
0,10,10,7
2,0,2,0
13,0,13,0
6,0,6,0
1,0,1,0
6,0,6,0
3,0,3,0
1,0,1,0
51,0,51,0
5,0,5,0
6,0,6,0
0,33,33,4
25,0,25,0
89,0,89,0
2,0,2,0
0,24,24,5
2,0,2,0
7,0,7,0
2,0,2,0
0,93,93,76
10,0,10,0
3,0,3,0
33,0,33,0
0,6,6,172
8,0,8,0
0,25,25,3
0,2,2,6
4,0,4,0
15,0,15,0
0,2,2,1
1,0,1,0
14,0,14,0
3,0,3,0
2,0,2,0
1,0,1,0
1,0,1,0
0,7,7,28
3,0,3,0
0,122,122,23
1,0,1,0
2,0,2,0
0,2,2,4
6,0,6,0
0,66,66,84
6,0,6,0
16,0,16,0
4,0,4,0
0,167,167,27
7,0,7,0
0,214,214,24
1,0,1,0
4,0,4,0
5,0,5,0
0,9,9,10
1,0,1,0
10,0,10,0
0,4,4,6
7,0,7,0
5,0,5,0
4,0,4,0
6,0,6,0
1,0,1,0
0,4,4,12
2,0,2,0
43,0,43,0
17,0,17,0
1,0,1,0
0,20,20,2
13,0,13,0
1,0,1,0
2,0,2,0
7,0,7,0
3,0,3,0
1,0,1,0
0,57,57,96
3,0,3,0
2,0,2,0
2,0,2,0
1,0,1,0
2,4,6,6
0,3,3,17
0,4,4,1
1,0,1,0
497,0,497,0
0,342,342,3
1,0,1,0
1,0,1,0
2,0,2,0
21,0,21,0
7,0,7,0
0,5,5,11
10,0,10,0
25,0,25,0
12,0,12,0
1,0,1,0
1,0,1,0
1,0,1,0
3,0,3,0
7,0,7,0
0,6,6,0
36,0,36,0
0,11,11,18
3,0,3,0
0,20,20,36
1,0,1,0
5,0,5,0
2,0,2,0
0,1,1,6
3,0,3,0
2,0,2,0
4,0,4,0
0,54,54,77
3,0,3,0
0,22,22,3
3,0,3,0
341,0,341,0
2,0,2,0
0,2,2,72
8,0,8,0
9,0,9,0
0,3,3,5
8,0,8,0
5,0,5,0
87,0,87,0
0,5,5,157
0,4,4,28
10,0,10,0
8,0,8,0
6,0,6,0
3,0,3,0
2,0,2,0
0,7,7,0
1,0,1,0
4,0,4,0
0,1,1,40
0,1,1,52
1,0,1,0
0,19,19,2
2,0,2,0
0,7,7,69
1,0,1,0
24,0,24,0
1,0,1,0
2,0,2,0
98,0,98,0
0,1,1,0
0,3,3,20
1,0,1,0
1,0,1,0
0,39,39,3
4,0,4,0
0,44,44,4
31,0,31,0
1,0,1,0
33,0,33,0
1,0,1,0
0,2,2,9
1,0,1,0
3,0,3,0
2,0,2,0
2,0,2,0
2,0,2,0
19,0,19,0
5,0,5,0
2,0,2,0
0,2,2,0
5,0,5,0
5,0,5,0
8,0,8,0
13,0,13,0
11,0,11,0
13,0,13,0
0,1,1,9
0,2,2,4
1,0,1,0
1,0,1,0
0,11,11,7
25,0,25,0
4,0,4,0
1,0,1,0
10,0,10,0
0,9,9,7
7,0,7,0
70,0,70,0
0,4,4,17
3,0,3,0
5,0,5,0
7,0,7,0
0,2,2,6
1,0,1,0
137,0,137,0
1,0,1,0
2,0,2,0
0,4,4,5
1,0,1,0
3,0,3,0
21,0,21,0
5,0,5,0
0,1,1,2
6,0,6,0
16,0,16,0
3,0,3,0
4,0,4,0
4,0,4,0
2,0,2,0
2,0,2,0
14,0,14,0
0,21,21,0
3,0,3,0
7,0,7,0
18,0,18,0
5,0,5,0
8,0,8,0
9,0,9,0
250,0,250,0
2,0,2,0
0,19,19,1
197,0,197,0
1,0,1,0
0,4,4,58
8,0,8,0
18,0,18,0
4,0,4,0
5,0,5,0
1,0,1,0
4,0,4,0
1,0,1,0
1,0,1,0
0,2,2,0
2,0,2,0
0,10,10,7
2,0,2,0
0,51,51,13
0,208,208,35
0,5,5,4
4,0,4,0
19,0,19,0
0,43,43,10
2,0,2,0
3,0,3,0
0,2,2,7
2,0,2,0
0,2,2,0
0,1,1,3
2,0,2,0
4,0,4,0
12,0,12,0
39,0,39,0
1,0,1,0
6,0,6,0
3,0,3,0
2,0,2,0
3,0,3,0
4,0,4,0
1,0,1,0
0,25,25,5
4,0,4,0
1,0,1,0
1,0,1,0
0,481,481,20
1,0,1,0
1,0,1,0
1,0,1,0
1,0,1,0
1,0,1,0
1,0,1,0
1,0,1,0
1,0,1,0
5,0,5,0
17,0,17,0
5,0,5,0
31,0,31,0
15,0,15,0
0,11,11,20
9,0,9,0
0,5,5,55
1,0,1,0
5,0,5,0
1,0,1,0
0,15,15,4
3,0,3,0
3,0,3,0
4,0,4,0
0,11,11,51
1,0,1,0
6,0,6,0
0,26,26,7
18,0,18,0
10,0,10,0
0,1,1,13
51,0,51,0
194,0,194,0
3,0,3,0
0,3,3,4
0,6,6,11
13,0,13,0
3,0,3,0
19,0,19,0
30,0,30,0
0,6,6,34
2,0,2,0
69,0,69,0
1,0,1,0
44,0,44,0
1,0,1,0
0,1,1,254
25,0,25,0
3,0,3,0
16,0,16,0
5,0,5,0
10,0,10,0
0,125,125,66
0,3,3,10
112,0,112,0
59,0,59,0
1,0,1,0
18,0,18,0
32,0,32,0
3,0,3,0
4,0,4,0
2,0,2,0
11,0,11,0
32,0,32,0
9,0,9,0
1,0,1,0
1,0,1,0
7,0,7,0
10,0,10,0
1,0,1,0
0,46,46,10
2,0,2,0
206,0,206,0
2,0,2,0
0,10,10,10
4,0,4,0
8,0,8,0
5,0,5,0
1,0,1,0
0,1,1,23
0,65,65,68
10,0,10,0
0,6,6,6
1,0,1,0
3,0,3,0
1,0,1,0
8,0,8,0
4,0,4,0
1,0,1,0
0,1,1,1
2,0,2,0
1,0,1,0
18,0,18,0
1,0,1,0
4,0,4,0
1,0,1,0
0,7,7,9
2,0,2,0
5,0,5,0
0,31,31,80
19,0,19,0
1,0,1,0
2,0,2,0
0,22,22,7
0,56,56,18
1,0,1,0
9,0,9,0
2,0,2,0
0,29,29,15
0,5,5,4
3,0,3,0
0,35,35,63
2,0,2,0
8,0,8,0
1,0,1,0
4,0,4,0
0,103,103,32
9,0,9,0
0,27,27,86
0,16,16,2
4,0,4,0
19,0,19,0
15,0,15,0
3,0,3,0
14,0,14,0
3,0,3,0
1,0,1,0
0,15,15,26
1,0,1,0
1,0,1,0
1,0,1,0
2,0,2,0
2,0,2,0
432,0,432,0
1,0,1,0
12,0,12,0
1,0,1,0
8,0,8,0
0,3,3,3
3,0,3,0
2,0,2,0
0,10,10,64
0,67,67,15
0,119,119,32
1,0,1,0
4,0,4,0
1,0,1,0
1,2,3,20
17,0,17,0
0,1,1,0
0,3,3,12
4,0,4,0
1,0,1,0
3,0,3,0
140,0,140,0
10,0,10,0
0,87,87,14
2,0,2,0
0,5,5,9
5,0,5,0
138,0,138,0
1,0,1,0
0,46,46,12
7,0,7,0
2,0,2,0
2,0,2,0
0,14,14,0
1,0,1,0
2,0,2,0
6,0,6,0
21,0,21,0
2,0,2,0
2,0,2,0
1,0,1,0
8,0,8,0
35,0,35,0
7,0,7,0
0,4,4,14
12,0,12,0
7,0,7,0
1,0,1,0
2,0,2,0
4,0,4,0
3,0,3,0
94,0,94,0
2,0,2,0
1,0,1,0
1,0,1,0
1,0,1,0
6,0,6,0
6,0,6,0
0,87,87,13
3,0,3,0
0,10,10,19
22,0,22,0
13,0,13,0
2,0,2,0
1,0,1,0
1,0,1,0
1,0,1,0
0,1,1,18
2,0,2,0
0,5,5,0
0,3,3,6
2,0,2,0
0,4,4,1
1,0,1,0
13,0,13,0
1,0,1,0
0,47,47,6
1,0,1,0
16,0,16,0
0,45,45,8
73,0,73,0
1,0,1,0
1,0,1,0
1,0,1,0
0,692,692,121
0,47,47,4
9,0,9,0
7,0,7,0
3,0,3,0
0,4,4,5
4,0,4,0
4,0,4,0
0,16,16,42
3,0,3,0
0,418,418,117
2,0,2,0
89,0,89,0
4,0,4,0
1,0,1,0
1,0,1,0
1,0,1,0
1,0,1,0
0,67,67,114
25,0,25,0
1,0,1,0
0,26,26,9
1,0,1,0
7,0,7,0
0,20,20,15
2,0,2,0
4,0,4,0
27,0,27,0
5,0,5,0
11,0,11,0
12,0,12,0
26,0,26,0
0,17,17,31
19,0,19,0
1,0,1,0
0,2,2,10
0,5,5,18
3,0,3,0
0,5,5,34
2,0,2,0
5,0,5,0
2,0,2,0
0,1,1,9
1,0,1,0
0,11,11,10
14,0,14,0
1,0,1,0
0,11,11,4
1,0,1,0
0,4,4,6
1,0,1,0
0,10,10,33
2,0,2,0
0,1,1,0
20,0,20,0
6,0,6,0
6,0,6,0
17,0,17,0
0,183,183,8
4,0,4,0
0,1,1,18
4,0,4,0
0,29,29,19
296,0,296,0
10,0,10,0
91,0,91,0
2,0,2,0
2,0,2,0
0,24,24,116
3,0,3,0
0,136,136,3
2,0,2,0
0,17,17,9
29,0,29,0
2,0,2,0
14,0,14,0
6,0,6,0
4,0,4,0
62,0,62,0
8,0,8,0
0,12,12,1
2,0,2,0
2,0,2,0
6,0,6,0
62,0,62,0
0,2,2,3
2,0,2,0
0,54,54,20
7,0,7,0
1,0,1,0
1,0,1,0
0,11,11,1
122,0,122,0
0,238,238,49
0,94,94,70
0,460,460,17
3,0,3,0
3,0,3,0
1,0,1,0
1,0,1,0
10,0,10,0
12,0,12,0
1,0,1,0
3,0,3,0
11,0,11,0
2,0,2,0
1,0,1,0
5,0,5,0
1,0,1,0
0,4,4,2
0,189,189,22
0,39,39,57
6,0,6,0
1,0,1,0
11,0,11,0
2,0,2,0
1,0,1,0
0,1,1,55
1,0,1,0
0,1,1,8
3,0,3,0
0,8,8,47
7,0,7,0
152,0,152,0
0,450,450,22
0,5,5,9
2,0,2,0
1,0,1,0
3,0,3,0
1,0,1,0
0,133,133,37
33,0,33,0
2,0,2,0
8,0,8,0
5,0,5,0
0,64,64,150
1,0,1,0
1,0,1,0
1,0,1,0
2,0,2,0
0,17,17,16
17,0,17,0
2,0,2,0
2,0,2,0
7,0,7,0
2,0,2,0
1,0,1,0
0,14,14,0
1,0,1,0
4,0,4,0
0,1,1,8
0,120,120,8
45,0,45,0
0,1,1,24
4,0,4,0
0,1,1,15
2,0,2,0
2,0,2,0
0,1,1,4
1,0,1,0
3,0,3,0
13,0,13,0
1,0,1,0
6,0,6,0
1,0,1,0
5,0,5,0
1,0,1,0
5,0,5,0
0,1,1,0
0,22,22,4
5,0,5,0
0,13,13,3
53,0,53,0
4,0,4,0
15,0,15,0
0,49,49,8
0,5,5,11
1,0,1,0
4,0,4,0
2,0,2,0
7,0,7,0
38,0,38,0
21,0,21,0
0,421,421,42
4,0,4,0
3,0,3,0
1,0,1,0
0,37,37,28
23,0,23,0
5,0,5,0
1,0,1,0
50,0,50,0
0,5,5,3
8,0,8,0
2,0,2,0
2,0,2,0
1,0,1,0
3,0,3,0
1,0,1,0
0,25,25,9
0,4,4,1
1,0,1,0
1,0,1,0
22,0,22,0
5,0,5,0
1,0,1,0
29,0,29,0
1,0,1,0
3,0,3,0
39,0,39,0
0,4,4,42
0,2,2,0
1,0,1,0
0,13,13,19
0,23,23,9
1,0,1,0
17,0,17,0
1,0,1,0
8,0,8,0
13,0,13,0
13,0,13,0
0,3,3,21
13,0,13,0
1,0,1,0
0,79,79,9
3,0,3,0
7,0,7,0
9,0,9,0
0,63,63,27
1,0,1,0
0,107,107,34
1,0,1,0
2,0,2,0
3,0,3,0
2,0,2,0
9,0,9,0
1,0,1,0
2,0,2,0
0,2,2,26
7,0,7,0
88,0,88,0
10,0,10,0
21,0,21,0
0,3,3,0
4,0,4,0
5,0,5,0
0,2,2,0
0,10,10,7
7,0,7,0
1,0,1,0
2,0,2,0
19,0,19,0
16,0,16,0
0,32,32,37
3,0,3,0
9,0,9,0
3,0,3,0
1,0,1,0
8,0,8,0
10,0,10,0
0,3,3,28
0,225,225,10
2,0,2,0
1,0,1,0
1,0,1,0
0,75,75,55
0,6,6,15
4,0,4,0
0,32,32,9
72,0,72,0
8,0,8,0
2,0,2,0
1,0,1,0
3,0,3,0
13,0,13,0
13,0,13,0
1,0,1,0
0,34,34,18
193,0,193,0
0,27,27,9
14,0,14,0
1,0,1,0
1,0,1,0
0,7,7,0
0,9,9,23
5,0,5,0
12,0,12,0
0,2,2,38
8,0,8,0
17,0,17,0
6,0,6,0
0,2,2,2
1,0,1,0
0,1,1,34
0,1,1,9
3,0,3,0
4,0,4,0
1,0,1,0
0,4,4,24
0,1,1,46
0,3,3,1
2,0,2,0
0,569,569,55
25,0,25,0
1,0,1,0
0,2,2,0
3,0,3,0
0,12,12,27
1,0,1,0
75,0,75,0
13,0,13,0
0,50,50,27
2,0,2,0
1,0,1,0
3,0,3,0
4,0,4,0
37,0,37,0
0,1,1,1
0,28,28,8
11,0,11,0
0,1,1,153
0,1,1,0
1,0,1,0
19,0,19,0
2,0,2,0
22,0,22,0
0,2,2,1
0,7,7,19
3,0,3,0
47,0,47,0
1,0,1,0
59,0,59,0
6,0,6,0
0,119,119,32
112,0,112,0
20,0,20,0
0,37,37,3
0,1,1,26
6,0,6,0
5,0,5,0
1,0,1,0
1,0,1,0
7,0,7,0
1,0,1,0
3,0,3,0
18,0,18,0
6,0,6,0
0,7,7,3
6,0,6,0
1247,0,1247,0
64,0,64,0
0,69,69,12
0,9,9,64
15,0,15,0
6,0,6,0
1,0,1,0
1,0,1,0
15,0,15,0
2,0,2,0
2,0,2,0
2,0,2,0
1,0,1,0
1,0,1,0
14,0,14,0
5,0,5,0
2,0,2,0
0,16,16,30
0,4,4,7
1,0,1,0
1,0,1,0
121,0,121,0
2,0,2,0
151,0,151,0
2,0,2,0
18,0,18,0
1,0,1,0
0,48,48,15
3,0,3,0
2,0,2,0
0,2,2,9
4,0,4,0
0,1,1,0
5,0,5,0
10,0,10,0
0,1,1,39
2,0,2,0
0,7,7,128
9,0,9,0
0,23,23,16
63,0,63,0
1,0,1,0
1,0,1,0
1139,0,1139,0
112,0,112,0
3,0,3,0
0,4,4,0
0,92,92,36
3,0,3,0
2,0,2,0
9,0,9,0
1,0,1,0
0,12,12,78
27,0,27,0
0,20,20,12
8,0,8,0
3,0,3,0
0,3,3,11
2,0,2,0
5,0,5,0
0,6,6,16
15,0,15,0
3,0,3,0
3,0,3,0
1,0,1,0
0,3,3,1
2,0,2,0
2,0,2,0
0,53,53,34
0,6,6,29
1,0,1,0
2,0,2,0
3,0,3,0
1,0,1,0
0,394,394,51
1,0,1,0
0,25,25,88
6,0,6,0
17,0,17,0
4,0,4,0
0,1,1,5
0,11,11,5
2,0,2,0
0,106,106,34
20,0,20,0
0,57,57,78
1,0,1,0
1,0,1,0
0,15,15,29
6,0,6,0
1,0,1,0
2,0,2,0
0,115,115,0
2,0,2,0
2,0,2,0
0,25,25,61
0,103,103,73
7,0,7,0
1,0,1,0
1,0,1,0
0,69,69,29
8,0,8,0
1,0,1,0
2,0,2,0
138,0,138,0
11,0,11,0
6,0,6,0
339,0,339,0
0,24,24,25
0,13,13,49
15,0,15,0
10,0,10,0
0,1,1,92
50,0,50,0
0,6,6,13
7,0,7,0
51,0,51,0
0,8,8,4
10,0,10,0
3,0,3,0
1,0,1,0
4,0,4,0
1,0,1,0
0,72,72,2
79,0,79,0
0,1,1,3
7,0,7,0
0,2,2,7
1,0,1,0
29,0,29,0
11,0,11,0
2,0,2,0
5,0,5,0
1,0,1,0
2,0,2,0
4,0,4,0
1,0,1,0
0,1,1,10
0,3,3,378
17,0,17,0
20,0,20,0
7,0,7,0
1,0,1,0
0,7,7,39
1,0,1,0
12,0,12,0
0,1,1,13
1,0,1,0
8,0,8,0
5,0,5,0
22,0,22,0
1,0,1,0
0,78,78,3
1,0,1,0
0,2,2,33
1,0,1,0
8,0,8,0
0,1,1,16
0,174,174,33
1,0,1,0
2,0,2,0
3,0,3,0
13,0,13,0
1,31,32,251
2,0,2,0
71,0,71,0
3,0,3,0
14,0,14,0
2,0,2,0
16,0,16,0
2,0,2,0
6,0,6,0
2,0,2,0
3,0,3,0
0,71,71,25
14,0,14,0
4,0,4,0
5,0,5,0
0,159,159,0
1,0,1,0
2,0,2,0
0,10,10,70
64,0,64,0
2,0,2,0
8,0,8,0
19,0,19,0
3,0,3,0
1,0,1,0
26,0,26,0
9,0,9,0
13,0,13,0
0,2,2,4
9,0,9,0
1,0,1,0
0,11,11,14
2,0,2,0
2,0,2,0
4,0,4,0
0,3,3,44
1,0,1,0
0,2,2,5
1,0,1,0
43,0,43,0
5,0,5,0
6,0,6,0
1,0,1,0
0,29,29,69
2,0,2,0
0,1,1,9
0,2,2,0
4,0,4,0
1,0,1,0
2,0,2,0
2,0,2,0
1,0,1,0
0,19,19,7
2,0,2,0
2,0,2,0
2,0,2,0
1,0,1,0
7,0,7,0
5,0,5,0
2,0,2,0
16,0,16,0
0,3,3,19
3,0,3,0
1,0,1,0
0,1,1,26
2,0,2,0
5,0,5,0
2,0,2,0
1,0,1,0
3,0,3,0
0,9,9,38
2,0,2,0
0,11,11,52
17,0,17,0
4,0,4,0
2,0,2,0
1,0,1,0
4,0,4,0
37,0,37,0
5,0,5,0
10,0,10,0
23,0,23,0
7,0,7,0
0,21,21,0
11,0,11,0
6,0,6,0
46,0,46,0
25,0,25,0
1,0,1,0
4,0,4,0
108,0,108,0
66,0,66,0
13,0,13,0
6,0,6,0
14,0,14,0
0,3,3,10
1,0,1,0
2,0,2,0
3,0,3,0
3,0,3,0
7,0,7,0
2,0,2,0
5,0,5,0
0,18,18,2
0,10,10,61
2,0,2,0
0,1,1,15
3,0,3,0
0,7,7,11
10,0,10,0
10,0,10,0
0,1,1,7
1,0,1,0
1,0,1,0
1,0,1,0
28,0,28,0
0,2,2,1
2,0,2,0
0,34,34,17
0,1,1,0
0,7,7,2
0,230,230,153
13,0,13,0
0,21,21,15
6,0,6,0
0,6,6,32
13,0,13,0
0,13,13,9
1,0,1,0
3,0,3,0
0,3,3,0
1,0,1,0
0,7,7,9
19,0,19,0
1,0,1,0
3,0,3,0
2,0,2,0
4,0,4,0
1,0,1,0
1,0,1,0
6,0,6,0
5,0,5,0
10,0,10,0
0,250,250,12
2,0,2,0
7,0,7,0
24,0,24,0
10,0,10,0
2,0,2,0
71,0,71,0
0,443,443,17
75,0,75,0
0,32,32,0
34,0,34,0
27,0,27,0
0,12,12,9
2,0,2,0
19,0,19,0
2,0,2,0
9,0,9,0
0,40,40,10
22,0,22,0
0,91,91,12
69,0,69,0
1,0,1,0
5,0,5,0
0,5,5,1
3,0,3,0
7,0,7,0
0,8,8,2
9,0,9,0
3,0,3,0
1,0,1,0
0,1,1,11
5,0,5,0
6,0,6,0
3,0,3,0
4,0,4,0
1,0,1,0
0,1,1,0
10,0,10,0
0,13,13,26
0,4,4,17
0,1,1,16
15,0,15,0
12,0,12,0
14,0,14,0
10,0,10,0
10,0,10,0
0,6,6,9
50,0,50,0
0,9,9,65
1,0,1,0
1,0,1,0
1,0,1,0
0,369,369,24
68,0,68,0
4,0,4,0
2,0,2,0
34,0,34,0
1,0,1,0
2,0,2,0
1,0,1,0
0,4,4,2
1,0,1,0
119,0,119,0
1,0,1,0
1,0,1,0
8,0,8,0
8,0,8,0
0,37,37,83
2,0,2,0
4,0,4,0
0,10,10,10
26,0,26,0
1,0,1,0
0,543,543,1
5,0,5,0
0,41,41,7
3,0,3,0
0,1,1,7
18,0,18,0
0,3,3,1
1,0,1,0
39,0,39,0
0,111,111,24
54,0,54,0
0,22,22,37
3,0,3,0
33,0,33,0
24,0,24,0
68,0,68,0
0,1,1,18
321,0,321,0
16,0,16,0
25,0,25,0
6,0,6,0
30,0,30,0
2,0,2,0
1,0,1,0
14,0,14,0
0,128,128,29
89,0,89,0
0,944,944,62
1,0,1,0
18,0,18,0
9,0,9,0
1,0,1,0
0,2,2,5
0,4,4,0
1,0,1,0
0,2,2,5
20,0,20,0
17,0,17,0
5,0,5,0
4,0,4,0
25,0,25,0
6,0,6,0
2,0,2,0
5,0,5,0
0,8,8,6
2,0,2,0
0,9,9,10
13,0,13,0
10,0,10,0
2,0,2,0
8,0,8,0
4,0,4,0
6,0,6,0
8,0,8,0
0,2,2,4
1,0,1,0
4,0,4,0
1,0,1,0
5,0,5,0
1,0,1,0
7,0,7,0
0,2,2,4
15,0,15,0
3,0,3,0
4,0,4,0
1,0,1,0
0,308,308,15
34,0,34,0
1,0,1,0
5,0,5,0
13,0,13,0
3,0,3,0
10,0,10,0
13,0,13,0
6,0,6,0
6,0,6,0
2,0,2,0
0,1,1,23
6,0,6,0
7,0,7,0
1,0,1,0
4,0,4,0
5,0,5,0
3,0,3,0
0,2,2,1
15,0,15,0
1,0,1,0
2,0,2,0
2,0,2,0
3,0,3,0
38,0,38,0
1,0,1,0
1,0,1,0
2,0,2,0
2,0,2,0
26,0,26,0
0,2,2,3
25,0,25,0
3,0,3,0
10,0,10,0
2,0,2,0
2,0,2,0
0,1,1,0
0,1,1,21
4,0,4,0
2,0,2,0
1,0,1,0
1,0,1,0
26,0,26,0
2,0,2,0
13,0,13,0
77,0,77,0
1,0,1,0
0,8,8,76
0,3,3,30
4,0,4,0
2,0,2,0
0,8,8,8
0,104,104,13
22,0,22,0
1,0,1,0
0,16,16,36
0,199,199,34
1,0,1,0
8,0,8,0
63,0,63,0
1,0,1,0
0,9,9,18
9,0,9,0
39,0,39,0
1,0,1,0
0,34,34,102
1,0,1,0
0,3,3,12
13,0,13,0
0,112,112,50
4,0,4,0
0,102,102,40
1,0,1,0
10,0,10,0
23,0,23,0
0,27,27,39
31,0,31,0
1,0,1,0
0,3,3,32
73,0,73,0
1,0,1,0
0,319,319,38
1,0,1,0
0,50,50,9
15,0,15,0
2,0,2,0
57,0,57,0
2,0,2,0
5,0,5,0
1,0,1,0
1,0,1,0
1,0,1,0
13,0,13,0
1,0,1,0
1,0,1,0
1,0,1,0
1,0,1,0
0,10,10,34
1,0,1,0
1,0,1,0
2,0,2,0
210,0,210,0
0,7,7,14
6,0,6,0
21,0,21,0
22,0,22,0
38,0,38,0
0,1,1,19
0,149,149,135
1,0,1,0
21,0,21,0
1,0,1,0
2,0,2,0
2,0,2,0
4,0,4,0
0,77,77,3
0,63,63,31
55,0,55,0
0,1,1,25
3,0,3,0
4,0,4,0
9,0,9,0
194,0,194,0
7,0,7,0
27,0,27,0
73,0,73,0
33,0,33,0
16,0,16,0
25,0,25,0
2,0,2,0
0,32,32,6
1,0,1,0
1,0,1,0
0,1,1,17
31,0,31,0
31,0,31,0
18,0,18,0
2,0,2,0
0,52,52,24
11,0,11,0
0,73,73,73
1,0,1,0
4,0,4,0
2,0,2,0
5,0,5,0
6,0,6,0
3,0,3,0
0,30,30,5
0,1,1,15
13,0,13,0
5,0,5,0
3,0,3,0
3,0,3,0
1,0,1,0
4,0,4,0
1,0,1,0
2,0,2,0
9,0,9,0
1,0,1,0
90,0,90,0
3,0,3,0
0,2,2,24
7,0,7,0
7,0,7,0
32,0,32,0
0,3,3,2
6,0,6,0
19,0,19,0
2,0,2,0
1,0,1,0
27,0,27,0
1,0,1,0
17,0,17,0
2,0,2,0
0,18,18,107
295,0,295,0
0,31,31,67
9,0,9,0
1,0,1,0
12,0,12,0
4,0,4,0
0,9,9,17
7,0,7,0
4,0,4,0
5,0,5,0
18,0,18,0
4,0,4,0
26,0,26,0
0,33,33,7
8,0,8,0
22,0,22,0
0,9,9,40
1,0,1,0
9,0,9,0
0,331,331,2
2,0,2,0
6,0,6,0
6,0,6,0
0,1,1,3
32,0,32,0
12,0,12,0
0,3,3,3
1,0,1,0
2,0,2,0
3,0,3,0
0,119,119,40
1,0,1,0
1,0,1,0
18,0,18,0
2,0,2,0
0,8,8,41
3,0,3,0
0,6,6,55
0,8,8,95
0,2,2,34
0,7,7,79
2,0,2,0
16,0,16,0
10,0,10,0
0,353,353,15
2,0,2,0
4,0,4,0
2,0,2,0
2,0,2,0
65,0,65,0
27,0,27,0
6,0,6,0
5,0,5,0
7,0,7,0
0,48,48,29
1,0,1,0
10,0,10,0
8,0,8,0
3,0,3,0
0,3,3,13
29,0,29,0
1,0,1,0
10,0,10,0
0,2,2,6
0,2,2,3
2,0,2,0
0,80,80,44
2,0,2,0
13,0,13,0
3,0,3,0
92,0,92,0
1,0,1,0
1,0,1,0
11,0,11,0
2,0,2,0
0,3,3,41
27,0,27,0
0,138,138,41
16,0,16,0
4,0,4,0
4,0,4,0
6,0,6,0
5,0,5,0
0,5,5,107
2,0,2,0
3,0,3,0
1,0,1,0
2,0,2,0
3,0,3,0
8,0,8,0
18,0,18,0
0,19,19,0
0,4,4,3
1,0,1,0
1,0,1,0
4,0,4,0
0,4,4,124
10,0,10,0
3,0,3,0
28,0,28,0
1,0,1,0
8,0,8,0
3,0,3,0
164,0,164,0
1,0,1,0
54,0,54,0
4,0,4,0
15,0,15,0
11,0,11,0
4,0,4,0
68,0,68,0
156,0,156,0
4,0,4,0
2,0,2,0
3,0,3,0
0,1160,1160,56
1225,0,1225,0
7,0,7,0
0,27,27,24
2,0,2,0
0,113,113,8
66,0,66,0
15,0,15,0
18,0,18,0
1,0,1,0
10,0,10,0
0,18,18,50
2,0,2,0
2,0,2,0
0,118,118,5
0,16,16,1
83,0,83,0
4,0,4,0
0,55,55,11
0,32,32,0
39,0,39,0
69,0,69,0
0,26,26,25
0,11,11,5
0,11,11,8
2,0,2,0
146,0,146,0
1,0,1,0
0,2,2,24
0,28,28,3
27,0,27,0
0,538,538,85
8,0,8,0
4,0,4,0
24,0,24,0
4,0,4,0
0,5,5,99
0,4,4,9
1,0,1,0
15,0,15,0
1,0,1,0
3,0,3,0
0,107,107,6
0,69,69,27
115,0,115,0
89,0,89,0
5,0,5,0
2,0,2,0
0,2,2,6
40,0,40,0
1,0,1,0
0,49,49,10
1,0,1,0
4,0,4,0
0,2,2,5
83,0,83,0
0,5,5,156
13,0,13,0
0,667,667,44
15,0,15,0
30,0,30,0
31,0,31,0
0,1,1,2
2,0,2,0
0,20,20,22
6,0,6,0
1,0,1,0
0,4,4,2
2,0,2,0
3,0,3,0
1,0,1,0
9,0,9,0
5,0,5,0
2,0,2,0
1,0,1,0
0,3,3,95
14,0,14,0
64,0,64,0
0,127,127,4
5,0,5,0
7,0,7,0
1,0,1,0
14,0,14,0
1,0,1,0
4,0,4,0
3,0,3,0
0,9,9,16
31,0,31,0
0,33,33,123
2,0,2,0
0,7,7,89
0,73,73,25
3,0,3,0
0,176,176,48
166,0,166,0
0,3,3,18
3,0,3,0
0,2,2,5
0,56,56,6
0,1,1,0
1,0,1,0
6,0,6,0
0,8,8,7
6,0,6,0
0,5,5,18
2,0,2,0
3,0,3,0
0,5,5,40
1,0,1,0
1,0,1,0
1,0,1,0
22,0,22,0
3,0,3,0
1,0,1,0
0,1,1,11
2,0,2,0
1,0,1,0
151,0,151,0
6,0,6,0
0,30,30,25
0,2,2,45
2,0,2,0
0,78,78,5
3,0,3,0
0,68,68,7
57,0,57,0
0,9,9,2
0,8,8,15
5,0,5,0
78,0,78,0
0,65,65,45
0,9,9,20
6,0,6,0
0,3,3,14
1,0,1,0
0,14,14,52
0,49,49,58
1,0,1,0
4,0,4,0
3,0,3,0
0,9,9,16
1,0,1,0
0,18,18,94
10,0,10,0
9,0,9,0
0,1,1,14
8,0,8,0
1,0,1,0
0,4,4,13
1,0,1,0
48,0,48,0
0,3,3,11
6,0,6,0
3,0,3,0
15,0,15,0
0,216,216,1
5,0,5,0
38,0,38,0
3,0,3,0
2,0,2,0
0,83,83,0
3,0,3,0
0,1,1,15
2,0,2,0
1,0,1,0
0,72,72,4
39,0,39,0
1,0,1,0
2,0,2,0
6,0,6,0
0,24,24,4
8,0,8,0
12,0,12,0
1,0,1,0
2,0,2,0
61,0,61,0
1,0,1,0
2,0,2,0
5,0,5,0
3,0,3,0
1,0,1,0
0,6,6,9
2,0,2,0
1,0,1,0
4,0,4,0
4,0,4,0
1,0,1,0
1,0,1,0
15,0,15,0
4,0,4,0
9,0,9,0
9,0,9,0
2,0,2,0
3,0,3,0
0,1,1,5
0,15,15,152
1,0,1,0
1,0,1,0
0,312,312,19
0,75,75,24
7,0,7,0
1,0,1,0
7,0,7,0
0,12,12,5
2,0,2,0
14,0,14,0
5,0,5,0
0,2,2,7
3,0,3,0
0,2,2,9
1,0,1,0
8,0,8,0
29,0,29,0
4,0,4,0
2,0,2,0
0,7,7,11
2,0,2,0
9,0,9,0
27,0,27,0
2,0,2,0
0,9,9,35
1,0,1,0
0,49,49,23
7,0,7,0
1,0,1,0
1,0,1,0
4,0,4,0
3,0,3,0
1,0,1,0
3,0,3,0
29,0,29,0
0,1,1,0
7,0,7,0
0,8,8,17
7,0,7,0
1,0,1,0
3,0,3,0
68,0,68,0
1,0,1,0
1,0,1,0
2,0,2,0
1,0,1,0
0,8,8,44
0,26,26,20
1,0,1,0
0,6,6,0
0,36,36,66
1,0,1,0
7,0,7,0
3,0,3,0
0,1,1,2
5,0,5,0
6,0,6,0
12,0,12,0
2,0,2,0
1,0,1,0
0,131,131,34
0,1,1,49
5,0,5,0
4,0,4,0
0,45,45,8
18,0,18,0
16,0,16,0
41,0,41,0
15,0,15,0
5,0,5,0
1,25,26,0
7,0,7,0
16,0,16,0
0,31,31,85
1,0,1,0
6,0,6,0
1,0,1,0
4,0,4,0
5,0,5,0
1,0,1,0
0,1,1,11
1,0,1,0
1,0,1,0
0,684,684,77
50,0,50,0
0,2,2,11
5,0,5,0
24,0,24,0
3,0,3,0
0,4,4,45
0,2,2,5
6,0,6,0
1,0,1,0
0,742,742,2
1,0,1,0
16,0,16,0
0,8,8,0
0,1,1,10
1,0,1,0
1,0,1,0
14,0,14,0
1,0,1,0
7,0,7,0
12,0,12,0
0,24,24,1
27,0,27,0
2,0,2,0
0,14,14,25
0,20,20,61
12,0,12,0
12,0,12,0
0,3,3,11
10,0,10,0
0,319,319,9
0,17,17,32
0,83,83,119
9,0,9,0
0,12,12,9
0,52,52,20
49,0,49,0
1,0,1,0
0,228,228,42
4,0,4,0
8,0,8,0
75,0,75,0
3,0,3,0
0,1,1,0
1,0,1,0
15,0,15,0
28,0,28,0
25,0,25,0
1,0,1,0
4,0,4,0
3,0,3,0
0,1,1,3
1,0,1,0
6,0,6,0
0,34,34,20
1,0,1,0
5,0,5,0
6,0,6,0
9,0,9,0
55,0,55,0
1,0,1,0
26,0,26,0
0,1,1,2
1,0,1,0
43,0,43,0
2,0,2,0
0,12,12,5
1,0,1,0
2,0,2,0
1,0,1,0
29,0,29,0
0,13,13,9
0,2,2,74
29,0,29,0
2,0,2,0
3,0,3,0
4,0,4,0
10,0,10,0
0,15,15,30
17,0,17,0
92,0,92,0
0,64,64,7
30,0,30,0
12,0,12,0
0,4,4,6
0,14,14,21
1,0,1,0
1,0,1,0
1,0,1,0
2,0,2,0
40,0,40,0
0,1,1,25
1,0,1,0
0,12,12,134
4,0,4,0
2,0,2,0
0,7,7,0
2,0,2,0
0,7,7,4
0,9,9,48
0,31,31,40
29,0,29,0
0,129,129,12
0,9,9,1
1,0,1,0
5,0,5,0
0,2,2,7
11,0,11,0
15,0,15,0
1,0,1,0
0,8,8,59
0,7,7,50
12,0,12,0
68,0,68,0
4,0,4,0
0,875,875,36
7,0,7,0
2,0,2,0
0,176,176,39
150,0,150,0
0,61,61,38
12,0,12,0
7,0,7,0
2,0,2,0
0,1,1,0
6,0,6,0
68,0,68,0
157,0,157,0
0,90,90,74
1,0,1,0
5,0,5,0
0,4,4,563
1,0,1,0
3,0,3,0
0,38,38,28
10,0,10,0
3,0,3,0
27,0,27,0
0,3,3,2
5,0,5,0
5,0,5,0
0,1,1,1
1,0,1,0
1,0,1,0
0,2,2,8
1,0,1,0
0,20,20,33
7,0,7,0
7,0,7,0
1,0,1,0
0,129,129,22
0,26,26,8
5,0,5,0
0,3,3,11
2,0,2,0
6,0,6,0
0,8,8,9
0,37,37,50
3,0,3,0
0,317,317,253
1,0,1,0
0,29,29,15
2,0,2,0
0,144,144,9
10,0,10,0
0,17,17,12
36,0,36,0
1,0,1,0
5,0,5,0
1,0,1,0
0,21,21,1
12,0,12,0
7,0,7,0
1,0,1,0
1,0,1,0
3,0,3,0
0,4,4,4
1,0,1,0
0,7,7,17
2,0,2,0
7,0,7,0
28,0,28,0
6,0,6,0
1,0,1,0
8,0,8,0
2,0,2,0
2,0,2,0
1,0,1,0
1,0,1,0
6,0,6,0
15,0,15,0
35,0,35,0
44,0,44,0
0,23,23,0
1,0,1,0
50,0,50,0
63,0,63,0
8,0,8,0
1,0,1,0
2,0,2,0
2,0,2,0
0,3,3,45
1,0,1,0
0,62,62,64
4,0,4,0
5,0,5,0
1,0,1,0
36,0,36,0
1,0,1,0
2,0,2,0
42,0,42,0
0,2,2,1
3,0,3,0
0,2,2,0
5,0,5,0
0,44,44,43
56,0,56,0
37,0,37,0
1,0,1,0
3,0,3,0
0,14,14,49
10,0,10,0
2,0,2,0
0,2,2,4
0,8,8,48
0,27,27,1
0,25,25,7
3,0,3,0
1,0,1,0
2,0,2,0
3,0,3,0
0,15,15,32
3,0,3,0
1,0,1,0
1,0,1,0
1,0,1,0
0,2,2,0
0,1,1,2
12,0,12,0
0,3,3,1
0,4,4,2
0,2,2,0
2,0,2,0
3,0,3,0
2,0,2,0
0,69,69,21
80,0,80,0
3,0,3,0
16,0,16,0
0,1,1,0
2,0,2,0
4,0,4,0
0,2,2,0
0,36,36,1
7,0,7,0
4,0,4,0
27,0,27,0
0,36,36,1
0,134,134,35
126,0,126,0
4,0,4,0
4,0,4,0
13,0,13,0
15,0,15,0
1,0,1,0
19,0,19,0
1,0,1,0
20,0,20,0
0,3,3,10
0,36,36,12
9,0,9,0
10,0,10,0
1,0,1,0
21,0,21,0
0,31,31,11
1,0,1,0
0,31,31,3
12,0,12,0
2,0,2,0
2,0,2,0
236,0,236,0
1,0,1,0
0,36,36,14
3,0,3,0
2,0,2,0
1,0,1,0
3,0,3,0
2,0,2,0
13,0,13,0
0,35,35,13
4,0,4,0
2,0,2,0
0,3,3,1
3,0,3,0
2,0,2,0
165,0,165,0
1,0,1,0
3,0,3,0
1,0,1,0
22,0,22,0
1,0,1,0
49,0,49,0
1,0,1,0
7,0,7,0
1,0,1,0
0,18,18,8
3,0,3,0
0,1,1,3
6,0,6,0
1,0,1,0
4,0,4,0
3,0,3,0
2,0,2,0
0,35,35,10
7,0,7,0
14,0,14,0
3,0,3,0
0,45,45,1
2,0,2,0
2,0,2,0
4,0,4,0
3,0,3,0
2,0,2,0
0,3,3,4
0,35,35,11
10,0,10,0
1,0,1,0
2,0,2,0
15,0,15,0
5,0,5,0
1,0,1,0
4,0,4,0
36,0,36,0
0,14,14,14
2,0,2,0
0,124,124,25
2,0,2,0
0,26,26,39
2,0,2,0
0,27,27,31
4,0,4,0
45,0,45,0
1,0,1,0
1,0,1,0
17,0,17,0
0,44,44,55
5,0,5,0
1,0,1,0
0,1262,1262,6
0,11,11,3
3,0,3,0
0,9,9,39
1,0,1,0
2,0,2,0
5,0,5,0
0,189,189,64
70,0,70,0
2,0,2,0
1,0,1,0
4,0,4,0
11,0,11,5
0,8,8,10
0,2,2,9
5,0,5,0
0,6,6,39
0,7,7,2
3,0,3,0
62,0,62,0
1,0,1,0
0,17,17,8
2,0,2,0
27,0,27,0
2,0,2,0
1,0,1,0
9,0,9,0
2,0,2,0
0,3,3,5
0,10,10,8
27,0,27,0
3,0,3,0
1,0,1,0
2,0,2,0
6,0,6,0
0,1,1,10
1,0,1,0
2,0,2,0
0,4,4,3
0,7,7,44
14,0,14,0
1,0,1,0
0,92,92,57
4,0,4,0
25,0,25,0
0,60,60,38
2,0,2,0
1,0,1,0
14,0,14,0
13,0,13,0
0,2,2,2
8,0,8,0
1,0,1,0
23,0,23,0
0,5,5,4
0,1,1,6
11,0,11,0
36,0,36,0
0,29,29,34
0,148,148,16
2,0,2,0
3,0,3,0
1,0,1,0
8,0,8,0
3,0,3,0
1,0,1,0
3,0,3,0
2,0,2,0
2,0,2,0
0,81,81,10
130,0,130,0
3,0,3,0
0,30,30,8
27,0,27,0
3,0,3,0
68,0,68,0
1,0,1,0
1,0,1,0
0,17,17,43
10,0,10,0
0,61,61,148
4,0,4,0
0,79,79,5
0,2,2,7
1,0,1,0
10,0,10,0
1,0,1,0
1,0,1,0
0,160,160,3
3,0,3,0
1,0,1,0
2,0,2,0
26,0,26,0
3,0,3,0
0,7,7,3
0,30,30,4
1,0,1,0
4,0,4,0
4,0,4,0
0,1,1,0
3,0,3,0
0,1,1,31
117,0,117,0
0,9,9,68
2,0,2,0
1,0,1,0
0,10,10,4
4,0,4,0
2,0,2,0
1,0,1,0
0,28,28,10
2,0,2,0
2,0,2,0
0,2,2,9
4,0,4,0
5,0,5,0
9,0,9,0
2,0,2,0
2,0,2,0
1,0,1,0
5,0,5,0
2,0,2,0
0,5,5,3
2,0,2,0
4,0,4,0
4,0,4,0
1,0,1,0
4,0,4,0
4,0,4,0
28,0,28,0
4,0,4,0
1,0,1,0
3,0,3,0
0,197,197,156
35,0,35,0
2,0,2,0
85,0,85,0
16,0,16,0
2,0,2,0
0,10,10,4
20,0,20,0
0,3,3,7
2,0,2,0
1,0,1,0
17,0,17,0
3,0,3,0
7,0,7,0
14,0,14,0
1,0,1,0
3,0,3,0
40,0,40,0
3,0,3,0
1,0,1,0
1,0,1,0
2,0,2,0
0,14,14,18
2,0,2,0
13,0,13,0
0,6,6,33
7,0,7,0
0,8,8,2
2,0,2,0
0,2,2,23
85,0,85,0
5,0,5,0
137,0,137,0
1,0,1,0
19,0,19,0
15,0,15,0
0,1,1,0
7,0,7,0
0,6,6,24
11,0,11,0
2,0,2,0
19,0,19,0
0,133,133,142
4,0,4,0
1,0,1,0
22,0,22,0
4,0,4,0
17,0,17,0
0,16,16,8
1,0,1,0
3,0,3,0
2,0,2,0
10,0,10,0
1,0,1,0
0,1,1,0
21,5,26,1
0,44,44,21
2,0,2,0
40,0,40,0
1,0,1,0
6,0,6,0
1,0,1,0
6,0,6,0
3,0,3,0
1,0,1,0
0,26,26,13
5,0,5,0
1,0,1,0
0,1,1,39
0,1,1,58
15,0,15,0
6,0,6,0
0,92,92,20
2,0,2,0
7,0,7,0
0,26,26,4
26,0,26,0
9,0,9,0
0,5,5,4
145,0,145,0
0,18,18,3
29,0,29,0
3,0,3,0
2,0,2,0
0,21,21,12
0,123,123,41
1,0,1,0
0,64,64,30
4,0,4,0
0,22,22,120
16,0,16,0
0,5,5,4
9,0,9,0
0,17,17,0
0,3,3,2
4,0,4,0
0,338,338,47
264,0,264,0
5,0,5,0
93,0,93,0
0,19,19,3
2,0,2,0
0,9,9,33
6,0,6,0
1,0,1,0
0,17,17,1
14,0,14,0
33,0,33,0
7,0,7,0
6,0,6,0
6,0,6,0
7,0,7,0
3,0,3,0
3,0,3,0
1,0,1,0
5,0,5,0
0,5,5,5
0,108,108,9
3,0,3,0
45,0,45,0
3,0,3,0
18,0,18,0
5,0,5,0
0,35,35,6
60,0,60,0
1,0,1,0
1,0,1,0
112,0,112,0
5,0,5,0
0,1,1,0
28,0,28,0
1,0,1,0
8,0,8,0
0,6,6,0
0,2,2,2
32,0,32,0
0,4,4,46
0,279,279,13
0,32,32,128
3,0,3,0
61,0,61,0
11,0,11,0
12,0,12,0
5,0,5,0
15,0,15,0
42,0,42,0
7,0,7,0
142,0,142,0
582,0,582,0
0,22,22,28
47,0,47,0
1,0,1,0
0,43,43,7
3,0,3,0
23,0,23,0
0,62,62,13
0,8,8,1
16,0,16,0
1,0,1,0
0,1,1,17
2,0,2,0
1,0,1,0
44,0,44,0
0,11,11,15
1,0,1,0
17,0,17,0
0,69,69,11
1,0,1,0
1,0,1,0
2,0,2,0
2,0,2,0
8,0,8,0
13,0,13,0
17,0,17,0
0,12,12,45
12,0,12,0
41,0,41,0
4,0,4,0
24,0,24,0
2,0,2,0
30,0,30,0
0,9,9,0
7,0,7,0
7,0,7,0
8,0,8,0
1,0,1,0
8,0,8,0
1787,0,1787,0
0,5,5,3
9,0,9,0
7,0,7,0
155,0,155,0
8,0,8,0
12,0,12,0
46,0,46,0
0,27,27,22
1,0,1,0
5,0,5,0
2,0,2,0
23,0,23,0
2,0,2,0
2,0,2,0
1,0,1,0
38,0,38,0
5,0,5,0
4,0,4,0
0,3,3,1
2,0,2,0
2,0,2,0
2,0,2,0
0,12,12,42
7,0,7,0
2,0,2,0
0,2,2,11
3,0,3,0
2,0,2,0
41,0,41,0
2,0,2,0
1,0,1,0
6,0,6,0
0,21,21,17
72,0,72,0
12,0,12,0
3,0,3,0
6,0,6,0
0,14,14,11
0,22,22,42
1,0,1,0
1,0,1,0
1,0,1,0
0,92,92,10
66,0,66,0
4,0,4,0
13,0,13,0
5,0,5,0
11,0,11,0
9,0,9,0
61,0,61,0
0,64,64,42
6,0,6,0
1,0,1,0
5,0,5,0
16,0,16,0
23,0,23,0
0,19,19,34
0,2,2,7
5,0,5,0
173,0,173,0
3,0,3,0
7,0,7,0
15,0,15,0
2,0,2,0
8,0,8,0
0,39,39,19
6,0,6,0
0,12,12,6
1,0,1,0
0,15,15,9
18,0,18,0
2,0,2,0
1,0,1,0
0,3,3,72
4,0,4,0
0,6,6,8
2,0,2,0
0,2,2,0
6,0,6,0
10,0,10,0
3,0,3,0
20,0,20,0
3,0,3,0
1,0,1,0
1,0,1,0
16,0,16,0
1,0,1,0
0,5,5,4
3,0,3,0
5,0,5,0
4,0,4,0
0,44,44,12
4,0,4,0
89,0,89,0
6,0,6,0
0,10,10,8
0,2,2,11
1,0,1,0
9,0,9,0
0,16,16,34
3,0,3,0
1,0,1,0
1,0,1,0
0,5,5,3
4,0,4,0
4,0,4,0
0,4,4,14
0,4,4,9
75,0,75,0
2,0,2,0
0,1,1,3
2,0,2,0
2,0,2,0
14,0,14,0
3,0,3,0
6,0,6,0
2,0,2,0
49,0,49,0
3,0,3,0
0,20,20,4
2,0,2,0
0,98,98,129
3,0,3,0
6,0,6,0
3,0,3,0
1,0,1,0
11,0,11,0
0,11,11,13
24,0,24,0
3,0,3,0
3,0,3,0
0,11,11,30
2,0,2,0
0,6,6,0
0,6,6,28
2,0,2,0
0,28,28,7
15,0,15,0
0,8,8,3
12,0,12,0
14,0,14,0
2,0,2,0
0,40,40,66
1,0,1,0
2,0,2,0
30,0,30,0
0,1,1,0
3,0,3,0
0,1,1,0
175,0,175,0
11,0,11,0
24,0,24,0
17,0,17,0
8,0,8,0
3,0,3,0
1,0,1,0
174,0,174,0
2,0,2,0
14,0,14,0
1,0,1,0
2,0,2,0
5,0,5,0
6,0,6,0
0,7,7,32
0,25,25,15
1,0,1,0
2,0,2,0
15,0,15,0
0,2,2,14
0,110,110,21
1,0,1,0
2,0,2,0
0,253,253,77
0,86,86,8
2,0,2,0
9,0,9,0
0,1,1,19
1,0,1,0
0,16,16,13
0,12,12,12
10,0,10,0
125,0,125,0
10,0,10,0
0,3,3,116
0,10,10,9
7,0,7,0
0,429,429,58
2,0,2,0
1,0,1,12
0,7,7,31
1,0,1,0
39,0,39,0
236,0,236,0
0,95,95,59
10,0,10,0
2,0,2,0
5,0,5,0
0,699,699,27
1,0,1,0
2,0,2,0
4,0,4,0
7,0,7,0
2,0,2,0
0,27,27,2
14,0,14,0
2,0,2,0
0,1,1,24
4,0,4,0
0,2,2,7
1,0,1,0
0,20,20,60
8,0,8,0
18,0,18,0
0,1,1,2
12,0,12,0
6,0,6,0
23,0,23,0
10,0,10,0
30,0,30,0
2,0,2,0
4,0,4,0
3,0,3,0
2,0,2,0
14,0,14,0
1,0,1,0
0,20,20,0
0,6,6,49
1,0,1,0
3,0,3,0
46,0,46,0
4,0,4,0
38,0,38,0
1,0,1,0
0,2,2,4
0,42,42,12
8,0,8,0
9,0,9,0
5,0,5,0
1,0,1,0
0,1,1,1
0,354,354,90
2,0,2,0
1,0,1,0
7,0,7,0
0,12,12,30
1,0,1,0
15,0,15,0
0,21,21,31
0,11,11,0
2,0,2,0
0,11,11,23
3,0,3,0
2,0,2,0
1,0,1,0
2,0,2,0
0,66,66,32
18,0,18,0
0,3,3,3
1,0,1,0
10,0,10,0
44,0,44,0
7,0,7,0
0,3,3,1
2,0,2,0
10,0,10,0
0,4,4,8
2,0,2,0
2,0,2,0
1,0,1,0
1,0,1,0
1,0,1,0
0,35,35,6
2,0,2,0
2,0,2,0
5,0,5,0
4,0,4,0
0,4,4,6
289,0,289,0
1,0,1,0
159,0,159,0
1270,0,1270,0
2,0,2,0
0,4,4,0
0,2,2,1
0,19,19,0
17,0,17,0
1,0,1,0
4,0,4,0
0,1,1,4
0,1,1,13
0,3,3,4
2,0,2,0
1,0,1,0
11,0,11,0
95,0,95,0
59,0,59,0
1,0,1,0
0,4,4,15
1,0,1,0
1,0,1,0
52,0,52,0
6,0,6,0
3,0,3,0
15,0,15,0
2,0,2,0
1,0,1,0
4,0,4,0
12,0,12,0
1,0,1,0
1,0,1,0
10,0,10,0
2,0,2,0
7,0,7,0
5,0,5,0
17,0,17,0
0,91,91,19
14,0,14,0
2,0,2,0
6,0,6,0
8,0,8,0
3,0,3,0
1,0,1,0
9,0,9,0
2,0,2,0
3,0,3,0
0,81,81,26
4,0,4,0
0,2,2,37
0,3,3,21
2,0,2,0
1,0,1,0
14,0,14,0
31,0,31,0
0,540,540,116
6,0,6,0
4,0,4,0
6,0,6,0
0,8,8,2
0,6,6,0
1,0,1,0
0,17,17,21
2,0,2,0
4,0,4,0
3,0,3,0
47,0,47,0
5,0,5,0
1,140,141,87
1,0,1,0
0,8,8,8
2,0,2,0
2,0,2,0
1,0,1,0
2,0,2,0
0,190,190,12
13,0,13,0
0,1,1,7
1,0,1,0
1,0,1,0
30,0,30,0
4,0,4,0
0,1,1,0
3,0,3,0
13,0,13,0
8,0,8,0
35,0,35,0
308,0,308,0
0,628,628,27
220,0,220,0
2,0,2,0
2,0,2,0
0,12,12,21
3,0,3,0
7,0,7,0
2,0,2,0
53,0,53,0
1,0,1,0
3,0,3,0
4,0,4,0
4,0,4,0
1,0,1,0
27,0,27,0
0,13,13,23
1,0,1,0
0,66,66,31
13,0,13,0
0,39,39,11
0,14,14,7
2,0,2,0
2,0,2,0
1,0,1,0
4,0,4,0
1,0,1,0
4,0,4,0
1,0,1,0
0,2,2,2
4,0,4,0
3,0,3,0
0,3,3,21
3,0,3,0
0,149,149,9
2,0,2,0
6,0,6,0
3,0,3,0
2,0,2,0
3,0,3,0
14,0,14,0
602,0,602,0
1,0,1,0
12,0,12,0
0,1124,1124,60
5,0,5,0
1,0,1,0
0,4,4,24
2,0,2,0
1,0,1,0
1,0,1,0
0,26,26,4
22,0,22,0
0,112,112,4
9,0,9,0
1,0,1,0
1,0,1,0
4,0,4,0
0,14,14,13
3,0,3,0
0,5,5,3
22,0,22,0
1,0,1,0
0,49,49,38
4,0,4,0
0,25,25,106
0,2,2,4
1,0,1,0
0,12,12,18
8,0,8,0
1,0,1,0
8,0,8,0
0,45,45,4
0,1,1,24
0,149,149,56
59,0,59,0
0,5,5,19
2,0,2,0
0,29,29,1
7,0,7,0
0,3,3,23
104,0,104,0
1,0,1,0
1,0,1,0
1,0,1,0
1,0,1,0
1,0,1,0
21,0,21,0
0,8,8,0
1,0,1,0
0,9,9,1
14,0,14,0
2,0,2,0
102,0,102,0
2,0,2,0
1,0,1,0
0,15,15,10
7,0,7,0
2,0,2,0
4,0,4,0
1,0,1,0
7,0,7,0
0,12,12,42
3,0,3,0
7,0,7,0
0,5,5,9
1,0,1,0
0,6,6,2
11,0,11,0
4,0,4,0
0,202,202,14
0,64,64,3
1,0,1,0
3,0,3,0
0,2,2,4
0,1,1,4
51,0,51,0
0,93,93,87
3,0,3,0
6,0,6,0
0,4,4,0
0,35,35,5
10,0,10,0
43,0,43,0
3,0,3,0
0,69,69,18
3,0,3,0
4,0,4,0
6,0,6,0
11,0,11,0
6,0,6,0
0,7,7,28
0,24,24,13
19,0,19,0
2,0,2,0
0,5,5,13
1,0,1,0
4,0,4,0
0,27,27,19
2,0,2,0
1,0,1,0
0,41,41,13
33,0,33,0
0,1,1,2
2,0,2,0
407,0,407,0
5,0,5,0
0,9,9,11
1,0,1,0
0,2,2,4
0,42,42,48
17,0,17,0
1,0,1,0
6,0,6,0
0,7,7,17
0,44,44,19
7,0,7,0
13,0,13,0
0,89,89,57
27,0,27,0
2,0,2,0
20,0,20,0
2,0,2,0
1,0,1,0
0,225,225,8
17,0,17,0
23,0,23,0
0,115,115,91
9,0,9,0
3,0,3,0
5,0,5,0
1,0,1,0
4,0,4,0
0,13,13,42
17,0,17,0
8,0,8,0
6,0,6,0
1,0,1,0
1,0,1,0
0,24,24,28
0,3,3,75
2,0,2,0
1,0,1,0
0,3,3,4
8,0,8,0
2,0,2,0
6,0,6,0
6,0,6,0
3,0,3,0
98,0,98,0
67,0,67,0
4,0,4,0
9,0,9,0
4,0,4,0
1,0,1,0
1,0,1,0
9,0,9,0
5,0,5,0
0,24,24,13
4,0,4,0
0,68,68,2
2,0,2,0
1,0,1,0
6,0,6,0
1,0,1,0
1,0,1,0
7,0,7,0
0,4,4,10
2,0,2,0
29,0,29,0
14,0,14,0
0,262,262,10
99,0,99,0
1,0,1,0
1,0,1,0
47,0,47,0
0,3,3,0
2,0,2,0
2,0,2,0
0,1114,1114,112
750,0,750,0
2,0,2,0
13,0,13,0
20,0,20,0
3,0,3,0
4,0,4,0
1,0,1,0
8,0,8,0
2,0,2,0
7,0,7,0
18,0,18,0
3,0,3,0
0,2,2,3
6,0,6,0
22,0,22,0
3,0,3,0
1,0,1,0
7,0,7,0
0,2,2,5
2,0,2,0
18,0,18,0
0,11,11,8
1,0,1,0
10,0,10,0
1,0,1,0
0,1,1,4
6,0,6,0
1,0,1,0
1,0,1,0
1,0,1,0
1,0,1,0
4,0,4,0
2,0,2,0
1,0,1,0
0,245,245,47
24,0,24,0
0,272,272,9
0,20,20,17
20,0,20,0
0,9,9,18
250,0,250,0
58,0,58,0
0,248,248,23
2,0,2,0
118,0,118,0
3,0,3,0
9,0,9,0
0,4,4,27
9,0,9,0
18,0,18,0
1,0,1,0
121,0,121,0
49,0,49,0
0,11,11,5
0,44,44,27
2,0,2,0
6,0,6,0
2,0,2,0
2,0,2,0
2,0,2,0
0,11,11,9
0,2,2,57
0,1,1,0
2,0,2,0
3,0,3,0
0,172,172,37
0,444,444,46
114,0,114,0
0,1,1,34
4,0,4,0
1,0,1,0
7,0,7,0
0,3,3,2
164,0,164,0
1,0,1,0
5,0,5,0
1,0,1,0
3,0,3,0
0,6,6,9
21,0,21,0
1,0,1,0
0,1,1,2
0,12,12,54
33,0,33,0
28,0,28,0
5,0,5,0
0,2,2,11
0,2,2,2
1,0,1,0
11,0,11,0
5,0,5,0
1,0,1,0
36,0,36,0
0,46,46,30
42,0,42,0
1,0,1,0
6,0,6,0
4,0,4,0
0,10,10,7
2,0,2,0
1,0,1,0
0,84,84,73
20,0,20,0
0,14,14,13
1,0,1,0
6,0,6,0
1,0,1,0
0,477,477,88
4,0,4,0
12,0,12,0
2,0,2,0
2,0,2,0
29,0,29,0
2,0,2,0
0,1,1,43
0,3,3,19
2,0,2,0
46,0,46,0
0,11,11,25
14,0,14,0
3,0,3,0
13,0,13,0
39,0,39,0
0,84,84,21
0,12,12,17
4,0,4,0
5,0,5,0
1,0,1,0
1,0,1,0
4,0,4,0
0,3,3,53
2,0,2,0
7,0,7,0
2,0,2,0
1,0,1,0
237,0,237,0
0,13,13,3
5,0,5,0
2,0,2,0
11,0,11,0
1,0,1,0
1,0,1,0
48,0,48,0
1,0,1,0
4,0,4,0
13,0,13,0
1,0,1,0
6,0,6,0
39,0,39,0
1,0,1,0
1,0,1,0
0,24,24,1
128,0,128,0
0,22,22,10
4,0,4,0
45,0,45,0
2,0,2,0
7,0,7,0
0,23,23,11
2,0,2,0
20,0,20,0
2,0,2,0
7,0,7,0
0,117,117,15
89,0,89,0
2,0,2,0
1,0,1,0
0,51,51,49
2,0,2,0
0,6,6,5
0,17,17,17
1,0,1,0
0,98,98,51
0,14,14,22
3,0,3,0
0,86,86,1
13,0,13,0
2,0,2,0
2,0,2,0
0,100,100,5
15,0,15,0
1,0,1,0
5,0,5,0
2,0,2,0
2,0,2,0
5,0,5,0
0,2,2,3
115,0,115,0
62,0,62,0
7,0,7,0
14,0,14,0
0,58,58,4
1,0,1,0
0,98,98,52
36,0,36,0
1,0,1,0
11,0,11,0
9,0,9,0
247,0,247,0
2,0,2,0
0,2,2,54
0,23,23,48
21,0,21,0
2,0,2,0
46,0,46,0
3,0,3,0
3,0,3,0
0,7,7,3
1,0,1,0
17,0,17,0
52,0,52,0
11,0,11,0
12,0,12,0
0,15,15,8
25,0,25,0
2,0,2,0
0,1,1,11
0,58,58,18
0,12,12,37
3,0,3,0
3,0,3,0
1,0,1,0
0,2,2,15
262,0,262,0
59,0,59,0
128,0,128,0
1,0,1,0
12,0,12,0
10,0,10,0
1,0,1,0
5,0,5,0
0,13,13,28
18,0,18,0
0,2,2,1
5,0,5,0
3,0,3,0
5,0,5,0
0,2,2,1
0,56,56,7
31,0,31,0
13,0,13,0
1,0,1,0
1,0,1,0
2,0,2,0
3,0,3,0
8,0,8,0
11,0,11,0
0,503,503,40
3,0,3,0
0,53,53,10
1,0,1,0
11,0,11,0
1,0,1,0
2,0,2,0
1,0,1,0
8,0,8,0
0,5,5,15
0,9,9,2
5,0,5,0
2,0,2,0
1,0,1,0
23,0,23,0
0,307,307,113
79,0,79,0
3,0,3,0
40,0,40,0
4,0,4,0
0,2,2,4
12,0,12,0
0,35,35,27
10,0,10,0
0,8,8,4
4,0,4,0
3,0,3,0
2,0,2,0
5,0,5,0
4,0,4,0
6,0,6,0
12,0,12,0
1,0,1,0
1,0,1,0
2,0,2,0
6,0,6,0
4,0,4,0
5,0,5,0
1,0,1,0
2,0,2,0
1,0,1,0
21,0,21,0
2,0,2,0
11,0,11,0
7,0,7,0
3,0,3,0
0,3,3,4
23,0,23,0
1,0,1,0
10,0,10,0
0,6,6,79
8,0,8,0
4,0,4,0
17,0,17,0
0,13,13,51
7,0,7,0
0,7,7,18
4,0,4,0
11,0,11,0
34,0,34,0
3,0,3,0
0,241,241,70
0,5,5,0
7,0,7,0
10,0,10,0
2,0,2,0
31,0,31,0
1,0,1,0
2,0,2,0
0,26,26,0
8,0,8,0
1,0,1,0
11,0,11,0
1,0,1,0
0,5,5,2
2,0,2,0
37,0,37,0
0,3,3,17
2,0,2,0
0,5,5,0
11,0,11,0
0,5,5,49
17,0,17,0
1,0,1,0
3,0,3,0
8,0,8,0
0,474,474,5
30,0,30,0
37,0,37,0
13,0,13,0
1,0,1,0
1,0,1,0
10,0,10,0
1,0,1,0
7,0,7,0
1,0,1,0
3,0,3,0
13,0,13,0
2,0,2,0
7,0,7,0
0,1,1,14
8,0,8,0
1,0,1,0
1,0,1,0
1,0,1,0
0,41,41,1
1,0,1,0
11,0,11,0
0,115,115,31
0,29,29,14
3,0,3,0
2,0,2,0
13,0,13,0
1,0,1,0
0,126,126,55
0,117,117,14
3,0,3,0
5,0,5,0
0,14,14,46
4,0,4,0
1,0,1,0
0,1,1,0
3,0,3,0
49,0,49,0
0,63,63,32
7,0,7,0
25,0,25,0
17,0,17,0
6,0,6,0
1,0,1,0
1,0,1,0
3,0,3,0
0,27,27,20
0,35,35,2
2,0,2,0
0,1,1,30
0,59,59,82
5,0,5,0
89,0,89,0
0,3,3,20
5,0,5,0
2,0,2,0
24,0,24,0
1,0,1,0
3,0,3,0
1,0,1,0
1,0,1,0
3,0,3,0
27,0,27,0
0,2,2,19
3,0,3,0
0,39,39,17
11,0,11,0
12,0,12,0
1,0,1,0
1,0,1,0
0,12,12,13
168,0,168,0
6,0,6,0
1,0,1,0
0,4,4,16
2,0,2,0
2,0,2,0
149,0,149,0
0,17,17,3
357,0,357,0
4,0,4,0
1,0,1,0
1,0,1,0
7,0,7,0
0,1,1,0
1,0,1,0
0,6,6,47
4,0,4,0
1,0,1,0
3,0,3,0
1,0,1,0
3,0,3,0
16,0,16,0
3,0,3,0
12,0,12,0
1,0,1,0
58,0,58,0
3,0,3,0
0,22,22,2
1,0,1,0
3,0,3,0
0,37,37,3
6,0,6,0
2,0,2,0
5,0,5,0
1,0,1,0
7,0,7,0
14,0,14,0
9,0,9,0
17,0,17,0
0,4,4,116
16,0,16,0
0,28,28,27
43,0,43,0
3,0,3,0
51,0,51,0
29,0,29,0
1,0,1,0
8,0,8,0
3,0,3,0
1,0,1,0
2,0,2,0
6,0,6,0
6,0,6,0
24,0,24,0
0,29,29,10
12,0,12,0
0,6,6,14
10,0,10,0
0,1,1,31
2,0,2,0
4,0,4,0
0,34,34,98
2,0,2,0
28,0,28,0
1,0,1,0
12,0,12,0
0,1,1,7
1,0,1,0
11,0,11,0
42,0,42,0
36,0,36,0
2,0,2,0
9,0,9,0
1,0,1,0
3,0,3,0
0,8,8,18
0,48,48,19
3,0,3,0
0,1,1,31
0,1,1,18
134,0,134,0
0,269,269,42
0,22,22,55
4,0,4,0
3,0,3,0
0,5,5,13
8,0,8,0
0,3,3,0
1,0,1,0
0,3,3,2
1,0,1,0
6,0,6,0
0,239,239,5
6,0,6,0
22,0,22,0
6,0,6,0
0,37,37,14
7,0,7,0
2,0,2,0
27,0,27,0
0,44,44,14
2,0,2,0
1,0,1,0
5,0,5,0
0,1,1,97
2,0,2,0
45,0,45,0
7,0,7,0
1,0,1,0
39,0,39,0
4,0,4,0
79,0,79,0
1,0,1,0
11,0,11,0
0,29,29,1
1,0,1,0
0,206,206,15
1,0,1,0
21,0,21,0
1,0,1,0
19,0,19,0
5,0,5,0
12,0,12,0
1,0,1,0
2,0,2,0
5,0,5,0
1,0,1,0
6,0,6,0
50,0,50,0
2,0,2,0
4,0,4,0
15,0,15,0
0,6,6,17
3,0,3,0
0,26,26,29
0,18,18,57
5,0,5,0
0,9,9,1
0,350,350,15
345,0,345,0
2,0,2,0
10,0,10,0
1,0,1,0
0,12,12,24
2,0,2,0
12,0,12,0
0,9,9,88
8,0,8,0
1,0,1,0
0,509,509,17
0,1,1,35
2,0,2,0
1,0,1,0
9,0,9,0
2,0,2,0
1,0,1,0
0,179,179,12
1,0,1,0
7,0,7,0
7,0,7,0
19,0,19,0
2,0,2,0
4,0,4,0
0,21,21,4
11,0,11,0
5,0,5,0
1,0,1,0
475,0,475,0
0,12,12,23
0,12,12,4
0,29,29,98
27,0,27,0
0,12,12,83
2,0,2,0
1,0,1,0
0,2,2,21
6,0,6,0
17,0,17,0
22,0,22,0
0,2,2,1
1,0,1,0
1,0,1,0
0,2,2,9
2,0,2,0
1,0,1,0
4,0,4,0
24,0,24,0
0,105,105,13
13,0,13,0
1,0,1,0
5,0,5,0
5,0,5,0
25,0,25,0
1,0,1,0
2,0,2,0
0,49,49,23
0,27,27,6
0,168,168,16
0,53,53,7
33,0,33,0
0,17,17,8
2,0,2,0
0,2,2,10
738,0,738,0
0,49,49,50
0,21,21,2
5,0,5,0
0,31,31,1
0,15,15,10
5,0,5,0
0,8,8,8
19,0,19,0
6,0,6,0
28,0,28,0
1,0,1,0
0,48,48,6
1,0,1,0
0,93,93,50
22,0,22,0
1,0,1,0
3,0,3,0
24,0,24,0
2,0,2,0
1,0,1,0
9,0,9,0
4,0,4,0
143,0,143,0
1,0,1,0
5,0,5,0
0,121,121,8
0,8,8,56
4,0,4,0
18,0,18,0
3,0,3,0
2,0,2,0
0,25,25,7
1,0,1,0
1,0,1,0
6,0,6,0
4,0,4,0
4,0,4,0
6,0,6,0
6,0,6,0
28,0,28,0
4,0,4,0
0,3,3,4
5,0,5,0
91,0,91,0
7,0,7,0
7,0,7,0
10,0,10,0
5,0,5,0
2,0,2,0
6,0,6,0
2,0,2,0
8,0,8,0
3,0,3,0
0,127,127,2
10,0,10,0
0,13,13,5
1,0,1,0
1,0,1,0
1,0,1,0
61,0,61,0
14,0,14,0
1,0,1,0
0,32,32,62
1,0,1,0
10,0,10,0
1,0,1,0
0,1,1,0
0,36,36,6
25,0,25,0
4,0,4,0
0,115,115,7
1,0,1,0
0,219,219,1
3,0,3,0
0,10,10,4
0,5,5,79
3,0,3,0
1,0,1,0
8,0,8,0
1,0,1,0
37,0,37,0
2,0,2,0
16,0,16,0
5,0,5,0
1,0,1,0
8,0,8,0
0,9,9,2
20,0,20,0
1,0,1,0
0,7,7,3
4,0,4,0
0,5,5,6
2,0,2,0
0,8,8,10
6,0,6,0
21,0,21,0
0,1,1,0
0,9,9,1
0,10,10,30
4,0,4,0
5,0,5,0
0,4,4,7
200,0,200,0
0,124,124,22
0,7,7,12
0,15,15,17
1,0,1,0
72,0,72,0
0,28,28,31
1,0,1,0
89,0,89,0
1,0,1,0
1,0,1,0
0,6,6,9
21,0,21,0
0,1,1,39
2,0,2,0
0,2,2,65
0,42,42,88
0,52,52,67
30,0,30,0
1,0,1,0
64,0,64,0
0,2,2,4
28,0,28,0
6,0,6,0
3,0,3,0
2,0,2,0
39,0,39,0
0,20,20,13
29,0,29,0
0,1,1,0
1,0,1,0
0,6,6,1
1,0,1,0
11,0,11,0
22,0,22,0
1,0,1,0
9,0,9,0
0,8,8,5
74,0,74,0
1,0,1,0
0,10,10,32
2,0,2,0
0,61,61,37
0,3,3,7
0,5,5,26
4,0,4,0
222,0,222,0
0,153,153,28
1,0,1,0
2,0,2,0
2,0,2,0
0,7,7,37
1,0,1,0
70,0,70,0
0,2,2,85
3,0,3,0
0,33,33,63
1,0,1,0
0,68,68,14
3,0,3,0
14,0,14,0
0,20,20,33
6,0,6,0
1,0,1,0
0,6,6,31
0,16,16,15
3,0,3,0
3,0,3,0
2,0,2,0
10,0,10,0
0,1,1,21
5,0,5,0
0,36,36,12
14,0,14,0
407,0,407,0
3,0,3,0
0,76,76,21
3,0,3,0
0,19,19,8
1,0,1,0
0,2,2,13
92,0,92,0
10,0,10,0
0,2,2,0
4,0,4,0
3,0,3,0
1,0,1,0
1,0,1,0
85,0,85,0
9,0,9,0
38,0,38,0
89,0,89,0
1,0,1,0
1,0,1,0
0,32,32,12
4,0,4,0
4,0,4,0
11,0,11,0
0,1,1,7
0,26,26,11
4,0,4,0
0,160,160,3
0,3,3,0
0,105,105,8
0,23,23,7
1,0,1,0
1,0,1,0
0,344,344,79
0,37,37,10
4,0,4,0
1,0,1,0
0,1,1,48
10,0,10,0
0,25,25,9
48,0,48,0
0,19,19,9
9,0,9,0
0,82,82,3
1,0,1,0
7,0,7,0
3,0,3,0
5,0,5,0
236,0,236,0
0,27,27,1
1,0,1,0
3,0,3,0
5,0,5,0
2,0,2,0
0,15,15,8
4,0,4,0
1,0,1,0
5,0,5,0
1,0,1,0
3,0,3,0
4,0,4,0
3,0,3,0
2,0,2,0
3,0,3,0
0,233,233,12
16,0,16,0
4,0,4,0
0,5,5,5
2,0,2,0
4,0,4,0
4,0,4,0
11,0,11,0
1,0,1,0
8,0,8,0
5,0,5,0
0,15,15,1
4,0,4,0
2,0,2,0
1,0,1,0
15,0,15,0
0,39,39,1
0,2,2,3
7,0,7,0
0,97,97,85
8,0,8,0
1,0,1,0
3,0,3,0
0,2,2,1
0,4,4,11
1,0,1,0
0,1,1,49
0,3,3,45
11,0,11,0
1,0,1,0
3,0,3,0
1,0,1,0
1,0,1,0
22,0,22,0
3,0,3,0
41,0,41,0
0,1,1,17
8,0,8,0
0,6,6,2
20,0,20,0
10,0,10,0
5,0,5,0
0,5,5,1
1,0,1,0
4,0,4,0
3,0,3,0
3,0,3,0
2,0,2,0
8,0,8,0
0,10,10,5
0,33,33,0
79,0,79,0
0,30,30,18
8,0,8,0
53,0,53,0
20,0,20,0
0,5,5,9
0,21,21,15
13,0,13,0
3,0,3,0
4,0,4,0
0,5,5,2
7,0,7,0
1,0,1,0
0,22,22,8
1,0,1,30
0,140,140,2
1,0,1,0
0,15,15,10
7,0,7,0
1,0,1,0
0,1,1,78
3,0,3,0
4,0,4,0
2,0,2,0
33,0,33,0
5,0,5,0
5,0,5,0
1,0,1,0
0,6,6,2
1,0,1,0
0,2,2,27
22,0,22,0
0,6,6,19
0,2,2,21
0,81,81,35
1,0,1,0
0,4,4,27
11,0,11,0
19,0,19,0
5,0,5,0
3,0,3,0
0,6,6,12
0,1,1,2
15,0,15,0
9,0,9,0
1,0,1,0
0,14,14,13
13,0,13,0
16,0,16,0
0,26,26,17
23,0,23,0
6,0,6,0
2,0,2,0
1,0,1,0
3,0,3,0
3,0,3,0
1,0,1,0
72,0,72,0
5,0,5,0
1,0,1,0
0,2,2,35
0,8,8,25
3,0,3,0
9,0,9,0
0,203,203,11
3,0,3,0
1,0,1,0
3,0,3,0
25,0,25,0
1,0,1,0
0,3,3,28
0,13,13,19
4,0,4,0
1,0,1,0
3,0,3,0
0,16,16,5
0,13,13,4
11,0,11,0
12,0,12,0
0,28,28,10
25,0,25,0
395,0,395,0
1,0,1,0
3,0,3,0
1,0,1,0
9,0,9,0
3,0,3,0
5,0,5,0
1,0,1,0
22,0,22,0
0,25,25,77
83,0,83,0
1,0,1,0
3,0,3,0
0,3,3,3
20,0,20,0
1,0,1,0
14,0,14,0
17,0,17,0
3,0,3,0
2,0,2,0
287,0,287,0
0,301,301,49
1,0,1,0
0,104,104,46
20,0,20,0
0,1,1,38
4,0,4,0
0,1,1,52
1,0,1,0
0,26,26,6
336,0,336,0
8,0,8,0
42,0,42,0
23,0,23,0
0,20,20,4
3,0,3,0
0,50,50,3
0,5,5,4
2,0,2,0
0,6,6,0
1,0,1,0
0,4,4,73
194,0,194,0
5,0,5,0
0,5,5,4
0,3,3,4
0,5,5,63
30,0,30,0
2,0,2,0
10,0,10,0
1,0,1,0
2,0,2,0
2,0,2,0
0,1,1,4
1,0,1,0
233,0,233,0
0,5,5,3
0,2,2,0
5,0,5,0
4,0,4,0
10,0,10,0
9,0,9,0
2,0,2,0
1,0,1,0
12,0,12,0
8,0,8,0
0,74,74,4
2,0,2,0
2,0,2,0
2,0,2,0
4,0,4,0
14,0,14,0
1,0,1,0
0,17,17,0
7,0,7,0
3,0,3,0
1,0,1,0
1,0,1,0
0,2,2,14
0,22,22,9
0,1,1,127
4,0,4,0
3,0,3,0
0,3,3,2
1,0,1,0
11,0,11,0
2,0,2,0
11,0,11,0
0,17,17,27
0,9,9,3
8,0,8,0
0,10,10,2
38,0,38,0
7,0,7,0
1,0,1,0
0,61,61,49
17,0,17,0
2,0,2,0
6,0,6,0
1,0,1,0
1,0,1,0
5,0,5,0
22,0,22,0
2,0,2,0
9,0,9,0
0,333,333,47
0,4,4,1
9,0,9,0
2,0,2,0
10,0,10,0
0,5,5,20
2,0,2,0
3,0,3,0
5,0,5,0
0,3,3,27
0,1,1,0
9,0,9,0
1,0,1,0
1,0,1,0
1,0,1,0
0,1,1,0
64,0,64,0
5,0,5,0
3,0,3,0
8,0,8,0
0,2,2,4
2,0,2,0
0,257,257,89
0,42,42,92
2,0,2,0
0,26,26,48
2,0,2,0
0,1,1,12
4,0,4,0
18,0,18,0
6,0,6,0
1,0,1,0
0,542,542,10
1,0,1,0
3,0,3,0
4,0,4,0
3,0,3,0
6,0,6,0
67,0,67,0
1,0,1,0
0,3,3,107
24,0,24,0
2,0,2,0
5,0,5,0
3,0,3,0
1,0,1,0
2,0,2,0
0,1,1,4
12,0,12,0
1,0,1,0
0,50,50,9
1,0,1,0
0,62,62,151
1,0,1,0
10,0,10,0
0,168,168,59
0,18,18,3
0,10,10,24
2,0,2,0
1,0,1,0
1,0,1,0
8,0,8,0
29,0,29,0
3,0,3,0
0,6,6,15
6,0,6,0
2,0,2,0
0,43,43,2
8,0,8,0
4,0,4,0
0,18,18,4
0,1,1,0
1,0,1,0
0,7,7,1
10,0,10,0
3,0,3,0
0,1,1,22
5,0,5,0
8,0,8,0
85,0,85,0
4,0,4,0
14,0,14,0
2,0,2,0
2,0,2,0
5,0,5,0
2,0,2,0
0,1,1,0
0,12,12,34
3,0,3,0
2,0,2,0
2,0,2,0
0,166,166,38
103,0,103,0
70,0,70,0
13,0,13,0
30,0,30,0
17,0,17,0
4,0,4,0
0,14,14,37
1,0,1,0
1,0,1,0
1,0,1,0
2,0,2,0
0,3,3,16
1,0,1,0
0,47,47,15
46,0,46,0
3,0,3,0
1,0,1,0
1,0,1,0
12,0,12,0
3,0,3,0
1,0,1,0
1,0,1,0
1,0,1,0
2,0,2,0
2,0,2,0
2,0,2,0
1,0,1,0
39,0,39,0
0,6,6,7
2,0,2,0
1,0,1,0
1,0,1,0
1,0,1,0
1,0,1,0
1,0,1,0
2,0,2,0
1,0,1,0
3,0,3,0
0,2,2,31
4,0,4,0
0,12,12,14
18,0,18,0
36,0,36,0
5,0,5,0
579,0,579,0
12,0,12,0
11,0,11,0
2,0,2,0
2,0,2,0
0,9,9,54
4,0,4,0
1,0,1,0
1,0,1,0
3,0,3,0
7,0,7,0
1,0,1,0
0,4,4,23
1,0,1,0
10,0,10,0
3,0,3,0
0,15,15,12
9,0,9,0
0,23,23,51
8,0,8,0
38,0,38,0
4,0,4,0
349,0,349,0
71,0,71,0
0,17,17,17
0,3,3,0
1,0,1,0
1,0,1,0
0,3,3,2
0,13,13,209
4,0,4,0
5,0,5,0
0,3,3,43
3,0,3,0
0,5,5,112
1,0,1,0
0,6,6,56
1,0,1,0
0,55,55,8
5,0,5,0
251,0,251,0
11,0,11,0
0,10,10,46
4,0,4,0
7,0,7,0
0,41,41,21
1,0,1,0
1,0,1,0
2,0,2,0
0,46,46,185
31,0,31,0
2,0,2,0
7,0,7,0
2,0,2,0
0,5,5,26
0,6,6,7
0,21,21,133
21,0,21,0
3,0,3,0
23,0,23,0
2,0,2,0
8,0,8,0
11,0,11,0
0,54,54,85
0,15,15,37
132,0,132,0
1,0,1,0
2,0,2,0
1,0,1,0
2,0,2,0
1,0,1,0
20,0,20,0
172,0,172,0
0,12,12,21
2,0,2,0
0,42,42,0
0,4,4,8
2,0,2,0
7,0,7,0
3,0,3,0
2,0,2,0
1,0,1,0
2,0,2,0
9,0,9,0
4,0,4,0
1,0,1,0
10,0,10,0
6,0,6,0
0,2,2,5
12,0,12,0
9,0,9,0
1,0,1,0
60,0,60,0
1,0,1,0
1,0,1,0
1,0,1,0
10,0,10,0
13,0,13,0
22,0,22,0
78,0,78,0
1,0,1,0
6,0,6,0
4,0,4,0
0,40,40,3
4,0,4,0
0,120,120,3
2,0,2,0
1,0,1,0
18,0,18,0
4,0,4,0
0,332,332,115
2,0,2,0
0,134,134,39
1,0,1,0
97,0,97,0
4,0,4,0
0,48,48,5
7,0,7,0
45,0,45,0
1,0,1,0
1,0,1,0
0,20,20,6
4,0,4,0
1,0,1,0
0,1,1,6
0,7,7,0
1,0,1,0
0,4,4,11
1,0,1,0
1,0,1,0
3,0,3,0
22,0,22,0
0,69,69,3
11,0,11,0
3,0,3,0
0,13,13,21
4,0,4,0
7,0,7,0
154,0,154,0
0,41,41,159
28,0,28,0
2,0,2,0
0,11,11,16
3,0,3,0
0,3,3,7
1,0,1,0
0,22,22,4
0,15,15,5
4,0,4,0
18,0,18,0
6,0,6,0
7,0,7,0
0,4,4,2
0,5,5,17
0,24,24,9
1,0,1,0
0,3,3,2
1,0,1,0
47,0,47,0
7,0,7,0
56,0,56,0
3,0,3,0
13,0,13,0
0,42,42,51
17,0,17,0
9,0,9,0
2,0,2,0
6,0,6,0
0,2,2,2
1,0,1,0
6,0,6,0
1,0,1,0
2,0,2,0
9,0,9,0
3,0,3,0
0,178,178,124
1,0,1,0
25,0,25,0
24,0,24,0
0,2,2,10
0,3,3,7
0,4,4,1
2,0,2,0
14,0,14,0
0,1,1,1
12,0,12,0
1,0,1,0
1,0,1,0
1,0,1,0
49,0,49,0
1,0,1,0
6,0,6,0
1,0,1,0
2,0,2,0
0,342,342,78
342,0,342,0
0,8,8,3
4,0,4,0
0,8,8,45
2,0,2,0
27,0,27,0
0,5,5,25
42,0,42,0
1,0,1,0
0,2,2,8
3,0,3,0
3,0,3,0
3,0,3,0
1,0,1,0
6,0,6,0
107,0,107,0
1,0,1,0
0,44,44,8
61,0,61,0
1,0,1,0
22,0,22,0
0,37,37,51
3,0,3,0
3,0,3,0
1,0,1,0
1,0,1,0
1,0,1,0
1,0,1,0
1,0,1,0
1,0,1,0
0,8,8,15
6,0,6,0
1,0,1,0
1,0,1,0
1,0,1,0
3,0,3,0
0,2,2,103
0,6,6,9
2,0,2,0
2,0,2,0
0,8,8,12
1,0,1,0
0,35,35,11
46,0,46,0
1,0,1,0
1,0,1,0
0,3,3,37
1,0,1,0
1,0,1,0
0,13,13,35
6,0,6,0
129,0,129,0
2,0,2,0
7,0,7,0
1,0,1,0
0,11,11,8
1,0,1,0
0,3,3,4
265,0,265,0
0,1,1,0
5,0,5,0
0,110,110,22
1,0,1,0
1,0,1,0
18,0,18,0
0,1,1,0
5,0,5,0
3,0,3,0
0,2,2,19
0,1,1,0
0,11,11,18
9,0,9,0
17,0,17,0
62,0,62,0
2,0,2,0
0,1,1,19
0,31,31,65
5,0,5,0
10,0,10,0
126,0,126,0
1,0,1,0
251,0,251,0
16,0,16,0
6,0,6,0
0,71,71,50
7,0,7,0
5,0,5,0
12,0,12,0
3,0,3,0
34,0,34,0
105,0,105,0
35,0,35,0
28,0,28,0
21,0,21,0
7,0,7,0
21,0,21,0
1,0,1,0
40,0,40,0
1,0,1,0
0,4,4,7
1,0,1,0
27,0,27,0
207,0,207,0
23,0,23,0
0,2,2,7
0,80,80,56
1,0,1,0
2,0,2,0
0,21,21,169
4,0,4,0
1,0,1,0
19,0,19,0
16,0,16,0
1,0,1,0
18,0,18,0
0,1,1,19
3,0,3,0
0,75,75,33
15,0,15,0
3,0,3,0
3,0,3,0
0,524,524,20
6,0,6,0
3,0,3,0
0,5,5,9
3,0,3,0
18,0,18,0
1,0,1,0
0,229,229,13
0,16,16,13
6,0,6,0
57,0,57,0
0,5,5,4
3,0,3,0
0,671,671,132
7,0,7,0
1,0,1,0
1,0,1,0
4,0,4,0
2,0,2,0
2,0,2,0
2,0,2,0
2,0,2,0
2,0,2,0
2,0,2,0
0,3,3,0
2,0,2,0
1,0,1,0
1,0,1,0
1,0,1,0
1,0,1,0
1,0,1,0
1,0,1,0
1,0,1,0
1,0,1,0
1,0,1,0
27,0,27,0
3,0,3,0
12,0,12,0
6,0,6,0
3,0,3,0
3,0,3,0
3,0,3,0
3,0,3,0
1,0,1,0
3,0,3,0
114,0,114,0
2,0,2,0
50,0,50,0
1,0,1,0
0,5,5,9
3,0,3,0
0,3,3,0
5,0,5,0
1,0,1,0
0,1,1,62
0,4,4,70
1,0,1,0
0,118,118,29
0,3,3,48
1,0,1,0
1,0,1,0
12,0,12,0
1,0,1,0
1,0,1,0
1,0,1,0
1,0,1,0
1,0,1,0
1,0,1,0
1,0,1,0
1,0,1,0
1,0,1,0
82,0,82,0
1,0,1,0
1,0,1,0
1,0,1,0
1,0,1,0
1,0,1,0
2,0,2,0
93,0,93,0
1,0,1,0
1,0,1,0
1,0,1,0
1,0,1,0
1,0,1,0
1,0,1,0
1,0,1,0
0,1,1,13
1,0,1,0
1,0,1,0
1,0,1,0
1,0,1,0
1,0,1,0
10,0,10,0
1,0,1,0
1,0,1,0
1,0,1,0
1,0,1,0
13,0,13,0
1,0,1,0
7,0,7,0
6,0,6,0
1,0,1,0
1,0,1,0
7,0,7,0
1,0,1,0
1,0,1,0
17,0,17,0
7,0,7,0
1,0,1,0
2,0,2,0
1,0,1,0
1,0,1,0
1,0,1,0
1,0,1,0
1,0,1,0
294,0,294,0
0,2,2,11
0,2,2,12
1,0,1,0
1,0,1,0
1,0,1,0
1,0,1,0
0,109,109,4
1,0,1,0
1,0,1,0
1,0,1,0
0,2,2,13
1,0,1,0
1,0,1,0
1,0,1,0
1,0,1,0
1,0,1,0
1,0,1,0
1,0,1,0
1,0,1,0
2,0,2,0
1,0,1,0
0,5,5,4
9,0,9,0
2,0,2,0
1,0,1,0
1,0,1,0
0,7,7,10
1,0,1,0
2,0,2,0
61,0,61,0
2,0,2,0
1,0,1,0
0,14,14,43
1,0,1,0
1,0,1,0
1,0,1,0
1,0,1,0
1,0,1,0
7,0,7,0
1,0,1,0
1,0,1,0
1,0,1,0
3,0,3,0
1,0,1,0
16,0,16,0
1,0,1,0
1,0,1,0
1,0,1,0
1,0,1,0
1,0,1,0
1,0,1,0
1,0,1,0
1,0,1,0
1,0,1,0
1,0,1,0
1,0,1,0
1,0,1,0
1,0,1,0
410,0,410,0
2,0,2,0
2,0,2,0
1,0,1,0
1,0,1,0
1,0,1,0
1,0,1,0
1,0,1,0
1,0,1,0
1,0,1,0
1,0,1,0
1,0,1,0
1,0,1,0
31,0,31,0
1,0,1,0
1,0,1,0
1,0,1,0
1,0,1,0
1,0,1,0
0,1,1,90
1,0,1,0
0,3,3,192
1,0,1,0
1,0,1,0
1,0,1,0
1,0,1,0
2,0,2,0
1,0,1,0
1,0,1,0
1,0,1,0
1,0,1,0
1,0,1,0
1,0,1,0
1,0,1,0
1,0,1,0
1,0,1,0
1,0,1,0
1,0,1,0
1,0,1,0
3,0,3,0
3,0,3,0
1,0,1,0
1,0,1,0
1,0,1,0
1,0,1,0
1,0,1,0
1,0,1,0
1,0,1,0
1,0,1,0
1,0,1,0
1,0,1,0
1,0,1,0
1,0,1,0
1,0,1,0
1,0,1,0
1,0,1,0
1,0,1,0
2,0,2,0
1,0,1,0
1,0,1,0
1,0,1,0
10,0,10,0
2,0,2,0
1,0,1,0
0,5,5,0
10,0,10,0
0,17,17,5
6,0,6,0
1,0,1,0
0,115,115,6
0,2,2,52
64,0,64,0
0,1,1,13
6,0,6,0
0,1,1,3
3,0,3,0
1,0,1,0
17,0,17,0
5,0,5,0
2,0,2,0
1,294,295,22
0,176,176,11
6,0,6,0
5,0,5,0
2,0,2,0
31,0,31,0
1,0,1,0
2,0,2,0
1,0,1,0
0,2,2,41
1,0,1,0
38,0,38,0
38,0,38,0
3,0,3,0
0,31,31,31
2,0,2,0
3,133,136,24
22,0,22,0
1,0,1,0
12,0,12,0
2,0,2,0
16,0,16,0
5,0,5,0
2,0,2,0
1,0,1,0
1,0,1,0
4,0,4,0
10,0,10,0
0,132,132,3
1,0,1,0
0,42,42,21
35,0,35,0
2,0,2,0
0,589,589,153
1,0,1,0
3,0,3,0
2,0,2,0
1,0,1,0
8,0,8,0
0,1,1,6
2,0,2,0
3,0,3,0
3,0,3,0
0,34,34,33
5,0,5,0
0,8,8,33
1,0,1,0
1,0,1,0
2,0,2,0
1,0,1,0
48,0,48,0
1,0,1,0
0,321,321,15
4,0,4,0
0,3,3,54
50,0,50,0
24,0,24,0
1,0,1,0
2,0,2,0
18,0,18,0
16,0,16,0
7,0,7,0
6,0,6,0
7,0,7,0
0,4,4,47
24,0,24,0
3,0,3,0
0,3,3,42
30,0,30,0
5,0,5,0
1,0,1,0
1,0,1,21
0,341,341,68
67,0,67,0
2,0,2,0
3,0,3,0
6,0,6,0
1,0,1,0
0,15,15,10
13,0,13,0
3,0,3,0
0,84,84,8
0,2,2,97
7,0,7,0
3,0,3,0
0,8,8,70
2,0,2,0
4,0,4,0
21,0,21,0
11,0,11,0
0,38,38,25
28,0,28,0
9,0,9,0
8,0,8,0
1,0,1,0
1,0,1,0
0,1,1,4
2,0,2,0
2,0,2,0
1,0,1,0
2,0,2,0
3,0,3,0
0,5,5,3
2,0,2,0
23,0,23,0
21,0,21,0
0,16,16,14
2,0,2,0
0,76,76,68
1,0,1,0
1,0,1,0
1,0,1,0
12,0,12,0
3,0,3,0
0,1,1,0
0,6,6,48
15,0,15,0
4,0,4,0
16,0,16,0
8,0,8,0
18,0,18,0
45,0,45,0
0,4,4,12
1,0,1,0
5,0,5,0
3,0,3,0
30,0,30,0
0,15,15,99
1,0,1,0
1,0,1,0
7,0,7,0
3,0,3,0
6,0,6,0
2,0,2,0
0,7,7,4
2,0,2,0
0,23,23,41
0,2,2,25
69,0,69,0
0,1060,1060,159
32,0,32,0
107,0,107,0
0,108,108,21
40,0,40,0
45,0,45,0
0,18,18,15
7,0,7,0
0,16,16,25
7,0,7,0
139,0,139,0
1,0,1,0
2,0,2,0
2,0,2,0
196,0,196,0
4,0,4,0
0,53,53,17
1,0,1,0
3,0,3,0
8,0,8,0
1,0,1,0
2,0,2,0
0,1,1,47
5,0,5,0
0,12,12,54
6,0,6,0
0,1,1,21
5,0,5,0
13,0,13,0
0,1,1,4
0,3,3,25
0,24,24,0
20,0,20,0
27,0,27,0
0,5,5,72
1,0,1,0
7,0,7,0
0,1,1,9
1,0,1,0
1,0,1,0
3,0,3,0
0,10,10,1
1,0,1,0
0,4,4,2
3,0,3,0
5,0,5,0
0,25,25,0
12,0,12,0
2,0,2,0
1,0,1,0
0,19,19,8
1,0,1,0
12,0,12,0
81,0,81,0
0,9,9,1
7,0,7,0
7,0,7,0
1,0,1,0
2,0,2,0
9,0,9,0
0,21,21,1
1,0,1,0
0,3,3,6
11,0,11,0
0,2,2,2
31,0,31,0
22,0,22,0
1,0,1,0
8,0,8,0
3,0,3,0
1,0,1,0
0,9,9,135
2,0,2,0
3,0,3,0
1,0,1,0
2,0,2,0
32,0,32,0
1,0,1,0
0,2,2,70
3,0,3,0
96,0,96,0
0,83,83,16
0,1,1,25
1,0,1,0
1,0,1,0
1,0,1,0
0,18,18,10
0,2,2,2
0,34,34,157
10,0,10,0
145,0,145,0
1,0,1,0
6,0,6,0
3,0,3,0
0,4,4,16
1,0,1,0
0,54,54,21
28,0,28,0
3,0,3,0
0,3,3,3
0,6,6,2
1,0,1,0
9,0,9,0
1,0,1,0
13,0,13,0
0,2,2,155
8,0,8,0
0,4,4,1
0,73,73,33
5,0,5,0
27,0,27,0
0,1,1,5
2,0,2,0
3,0,3,0
0,2,2,10
65,0,65,0
1,0,1,0
1,0,1,0
12,0,12,0
3,0,3,0
1,0,1,0
23,0,23,0
4,0,4,0
0,4,4,19
2,0,2,0
1,0,1,0
1,0,1,0
2,0,2,0
1,0,1,0
2,0,2,0
8,0,8,0
0,2,2,32
0,3,3,2
0,3,3,4
1,0,1,0
3,0,3,0
23,0,23,0
6,0,6,0
0,1,1,21
2,0,2,0
38,0,38,0
0,88,88,7
0,3,3,12
7,0,7,0
2,0,2,0
0,3,3,38
0,30,30,11
0,12,12,4
1,0,1,0
3,0,3,0
0,9,9,23
11,0,11,0
19,0,19,0
0,473,473,15
346,0,346,0
0,2,2,2
1,0,1,0
6,0,6,0
53,0,53,0
7,0,7,0
1,0,1,0
2,0,2,0
0,15,15,9
2,0,2,0
89,0,89,0
0,2,2,0
0,1,1,4
4,0,4,0
30,0,30,0
3,0,3,0
3,0,3,0
0,5,5,113
10,0,10,0
0,480,480,225
5,0,5,0
1,0,1,0
0,6,6,6
1,0,1,0
1,0,1,0
1,0,1,0
4,0,4,0
2,0,2,0
2,0,2,0
2,0,2,0
0,7,7,82
0,74,74,74
16,0,16,0
0,1,1,0
5,0,5,0
0,5,5,4
11,0,11,0
0,20,20,24
1,0,1,0
1,0,1,0
9,0,9,0
0,70,70,2
16,0,16,0
0,10,10,82
2,0,2,0
1,0,1,0
10,0,10,0
1,0,1,0
0,4,4,4
3,0,3,0
0,3,3,6
11,0,11,0
4,0,4,0
1,0,1,0
3,0,3,0
4,0,4,0
2,0,2,0
4,0,4,0
7,0,7,0
3,0,3,0
2,0,2,0
1,0,1,0
8,0,8,0
0,202,202,31
0,75,75,28
73,0,73,0
6,0,6,0
0,13,13,70
0,2,2,31
6,0,6,0
0,11,11,8
2,0,2,0
6,0,6,0
0,33,33,25
22,0,22,0
0,1,1,6
3,0,3,0
0,40,40,4
2,0,2,0
1,0,1,0
1,0,1,0
2,0,2,0
1,0,1,0
5,0,5,0
1,0,1,0
0,30,30,20
37,0,37,0
5,0,5,0
1,0,1,0
21,0,21,0
0,3,3,12
2,0,2,0
24,0,24,0
3,0,3,0
0,2,2,0
0,273,273,140
0,5,5,1
12,0,12,0
2,0,2,0
3,0,3,0
15,0,15,0
17,0,17,0
1,0,1,0
0,20,20,7
1,0,1,0
2,0,2,0
1,0,1,0
0,12,12,32
59,0,59,0
6,0,6,0
4,0,4,0
3,0,3,0
0,386,386,24
358,0,358,0
0,2,2,2
1,0,1,0
0,62,62,42
2,0,2,0
1,0,1,0
1,0,1,0
0,39,39,4
1,0,1,0
1,0,1,0
1,0,1,0
0,6,6,13
4,0,4,0
6,0,6,0
12,0,12,0
3,0,3,0
2,0,2,0
9,0,9,0
3,0,3,0
2,0,2,0
1,0,1,0
0,32,32,25
45,0,45,0
2,0,2,0
49,0,49,0
0,33,33,3
0,34,34,72
0,3,3,8
0,61,61,12
2,0,2,0
1,0,1,0
0,2,2,32
10,0,10,0
3,0,3,0
0,3,3,57
4,0,4,0
0,5,5,4
5,0,5,0
4,0,4,0
5,0,5,0
0,3,3,7
53,0,53,0
0,2,2,0
2,0,2,0
0,60,60,20
6,0,6,0
0,2,2,50
11,0,11,0
3,0,3,0
0,1,1,8
16,0,16,0
3,0,3,0
1,0,1,0
0,2,2,4
2,0,2,0
4,0,4,0
1,0,1,0
0,3,3,3
9,0,9,0
5,0,5,0
17,0,17,0
2,0,2,0
109,0,109,0
9,0,9,0
1,0,1,0
1,0,1,0
2,0,2,0
1,0,1,0
8,0,8,0
0,10,10,1
1,0,1,0
0,18,18,15
5,0,5,0
24,0,24,0
3,0,3,0
6,0,6,0
5,0,5,0
0,36,36,0
10,0,10,0
3,0,3,0
17,0,17,0
2,0,2,0
3,0,3,0
3,0,3,0
0,13,13,13
8,0,8,0
1,0,1,0
0,11,11,2
1,0,1,0
2,0,2,0
7,0,7,0
1,0,1,0
47,0,47,0
0,11,11,34
7,0,7,0
4,0,4,0
99,0,99,0
2,0,2,0
3,0,3,0
21,0,21,0
2,0,2,0
5,0,5,0
3,0,3,0
3,0,3,0
0,80,80,41
0,79,79,5
0,1,1,10
0,145,145,8
4,0,4,0
1,0,1,0
0,9,9,0
1,0,1,0
53,0,53,0
1,0,1,0
4,0,4,0
14,0,14,0
1,0,1,0
27,0,27,0
2,0,2,0
0,186,186,30
3,0,3,0
0,76,76,27
53,0,53,0
13,0,13,0
1,0,1,0
0,14,14,14
2,0,2,0
6,0,6,0
2,0,2,0
24,0,24,0
4,0,4,0
0,14,14,4
0,4,4,0
139,0,139,0
2,0,2,0
2,0,2,0
0,61,61,74
53,0,53,0
6,0,6,0
22,0,22,0
10,0,10,0
9,0,9,0
7,0,7,0
2,0,2,0
0,32,32,3
1,0,1,0
3,0,3,0
1,0,1,0
7,0,7,0
0,46,46,182
1,0,1,0
0,4,4,11
0,8,8,22
0,119,119,36
0,18,18,33
0,87,87,8
1,0,1,0
8,0,8,0
17,0,17,0
0,47,47,1
2,0,2,0
1,0,1,0
0,31,31,66
5,0,5,0
6,0,6,0
0,115,115,73
0,1,1,17
0,6,6,23
4,0,4,0
12,0,12,0
10,0,10,0
2,0,2,0
41,0,41,0
1,0,1,0
28,0,28,0
3,0,3,0
10,0,10,0
3,0,3,0
1,0,1,0
0,41,41,6
1,0,1,0
2,0,2,0
0,1,1,6
1,0,1,0
15,0,15,0
0,17,17,14
1,0,1,0
0,5,5,6
2,0,2,0
3,0,3,0
1,0,1,0
1,0,1,0
1,0,1,0
1,0,1,0
7,0,7,0
1,0,1,0
26,0,26,0
5,0,5,0
2,0,2,0
10,0,10,0
2,0,2,0
0,1,1,0
0,6,6,14
5,0,5,0
0,18,18,17
18,0,18,0
0,139,139,54
1,0,1,0
72,0,72,0
1,0,1,0
0,70,70,39
2,0,2,0
1,0,1,0
25,0,25,0
0,3,3,0
1,0,1,0
0,3,3,6
13,0,13,0
3,0,3,0
3,0,3,0
5,74,79,21
16,0,16,0
0,9,9,7
55,0,55,0
0,615,615,23
43,0,43,0
12,0,12,0
0,66,66,9
0,3,3,41
1,0,1,0
7,0,7,0
5,0,5,0
7,0,7,0
0,20,20,1
2,0,2,0
1,0,1,0
2,0,2,0
10,0,10,0
15,0,15,0
0,3,3,2
3,0,3,0
2,0,2,0
7,0,7,0
0,1,1,8
2,0,2,0
0,12,12,78
6,0,6,0
4,0,4,0
39,0,39,0
0,563,563,27
5,0,5,0
31,0,31,0
1,0,1,0
2,0,2,0
0,35,35,12
0,22,22,3
1,0,1,0
2,0,2,0
26,0,26,0
1,0,1,0
9,0,9,0
0,19,19,155
0,1,1,16
4,0,4,0
8,0,8,0
4,0,4,0
5,0,5,0
0,55,55,51
5,0,5,0
0,13,13,29
10,0,10,0
1,0,1,0
6,0,6,0
0,12,12,5
39,0,39,0
0,8,8,2
1,0,1,0
1,0,1,0
1,0,1,0
1,0,1,0
5,0,5,0
3,0,3,0
1,0,1,0
124,0,124,0
0,4,4,23
11,0,11,0
63,0,63,0
0,10,10,133
5,0,5,0
2,0,2,0
2,0,2,0
6,0,6,0
1,0,1,0
1,0,1,0
0,58,58,56
4,0,4,0
0,18,18,4
1,0,1,0
21,0,21,0
2,0,2,0
0,4,4,2
1,0,1,0
1,0,1,0
1,0,1,0
4,0,4,0
1,0,1,0
4,0,4,0
0,7,7,6
86,0,86,0
21,0,21,0
0,11,11,13
48,0,48,0
7,0,7,0
0,3,3,13
1,0,1,0
5,0,5,0
0,43,43,29
0,7,7,141
1,0,1,0
0,2,2,18
1,0,1,0
34,0,34,0
1,0,1,0
66,0,66,0
4,0,4,0
1,0,1,0
0,11,11,1
1,0,1,0
7,0,7,0
11,0,11,0
1,0,1,0
289,0,289,0
11,0,11,0
1,0,1,0
0,225,225,22
175,0,175,0
22,0,22,0
170,0,170,0
1,0,1,0
3,0,3,0
0,3,3,10
0,1,1,46
2,0,2,0
5,0,5,0
0,29,29,17
8,0,8,0
11,0,11,0
3,0,3,0
1,0,1,0
2,0,2,0
5,0,5,0
0,1,1,3
149,0,149,0
17,0,17,0
7,0,7,0
3,0,3,0
0,1,1,25
11,0,11,0
11,0,11,0
20,0,20,0
7,0,7,0
11,0,11,0
0,9,9,71
1,0,1,0
3,0,3,0
2,0,2,0
0,3,3,19
2,0,2,0
2,0,2,0
3,0,3,0
8,0,8,0
2,0,2,0
14,0,14,0
57,0,57,0
36,0,36,0
0,14,14,29
2,0,2,0
5,0,5,0
1,0,1,0
1,0,1,0
3,0,3,0
9,0,9,0
2,0,2,0
0,3,3,0
0,1,1,3
0,82,82,14
19,0,19,0
3,0,3,0
3,0,3,0
6,0,6,0
1,0,1,0
0,88,88,10
0,13,13,78
0,5,5,12
3,0,3,0
0,23,23,17
0,2,2,13
1,0,1,0
6,0,6,0
2,0,2,0
1,0,1,0
0,1,1,1
2,0,2,0
0,8,8,78
1,0,1,0
1,0,1,0
7,0,7,0
23,0,23,0
5,0,5,0
2,0,2,0
0,78,78,86
1,0,1,0
0,82,82,57
3,0,3,0
23,0,23,0
2,0,2,0
125,0,125,0
0,117,117,9
0,26,26,16
6,0,6,0
1,0,1,0
3,0,3,0
0,291,291,114
2,0,2,0
1,0,1,0
0,10,10,12
2,0,2,0
2,0,2,0
2,0,2,0
13,0,13,0
22,0,22,0
1,0,1,0
0,5,5,16
0,22,22,33
0,66,66,20
0,2,2,27
1,0,1,0
0,136,136,7
18,0,18,0
26,0,26,0
0,13,13,6
11,0,11,0
17,0,17,0
9,0,9,0
4,0,4,0
0,18,18,21
9,0,9,0
12,0,12,0
6,0,6,0
0,2,2,27
4,0,4,0
9,0,9,0
0,10,10,0
4,0,4,0
0,49,49,65
1,0,1,0
40,0,40,0
9,0,9,0
0,3,3,1
182,0,182,0
0,4,4,4
7,0,7,0
75,0,75,0
2,0,2,0
0,37,37,37
0,34,34,122
3,0,3,0
5,0,5,0
4,0,4,0
4,0,4,0
0,1,1,4
0,2064,2064,577
27,0,27,0
1,0,1,0
0,3,3,12
45,0,45,0
0,18,18,29
6,0,6,0
18,0,18,0
1,0,1,0
1,0,1,0
0,1984,1984,15
158,0,158,0
1,0,1,0
0,27,27,16
41,0,41,0
18,0,18,0
0,5,5,0
0,1,1,15
7,0,7,0
6,0,6,0
1,0,1,0
13,0,13,0
1,0,1,0
1,0,1,0
3,0,3,0
10,0,10,0
62,0,62,0
0,9,9,10
2,0,2,0
4,0,4,0
0,2,2,3
0,7,7,4
1,0,1,0
1,0,1,0
0,65,65,21
5,0,5,0
0,2,2,514
19,0,19,0
2,0,2,0
2,0,2,0
10,0,10,0
0,11,11,2
1,0,1,0
2,0,2,0
1,0,1,0
1,0,1,0
1,0,1,0
19,0,19,0
0,38,38,40
11,0,11,0
0,1,1,3
2,0,2,0
1,0,1,0
8,0,8,0
1,0,1,0
73,0,73,0
3,0,3,0
0,1,1,3
0,151,151,28
123,0,123,0
33,0,33,0
1,0,1,0
9,0,9,0
15,0,15,0
4,0,4,0
8,0,8,0
0,1,1,0
1,0,1,0
3,0,3,0
0,18,18,2
1,0,1,0
18,0,18,0
0,1,1,43
2,0,2,0
0,33,33,0
1,0,1,0
3,0,3,0
0,26,26,2
30,0,30,0
1,0,1,0
6,0,6,0
2,0,2,0
0,23,23,21
0,36,36,7
4,0,4,0
32,0,32,0
0,1,1,3
1,0,1,0
0,8,8,5
12,0,12,0
3,0,3,0
1,0,1,0
1,0,1,0
0,6,6,0
3,0,3,0
63,0,63,0
0,20,20,16
0,1,1,183
10,0,10,0
0,3,3,4
0,8,8,23
0,2,2,62
3,0,3,0
4,0,4,0
6,0,6,0
5,0,5,0
13,0,13,0
0,4,4,8
6,0,6,0
0,113,113,44
36,0,36,0
10,0,10,0
10,0,10,0
7,0,7,0
0,265,265,6
0,59,59,13
0,7,7,16
9,0,9,0
19,0,19,0
3,0,3,0
2,0,2,0
1,0,1,0
7,0,7,0
1,0,1,0
0,1,1,13
2,0,2,0
0,50,50,9
148,0,148,0
1,0,1,0
3,0,3,0
3,0,3,0
0,95,95,6
2,0,2,0
0,478,478,20
7,0,7,0
3,0,3,0
93,0,93,0
50,0,50,0
53,0,53,0
3,0,3,0
0,1,1,3
1,0,1,0
2,0,2,0
4,0,4,0
41,0,41,0
3,0,3,0
15,0,15,0
3,0,3,0
23,0,23,0
2,0,2,0
1,0,1,0
2,0,2,0
1,0,1,0
2,0,2,0
1,0,1,0
1,0,1,0
6,0,6,0
2,0,2,0
0,219,219,9
0,3,3,53
903,0,903,0
7,0,7,0
1,0,1,0
0,65,65,28
19,0,19,0
0,6,6,5
16,0,16,0
1,0,1,0
3,0,3,0
0,18,18,16
0,7,7,3
0,49,49,26
0,148,148,12
153,0,153,0
4,0,4,0
0,21,21,13
1,0,1,0
1,0,1,0
6,0,6,0
7,0,7,0
0,11,11,148
1,0,1,0
1,0,1,0
16,0,16,0
1,0,1,0
0,5,5,6
6,0,6,0
6,0,6,0
0,1,1,2
0,2,2,9
1,0,1,0
0,6,6,120
4,0,4,0
3,0,3,0
2,0,2,0
5,0,5,0
3,0,3,0
0,20,20,111
21,0,21,0
31,0,31,0
1,0,1,0
2,0,2,0
7,0,7,0
2,0,2,0
0,39,39,55
2,0,2,0
1,0,1,0
3,0,3,0
24,0,24,0
7,0,7,0
8,0,8,0
0,45,45,4
113,0,113,0
12,0,12,0
6,0,6,0
12,0,12,0
49,0,49,0
0,65,65,95
0,155,155,51
2,0,2,0
2,0,2,0
0,6,6,7
0,104,104,21
72,0,72,0
4,0,4,0
0,8,8,3
1,0,1,0
26,0,26,0
17,0,17,0
8,0,8,0
1,0,1,0
3,0,3,0
1,0,1,0
1,0,1,0
2,0,2,0
0,19,19,32
2,0,2,0
140,0,140,0
70,0,70,0
4,0,4,0
0,6,6,8
0,32,32,2
0,9,9,15
2,0,2,0
14,0,14,0
4,0,4,0
0,1,1,54
4,0,4,0
1,0,1,0
12,0,12,0
203,0,203,0
1,0,1,0
1,0,1,0
5,0,5,0
7,0,7,0
3,0,3,0
4,0,4,0
17,0,17,0
0,4,4,7
2,0,2,0
12,0,12,0
3,0,3,0
384,0,384,0
0,1,1,29
3,0,3,0
2,0,2,0
1,0,1,0
2,0,2,0
10,0,10,0
0,9,9,4
12,0,12,0
0,3,3,0
9,0,9,0
1,0,1,0
0,121,121,60
3,0,3,0
12,0,12,0
0,1,1,37
4,0,4,0
7,0,7,0
1,0,1,0
12,0,12,0
0,322,322,144
5,0,5,0
4,0,4,0
0,15,15,1
0,5,5,153
2,0,2,0
2,0,2,0
1,0,1,0
0,3,3,7
0,14,14,40
2,0,2,0
2,0,2,0
4,0,4,0
0,120,120,6
22,0,22,0
3,0,3,0
4,0,4,0
1,0,1,0
30,0,30,0
0,7,7,1
0,86,86,6
102,0,102,0
3,0,3,0
0,1,1,8
1,0,1,0
2,0,2,0
0,3,3,4
4,0,4,0
8,0,8,0
0,50,50,40
4,0,4,0
3,0,3,0
0,8,8,2
0,25,25,14
4,0,4,0
20,0,20,0
0,5,5,2
4,0,4,0
0,3,3,66
1,0,1,0
1,0,1,0
2,0,2,0
1,0,1,0
5,0,5,0
0,10,10,9
0,1,1,1
1,0,1,0
1,0,1,0
4,0,4,0
0,5,5,0
1,0,1,0
0,3,3,27
16,0,16,0
1,0,1,0
5,0,5,0
5,0,5,0
20,0,20,0
7,0,7,0
35,0,35,0
0,20,20,12
2,0,2,0
6,0,6,0
23,0,23,0
1,0,1,0
1,0,1,0
4,0,4,0
0,7,7,95
2,0,2,0
10,0,10,0
0,2,2,2
11,0,11,0
0,110,110,91
6,0,6,0
0,1,1,11
11,0,11,0
13,0,13,0
0,77,77,9
1,0,1,0
4,0,4,0
5,0,5,0
2,0,2,0
19,0,19,0
0,43,43,21
10,0,10,0
8,0,8,0
14,0,14,0
23,0,23,0
1,0,1,0
0,27,27,9
1,0,1,0
0,207,207,54
0,2,2,5
7,0,7,0
0,1,1,2
1,0,1,0
0,3,3,0
12,0,12,0
5,0,5,0
0,47,47,2
1,0,1,0
4,0,4,0
2,0,2,0
9,0,9,0
14,0,14,0
0,51,51,84
3,0,3,0
22,0,22,0
33,0,33,0
0,91,91,18
0,14,14,7
0,2,2,3
3,0,3,0
0,7,7,35
0,6,6,86
3,0,3,0
1,0,1,0
62,0,62,0
0,16,16,0
0,21,21,41
31,0,31,0
0,10,10,6
2,0,2,0
20,0,20,0
0,6,6,3
8,0,8,0
16,0,16,0
2,0,2,0
2,0,2,0
1,0,1,0
3,0,3,0
13,0,13,0
0,2,2,8
5,0,5,0
0,16,16,70
18,0,18,0
0,25,25,0
1,0,1,0
19,0,19,0
12,0,12,0
1,0,1,0
5,0,5,0
0,4,4,16
78,0,78,0
4,0,4,0
2,0,2,0
3,0,3,0
2,0,2,0
1,0,1,0
0,2,2,1
0,1,1,18
0,6,6,2
0,11,11,150
77,0,77,0
1,0,1,0
0,1,1,14
40,0,40,0
4,0,4,0
2,0,2,0
0,32,32,35
0,16,16,115
0,9,9,4
4,0,4,0
10,0,10,0
3,0,3,0
2,0,2,0
0,3,3,26
22,0,22,0
3,0,3,0
1,0,1,0
1,0,1,0
1,0,1,0
0,5,5,22
69,0,69,0
2,0,2,0
0,34,34,13
16,0,16,0
1,0,1,0
0,4,4,0
6,0,6,0
0,368,368,0
0,78,78,51
58,0,58,0
23,0,23,0
0,13,13,72
3,0,3,0
0,2,2,2
83,0,83,0
1,0,1,0
0,49,49,77
2,0,2,0
0,3,3,9
1,0,1,0
2,0,2,0
0,33,33,105
0,16,16,0
3,0,3,0
5,0,5,0
0,2,2,8
1,0,1,0
1,0,1,0
1,0,1,0
2,0,2,0
4,0,4,0
0,1,1,77
0,1,1,21
2,0,2,0
1,0,1,0
0,28,28,13
117,0,117,0
2,0,2,0
36,0,36,0
1,0,1,0
6,0,6,0
7,0,7,0
0,2,2,31
1,0,1,0
2,0,2,0
5,0,5,0
2,0,2,0
0,7,7,23
2,0,2,0
2,0,2,0
120,0,120,0
2,0,2,0
0,36,36,4
38,0,38,0
3,0,3,0
0,13,13,21
12,0,12,0
13,0,13,0
1,0,1,0
0,37,37,15
88,0,88,0
1,0,1,0
4,0,4,0
5,0,5,0
1,0,1,0
1,0,1,0
31,0,31,0
1,0,1,0
10,0,10,0
1,0,1,0
27,0,27,0
2,0,2,0
47,0,47,0
2,0,2,0
8,0,8,0
0,5,5,52
1,0,1,0
1,0,1,0
10,0,10,0
1,0,1,0
1,0,1,0
17,0,17,0
7,0,7,0
1,0,1,0
39,0,39,0
6,0,6,0
0,4,4,3
0,15,15,11
0,29,29,0
1,0,1,0
1,0,1,0
1,0,1,0
1,0,1,0
1,0,1,0
1,0,1,0
1,0,1,0
7,0,7,0
0,5,5,17
0,4,4,6
0,12,12,37
29,0,29,0
3,0,3,0
130,0,130,0
2,0,2,0
7,0,7,0
6,0,6,0
5,0,5,0
1,0,1,0
0,4,4,3
1,0,1,0
3,0,3,0
26,0,26,0
0,9,9,0
13,0,13,0
1,0,1,0
0,4,4,7
2,0,2,0
1,0,1,0
0,12,12,4
0,1,1,24
2,0,2,0
0,3,3,158
32,0,32,0
9,0,9,0
0,3,3,1
0,81,81,1
0,80,80,2
2,0,2,0
4,0,4,0
0,1,1,8
3,0,3,0
28,0,28,0
0,613,613,70
1,0,1,0
16,0,16,0
24,0,24,0
7,0,7,0
65,0,65,0
1,0,1,0
1,0,1,0
2,0,2,0
0,179,179,59
1,0,1,0
18,0,18,0
1,0,1,0
10,0,10,0
12,0,12,0
4,0,4,0
0,1,1,14
2,0,2,0
2,0,2,0
23,0,23,0
0,4,4,49
5,0,5,0
0,23,23,16
0,19,19,0
5,0,5,0
0,10,10,31
2,0,2,0
1,0,1,0
3,0,3,0
4,0,4,0
1,0,1,0
0,87,87,5
91,0,91,0
7,0,7,0
108,0,108,0
3,0,3,0
7,0,7,0
15,0,15,0
2,0,2,0
103,0,103,0
11,0,11,0
2,0,2,0
1,0,1,0
1,0,1,0
1,0,1,0
0,6,6,49
4,0,4,0
0,13,13,19
4,0,4,0
1,0,1,0
2,0,2,0
0,17,17,2
10,0,10,0
1,0,1,0
19,0,19,0
0,1,1,10
5,0,5,0
2,0,2,0
1,0,1,0
41,0,41,0
5,0,5,0
1,0,1,0
0,4,4,11
0,122,122,78
10,0,10,0
2,0,2,0
18,0,18,0
67,0,67,0
7,0,7,0
4,0,4,0
6,0,6,0
2,0,2,0
0,17,17,7
24,0,24,0
0,4,4,72
0,15,15,0
5,0,5,0
11,0,11,0
2,0,2,0
0,16,16,34
4,0,4,0
1,0,1,0
0,43,43,25
3,0,3,0
220,0,220,0
0,1,1,3
2,0,2,0
10,0,10,0
5,0,5,0
0,3,3,1
0,761,761,49
3,0,3,0
0,1,1,29
0,3,3,33
4,0,4,0
10,0,10,0
18,0,18,0
1,0,1,0
43,0,43,0
0,1,1,21
0,7,7,28
8,0,8,0
0,12,12,17
0,16,16,3
4,0,4,0
0,6,6,17
4,0,4,0
0,36,36,41
0,7,7,2
0,2,2,1
0,13,13,3
12,0,12,0
4,0,4,0
0,14,14,44
0,4,4,13
4,0,4,0
24,0,24,0
8,0,8,0
1,0,1,0
27,0,27,0
118,0,118,0
1,0,1,0
3,0,3,0
4,0,4,0
0,2,2,12
455,0,455,0
0,744,744,52
5,0,5,0
6,0,6,0
1,0,1,0
1,0,1,0
2,0,2,0
3,0,3,0
3,0,3,0
24,0,24,0
15,0,15,0
94,0,94,0
1,0,1,0
0,2060,2060,68
1,0,1,0
6,0,6,0
7,0,7,0
1,0,1,0
0,12,12,24
2,0,2,0
4,0,4,0
1,0,1,0
42,0,42,0
0,20,20,18
8,0,8,0
6,0,6,0
14,0,14,0
6,0,6,0
0,7,7,0
12,0,12,0
12,0,12,0
0,17,17,3
2,0,2,0
6,0,6,0
1,0,1,0
17,0,17,0
0,14,14,1
4,0,4,0
4,0,4,0
0,61,61,105
3,0,3,0
0,17,17,49
1,0,1,0
1,0,1,0
7,0,7,0
3,0,3,0
1,0,1,0
1,0,1,0
1,0,1,0
3,0,3,0
22,0,22,0
0,1,1,0
9,0,9,0
5,0,5,0
1,0,1,0
4,0,4,0
4,0,4,0
3,0,3,0
2,0,2,0
0,162,162,8
0,4,4,44
47,0,47,0
3,0,3,0
1,0,1,0
5,0,5,0
2,0,2,0
9,0,9,0
2,0,2,0
0,3,3,0
0,162,162,83
2,0,2,0
20,0,20,0
0,12,12,5
0,52,52,6
3,0,3,0
4,0,4,0
1,0,1,0
256,0,256,0
0,2,2,25
1,0,1,0
3,0,3,0
3,0,3,0
2,0,2,0
2,0,2,0
0,69,69,16
2,0,2,0
7,0,7,0
2,0,2,0
1,0,1,0
3,0,3,0
0,15,15,5
0,3,3,3
4,0,4,0
1,0,1,0
1,0,1,0
4,0,4,0
120,0,120,0
0,9,9,6
0,820,820,33
41,0,41,0
0,7,7,10
2,0,2,0
3,0,3,0
2,0,2,0
0,56,56,10
2,0,2,0
1,0,1,0
2,0,2,0
0,153,153,5
0,3,3,11
0,2,2,36
3,0,3,0
11,0,11,0
0,27,27,8
0,3,3,4
7,0,7,0
31,0,31,0
32,0,32,0
5,0,5,0
0,16,16,2
5,0,5,0
2,0,2,0
0,13,13,36
4,0,4,0
8,0,8,0
0,20,20,9
4,0,4,0
4,0,4,0
0,19,19,43
0,40,40,70
14,0,14,0
1,0,1,0
32,0,32,0
4,0,4,0
6,0,6,0
4,0,4,0
10,0,10,0
0,9,9,6
5,0,5,0
4,0,4,0
3,0,3,0
2,0,2,0
32,0,32,0
2,0,2,0
2,0,2,0
3,0,3,0
3,0,3,0
16,0,16,0
3,0,3,0
0,31,31,7
2,0,2,0
9,0,9,0
1,0,1,0
0,14,14,8
7,0,7,0
0,2,2,48
0,65,65,16
0,2,2,12
4,0,4,0
1,0,1,0
0,3,3,0
0,10,10,13
0,31,31,55
48,0,48,0
1,0,1,0
3,0,3,0
0,1,1,2
23,0,23,0
3,0,3,0
16,0,16,0
1,0,1,0
2,0,2,0
17,0,17,0
0,5,5,17
0,48,48,103
10,0,10,0
9,0,9,0
2,0,2,0
2,0,2,0
1,0,1,0
0,13,13,57
8,0,8,0
0,8,8,45
2,0,2,0
0,27,27,7
4,0,4,0
0,31,31,1
0,2,2,7
1,0,1,0
1,0,1,0
0,5,5,49
0,53,53,16
2,0,2,0
1,0,1,0
0,7,7,147
4,0,4,0
6,0,6,0
32,0,32,0
0,3,3,24
5,0,5,0
161,0,161,0
5,0,5,0
2,0,2,0
0,24,24,28
3,0,3,0
0,3,3,14
0,41,41,39
29,0,29,0
0,10,10,11
1,0,1,0
2,0,2,0
3,0,3,0
3,0,3,0
3,0,3,0
6,0,6,0
2,0,2,0
4,0,4,0
1,0,1,0
6,0,6,0
1,0,1,0
24,0,24,0
5,0,5,0
7,0,7,0
0,1,1,9
0,24,24,33
8,0,8,0
48,0,48,0
17,0,17,0
1,0,1,0
3,0,3,0
23,0,23,0
1,0,1,0
6,0,6,0
29,0,29,0
2,0,2,0
15,0,15,0
8,0,8,0
7,0,7,0
4,0,4,0
1,0,1,0
25,0,25,0
13,0,13,0
0,24,24,0
7,0,7,0
0,173,173,17
0,6,6,45
3,0,3,0
18,0,18,0
0,3,3,24
11,0,11,0
16,0,16,0
0,2,2,25
3,0,3,0
4,0,4,0
0,1,1,8
31,0,31,0
1,0,1,0
3,0,3,0
0,21,21,0
0,360,360,67
1,0,1,0
2,0,2,0
1,0,1,0
17,0,17,0
1,0,1,0
3,0,3,0
45,0,45,0
0,11,11,45
96,0,96,0
2,0,2,0
8,0,8,0
0,10,10,10
1,0,1,0
0,9,9,24
6,0,6,0
1,0,1,0
6,0,6,0
1,0,1,0
0,2,2,3
1,0,1,0
7,0,7,0
2,0,2,0
3,0,3,0
0,44,44,17
84,0,84,0
0,24,24,14
5,0,5,0
0,51,51,6
0,3,3,2
3,0,3,0
10,0,10,0
1,0,1,0
1,0,1,0
0,1,1,3
0,6,6,23
1,0,1,0
1,0,1,0
2,0,2,0
1,0,1,0
0,30,30,73
3,0,3,0
2,0,2,0
4,0,4,0
2,0,2,0
5,0,5,0
5,0,5,0
24,0,24,0
0,2,2,16
0,33,33,19
11,0,11,0
0,1,1,67
7,0,7,0
14,0,14,0
23,0,23,0
1,0,1,0
0,5,5,21
0,78,78,11
2,0,2,0
1,0,1,0
0,19,19,4
11,0,11,0
6,0,6,0
210,0,210,0
1,0,1,0
3,0,3,0
0,16,16,89
21,0,21,0
2,0,2,0
1,0,1,0
13,0,13,0
6,0,6,0
0,301,301,56
1,0,1,0
41,0,41,0
0,17,17,7
13,0,13,0
4,0,4,0
1,0,1,0
0,1,1,3
4,0,4,0
1,0,1,0
1,0,1,0
43,0,43,0
20,0,20,0
1401,0,1401,0
4,0,4,0
3,0,3,0
21,0,21,0
12,0,12,0
5,0,5,0
1,0,1,0
0,57,57,30
35,0,35,0
9,0,9,0
4,0,4,0
6,0,6,0
0,5,5,11
1,0,1,0
4,0,4,0
1,0,1,0
1,0,1,0
1,0,1,0
7,0,7,0
4,0,4,0
2,0,2,0
2,0,2,0
0,11,11,2
17,0,17,0
0,30,30,5
4,0,4,0
17,0,17,0
2,0,2,0
0,1,1,4
7,0,7,0
5,0,5,0
11,0,11,0
131,0,131,0
3,0,3,0
13,0,13,0
0,16,16,9
0,17,17,44
3,0,3,0
3,0,3,0
0,5,5,0
2,0,2,0
0,138,138,16
194,0,194,0
10,0,10,0
2,0,2,0
0,35,35,14
1,0,1,0
12,0,12,0
1,0,1,0
7,0,7,0
4,0,4,0
0,6,6,2
0,4,4,0
1,0,1,0
100,0,100,0
0,9,9,3
2,0,2,0
2,0,2,0
5,0,5,0
5,0,5,0
0,8,8,18
4,0,4,0
8,0,8,0
0,1,1,101
3,0,3,0
0,3,3,31
2,0,2,0
47,0,47,0
3,0,3,0
6,0,6,0
8,0,8,0
0,3,3,12
1,0,1,0
0,57,57,7
37,0,37,0
0,10,10,156
2,0,2,0
5,0,5,0
5,0,5,0
0,8,8,33
0,4,4,13
7,0,7,0
0,5,5,20
138,0,138,0
0,4,4,56
8,0,8,0
2,0,2,0
0,14,14,3
6,0,6,0
2,0,2,0
72,0,72,0
1,0,1,0
1,0,1,0
1,0,1,0
1,0,1,0
6,0,6,0
0,201,201,0
2,0,2,0
15,0,15,0
1,0,1,0
10,0,10,0
2,0,2,0
0,3,3,1
2,0,2,0
0,11,11,29
9,0,9,0
1,0,1,0
0,7,7,9
2,0,2,0
1,0,1,0
8,0,8,0
2,0,2,0
21,0,21,0
4,0,4,0
1,0,1,0
13,0,13,0
0,1,1,4
1,0,1,0
0,4,4,0
16,0,16,0
4,0,4,0
0,4,4,34
0,237,237,25
31,0,31,0
1,0,1,0
4,0,4,0
7,0,7,0
37,0,37,0
7,0,7,0
0,21,21,6
9,0,9,0
4,0,4,0
1,0,1,0
0,9,9,28
39,0,39,0
1,0,1,0
7,0,7,0
0,4,4,50
64,0,64,0
8,0,8,0
0,55,55,31
0,236,236,14
0,6,6,28
17,0,17,0
4,0,4,0
1,0,1,0
0,5,5,17
1,0,1,0
1,0,1,0
0,3,3,0
6,0,6,0
2,0,2,0
11,0,11,0
3,0,3,0
0,3,3,3
11,0,11,0
0,1,1,4
1,0,1,0
24,0,24,0
0,4,4,6
5,0,5,0
1,0,1,0
2,0,2,0
0,15,15,2
1,0,1,0
1,0,1,0
2,0,2,0
5,0,5,0
7,0,7,0
0,1,1,16
1,0,1,0
3,0,3,0
4,0,4,0
43,0,43,0
6,0,6,0
3,0,3,0
1,0,1,0
45,0,45,0
2,0,2,0
0,5,5,5
2,0,2,0
2,0,2,0
2,0,2,0
37,0,37,0
1,0,1,0
0,6,6,1
0,1,1,36
2,0,2,0
4,0,4,0
2,0,2,0
1,0,1,0
1,0,1,0
1,0,1,0
1,0,1,0
3,0,3,0
2,0,2,0
188,0,188,0
0,10,10,40
28,0,28,0
3,0,3,0
0,135,135,40
1,0,1,0
0,23,23,2
0,36,36,10
2,0,2,0
9,0,9,0
49,0,49,0
2,0,2,0
33,0,33,0
1,0,1,0
1,0,1,0
62,0,62,0
0,1,1,19
0,348,348,24
0,2,2,7
1,0,1,0
17,0,17,0
4,0,4,0
0,18,18,17
3,0,3,0
9,0,9,0
0,8,8,6
0,4,4,1
0,3,3,4
0,60,60,51
0,245,245,6
9,0,9,0
1,0,1,0
1,0,1,0
0,1,1,1
476,0,476,0
0,118,118,22
0,582,582,68
4,0,4,0
0,4,4,0
9,0,9,0
2,0,2,0
1,0,1,0
3,0,3,0
1,0,1,0
5,0,5,0
1,0,1,0
107,0,107,0
0,16,16,1
25,0,25,0
2,0,2,0
3,0,3,0
3,0,3,0
10,0,10,0
0,4,4,1
57,0,57,0
3,0,3,0
3,0,3,0
3,0,3,0
5,0,5,0
6,0,6,0
12,0,12,0
2,0,2,0
0,26,26,58
0,2,2,0
3,0,3,0
0,5,5,101
0,241,241,52
2,0,2,0
0,5,5,8
2,0,2,0
0,11,11,1
11,0,11,0
0,58,58,119
19,0,19,0
0,150,150,4
1,0,1,0
4,0,4,0
2,0,2,0
0,14,14,6
1,0,1,0
14,0,14,0
11,0,11,0
0,3,3,24
48,0,48,0
2,0,2,0
4,0,4,0
0,11,11,46
5,0,5,0
0,1,1,198
25,0,25,0
0,3,3,12
0,13,13,12
0,5,5,1
0,2,2,4
5,0,5,0
1,0,1,0
33,0,33,0
0,2,2,128
7,0,7,0
0,37,37,25
92,0,92,0
2,0,2,0
10,0,10,0
3,0,3,0
0,5,5,1
3,0,3,0
10,0,10,0
0,4,4,17
478,0,478,0
0,1,1,0
2,0,2,0
9,0,9,0
1,0,1,0
33,0,33,0
0,1,1,105
2,0,2,0
0,139,139,30
137,0,137,0
1,0,1,0
0,136,136,6
2,0,2,0
17,0,17,0
67,0,67,0
0,3,3,18
5,0,5,0
1,0,1,0
3,0,3,0
0,2,2,5
4,0,4,0
25,0,25,0
5,0,5,0
0,13,13,31
2,0,2,0
0,462,462,8
3,0,3,0
0,15,15,30
102,0,102,0
1,0,1,0
1,0,1,0
16,0,16,0
0,15,15,6
6,0,6,0
0,4,4,19
21,0,21,0
2,0,2,0
1,0,1,0
36,0,36,0
0,2,2,17
0,14,14,24
2,0,2,0
0,4,4,0
4,0,4,0
3,0,3,0
17,0,17,0
0,72,72,19
2,0,2,0
17,0,17,0
4,0,4,0
9,0,9,0
9,0,9,0
6,0,6,0
16,0,16,0
6,0,6,0
0,17,17,95
0,24,24,71
1,0,1,0
1,0,1,0
0,350,350,35
0,8,8,0
6,0,6,0
7,0,7,0
1,0,1,0
0,27,27,16
0,13,13,15
2,0,2,0
10,0,10,0
1,0,1,0
1,0,1,0
75,0,75,0
1,0,1,0
0,22,22,250
2,0,2,0
121,0,121,0
3,0,3,0
5,0,5,0
2,0,2,0
1,0,1,0
14,0,14,0
0,18,18,16
26,0,26,0
4,0,4,0
22,0,22,0
2,0,2,0
0,11,11,3
40,0,40,0
0,1,1,3
0,5,5,2
8,0,8,0
11,0,11,0
9,0,9,0
1,0,1,0
6,0,6,0
14,0,14,0
88,0,88,0
8,0,8,0
2,0,2,0
8,0,8,0
0,2,2,25
37,0,37,0
24,0,24,0
34,0,34,0
16,0,16,0
2,0,2,0
9,0,9,0
11,0,11,0
3,0,3,0
58,0,58,0
2,0,2,0
1,0,1,0
0,3,3,15
1,0,1,0
25,0,25,0
8,0,8,0
1,0,1,0
3,0,3,0
8,0,8,0
33,0,33,0
2,0,2,0
22,0,22,0
15,0,15,0
0,2,2,19
0,1,1,5
6,0,6,0
0,4,4,2
2,0,2,0
0,286,286,1
2,0,2,0
1,0,1,0
0,3,3,7
0,1,1,16
0,6,6,2
73,0,73,0
0,9,9,2
2,0,2,0
3,0,3,0
60,0,60,0
14,0,14,0
22,0,22,0
1,0,1,0
0,6,6,11
5,0,5,0
1,0,1,0
1,0,1,0
1,0,1,0
1,0,1,0
0,6,6,6
0,90,90,2
9,0,9,0
5,0,5,0
0,4,4,26
2,0,2,0
88,0,88,0
3,0,3,0
5,0,5,0
2,0,2,0
0,36,36,10
2,0,2,0
0,3,3,2
0,17,17,89
4,0,4,0
0,8,8,10
2,0,2,0
15,0,15,0
0,4,4,0
0,1,1,1
0,2,2,41
3,0,3,0
22,0,22,0
55,0,55,0
22,0,22,0
14,0,14,0
0,100,100,34
1,0,1,0
7,0,7,0
2,0,2,0
10,0,10,0
6,0,6,0
3,0,3,0
1,0,1,0
2,0,2,0
1,0,1,0
0,167,167,29
2,0,2,0
16,0,16,0
1,0,1,0
1,0,1,0
5,0,5,0
5,0,5,0
17,0,17,0
2,0,2,0
10,0,10,0
0,2,2,37
20,0,20,0
0,129,129,62
90,0,90,0
3,0,3,0
65,0,65,0
0,15,15,9
0,1,1,3
2,0,2,0
0,99,99,9
59,0,59,0
8,0,8,0
0,3,3,4
2,0,2,0
5,0,5,0
39,0,39,0
5,0,5,0
9,0,9,0
17,0,17,0
0,1,1,14
24,0,24,0
3,0,3,0
0,92,92,12
12,0,12,0
11,0,11,0
2,0,2,0
7,0,7,0
5,0,5,0
0,3,3,52
0,4,4,19
1,216,217,7
5,0,5,0
1,0,1,0
21,0,21,0
6,0,6,0
1,0,1,0
41,0,41,0
4,0,4,0
3,0,3,0
0,21,21,48
8,0,8,0
3,0,3,0
0,1,1,90
1,0,1,0
956,0,956,0
0,10,10,2
0,40,40,27
2,0,2,0
4,0,4,0
1,0,1,0
0,1,1,19
33,0,33,0
7,0,7,0
6,0,6,0
7,0,7,0
0,2,2,3
6,0,6,0
6,0,6,0
2,0,2,0
3,3,6,17
3,0,3,0
7,0,7,0
2,0,2,0
0,24,24,1
9,0,9,0
4,0,4,0
10,0,10,0
11,0,11,0
2,0,2,0
17,0,17,0
0,2,2,4
3,0,3,0
5,0,5,0
5,0,5,0
2,0,2,0
0,1,1,3
6,0,6,0
4,0,4,0
7,0,7,0
0,1,1,9
2,0,2,0
4,0,4,0
5,0,5,0
0,322,322,51
1,0,1,0
1,0,1,0
4,0,4,0
1,0,1,0
0,3,3,12
9,0,9,0
18,0,18,0
0,1,1,3
7,0,7,0
0,1,1,14
0,273,273,21
7,0,7,0
0,32,32,0
2,0,2,0
9,0,9,0
22,0,22,0
355,0,355,0
41,0,41,0
21,0,21,0
2,0,2,0
3,0,3,0
5,0,5,12
1,0,1,0
1,0,1,0
12,0,12,0
3,0,3,0
32,0,32,0
1,0,1,0
7,0,7,0
2,0,2,0
72,0,72,0
5,0,5,0
1,0,1,0
0,1,1,6
0,1,1,3
1,0,1,0
2,0,2,0
0,109,109,34
19,0,19,0
2,0,2,0
16,0,16,0
5,0,5,0
1,0,1,0
165,0,165,0
0,16,16,117
0,3,3,1
3,0,3,0
0,4,4,22
1,0,1,0
10,0,10,0
0,68,68,232
49,0,49,0
0,1,1,49
6,0,6,0
0,18,18,0
2,0,2,0
0,766,766,133
1,0,1,0
0,12,12,62
3,0,3,0
0,203,203,39
256,0,256,0
18,0,18,0
7,0,7,0
5,0,5,0
2,0,2,0
0,16,16,0
7,0,7,0
1,0,1,0
1,0,1,0
0,1,1,0
0,4,4,6
85,0,85,0
48,0,48,0
0,3,3,12
24,0,24,0
0,2,2,0
0,4,4,11
3,0,3,0
14,0,14,0
2,0,2,0
11,0,11,0
6,0,6,0
0,87,87,2
0,16,16,25
4,0,4,0
0,88,88,14
1,0,1,0
0,47,47,61
11,0,11,0
0,3,3,8
1,0,1,0
10,0,10,0
1,0,1,0
107,0,107,0
1,0,1,0
0,13,13,6
1,0,1,0
9,0,9,0
8,0,8,0
1,0,1,0
1,0,1,0
25,0,25,0
0,26,26,25
0,48,48,22
3,0,3,0
2,0,2,0
0,6,6,8
3,0,3,0
0,1,1,9
7,0,7,0
0,4,4,1
8,0,8,0
44,0,44,0
17,0,17,0
1,0,1,0
11,0,11,0
1,0,1,0
18,0,18,0
6,0,6,0
13,0,13,0
85,0,85,0
5,0,5,0
47,0,47,0
0,9,9,15
1,0,1,0
0,6,6,4
1,0,1,0
196,0,196,0
6,0,6,0
1,0,1,0
2,0,2,0
1,0,1,0
5,0,5,0
11,0,11,0
5,0,5,0
1,0,1,0
35,0,35,0
0,135,135,40
5,0,5,0
2,0,2,0
8,0,8,0
0,14,14,29
2,0,2,0
2,0,2,0
2,0,2,0
0,1,1,1
0,14,14,53
24,0,24,0
2,0,2,0
11,0,11,0
2,0,2,0
10,0,10,0
0,4,4,26
4,0,4,0
0,12,12,4
0,36,36,18
4,0,4,0
0,19,19,17
0,1,1,4
5,0,5,0
0,30,30,35
31,0,31,0
6,0,6,0
36,0,36,0
0,75,75,41
1,0,1,0
1,0,1,0
5,0,5,0
4,0,4,0
2,0,2,0
22,0,22,0
8,0,8,0
5,0,5,0
0,24,24,6
2,0,2,0
5,0,5,0
2,0,2,0
13,0,13,0
1,0,1,0
88,0,88,0
2,0,2,0
6,0,6,0
2,0,2,0
0,52,52,115
15,0,15,0
10,0,10,0
0,14,14,5
1,0,1,0
1,0,1,0
0,15,15,18
2,0,2,0
0,44,44,67
74,0,74,0
3,0,3,0
8,0,8,0
0,11,11,12
4,0,4,0
21,0,21,0
1,0,1,0
1,0,1,0
10,0,10,0
3,0,3,0
2,0,2,0
5,0,5,0
1,0,1,0
21,0,21,0
5,0,5,0
8,0,8,0
0,17,17,24
1,0,1,0
6,0,6,0
1,0,1,0
2,0,2,0
0,14,14,6
5,0,5,0
33,0,33,0
0,9,9,7
1,0,1,0
3,0,3,0
0,2,2,0
11,0,11,0
0,13,13,0
3,0,3,0
3,0,3,0
0,13,13,13
1,0,1,0
1,0,1,0
34,0,34,0
1,0,1,0
15,0,15,0
0,61,61,12
1,0,1,0
8,0,8,0
5,0,5,0
2,0,2,0
0,6,6,11
1,0,1,0
1,0,1,0
6,0,6,0
1,0,1,0
0,11,11,2
0,61,61,55
1,0,1,0
1,0,1,0
3,0,3,0
10,0,10,0
1,0,1,0
0,6,6,16
1,0,1,0
0,204,204,15
1,0,1,0
5,0,5,0
2,0,2,0
4,0,4,0
5,0,5,0
1,0,1,0
0,1,1,5
2,0,2,0
0,98,98,1
1,0,1,0
0,21,21,41
1,0,1,0
2,0,2,0
6,0,6,0
1,0,1,0
2,0,2,0
5,0,5,0
0,46,46,33
0,28,28,20
1,0,1,0
1,0,1,0
7,0,7,0
0,47,47,14
2,0,2,0
0,12,12,235
12,0,12,0
1,0,1,0
1,0,1,0
2,0,2,0
1,0,1,0
6,0,6,0
8,0,8,0
1,0,1,0
0,5,5,2
8,0,8,0
0,4,4,38
71,0,71,0
3,0,3,0
3,0,3,0
1,0,1,0
0,10,10,59
22,0,22,0
35,0,35,0
4,0,4,0
6,0,6,0
9,0,9,0
5,0,5,0
3,0,3,0
1,0,1,0
8,0,8,0
20,0,20,0
1,0,1,0
4,0,4,0
1,0,1,0
1,0,1,0
0,300,300,26
2,0,2,0
5,0,5,0
432,0,432,0
0,9,9,15
1,0,1,0
64,0,64,0
0,51,51,2
0,10,10,8
22,0,22,0
0,27,27,13
8,0,8,0
1,0,1,0
61,0,61,0
33,0,33,0
2,0,2,0
9,0,9,0
3,0,3,0
1,0,1,0
4,0,4,0
9,0,9,0
0,42,42,4
8,0,8,0
0,14,14,1
5,0,5,0
2,0,2,0
12,0,12,0
19,0,19,0
0,1,1,2
0,8,8,55
8,0,8,0
1,0,1,0
219,0,219,0
0,16,16,37
15,0,15,0
0,2,2,3
1,0,1,0
27,0,27,0
1,0,1,0
1,0,1,0
0,9,9,6
21,0,21,0
1,0,1,0
0,9,9,3
0,3,3,20
19,0,19,0
2,0,2,0
1,0,1,0
5,0,5,0
148,0,148,0
1,0,1,0
0,13,13,26
1,0,1,0
0,3,3,1
1,0,1,0
209,0,209,0
0,27,27,14
6,0,6,0
2,0,2,0
2,0,2,0
2,0,2,0
0,5,5,13
1,0,1,0
3,0,3,0
0,14,14,17
5,0,5,0
0,17,17,110
2,0,2,0
14,0,14,0
2,0,2,0
2,0,2,0
9,0,9,0
297,0,297,0
3,0,3,0
0,27,27,96
0,1,1,18
2,0,2,0
4,0,4,0
3,0,3,0
5,0,5,0
2,0,2,0
10,0,10,0
3,0,3,0
18,0,18,0
2,0,2,0
1,0,1,0
7,0,7,0
0,5,5,58
2,0,2,0
0,6,6,3
132,0,132,0
8,0,8,0
12,0,12,0
3,0,3,0
2,0,2,0
0,3,3,14
2,0,2,0
6,0,6,0
62,0,62,0
19,0,19,0
22,0,22,0
11,0,11,0
2,0,2,0
0,5,5,17
23,0,23,0
50,0,50,0
0,28,28,14
0,102,102,15
0,3,3,14
6,0,6,0
0,186,186,30
1,0,1,0
1,0,1,0
0,491,491,45
3,0,3,0
65,0,65,0
160,0,160,0
0,15,15,4
4,0,4,0
0,4,4,29
0,4,4,8
5,0,5,0
1,0,1,0
1,0,1,0
5,0,5,0
0,17,17,12
4,0,4,0
8,0,8,0
9,0,9,0
14,0,14,0
0,661,661,3
136,0,136,0
33,0,33,0
0,4,4,24
16,0,16,0
11,0,11,0
1,0,1,0
1,0,1,0
1,0,1,0
3,0,3,0
2,0,2,0
1,0,1,0
1,0,1,0
0,32,32,143
2,0,2,0
0,5,5,29
0,5,5,6
8,0,8,0
0,199,199,21
2,0,2,0
0,2,2,83
4,0,4,0
1,0,1,0
8,0,8,0
2,0,2,0
1,0,1,0
10,0,10,0
11,0,11,0
4,0,4,0
0,1,1,0
16,0,16,0
6,0,6,0
6,0,6,0
0,3,3,2
225,0,225,0
19,0,19,0
2,0,2,0
3,0,3,0
20,0,20,0
2,0,2,0
0,4,4,54
4,0,4,0
0,11,11,3
0,7,7,34
10,0,10,0
2,0,2,0
0,21,21,76
0,15,15,12
6,0,6,0
1,0,1,0
20,0,20,0
0,5,5,14
37,0,37,0
2,0,2,0
8,0,8,0
1,0,1,0
19,0,19,0
1,0,1,0
6,0,6,0
0,3,3,56
0,22,22,25
2,0,2,0
0,5,5,4
1,0,1,0
1,0,1,0
0,27,27,53
7,0,7,0
21,0,21,0
1,0,1,0
42,0,42,0
40,0,40,0
1,0,1,0
0,5,5,9
20,0,20,0
0,2,2,3
1,0,1,0
0,27,27,14
1,0,1,0
2,0,2,0
14,0,14,0
3,0,3,0
0,14,14,3
0,26,26,1
15,0,15,0
3,0,3,0
0,5,5,43
2,0,2,0
2,0,2,0
4,0,4,0
2,0,2,0
9,0,9,0
15,0,15,0
88,0,88,0
1,0,1,0
0,2,2,4
3,0,3,0
0,2,2,1
0,4,4,7
104,0,104,0
12,0,12,0
0,3,3,10
14,0,14,0
2,0,2,0
4,0,4,0
251,0,251,0
64,0,64,0
1,0,1,0
15,0,15,0
53,0,53,0
2,0,2,0
0,4,4,9
2,0,2,0
1,0,1,0
1,0,1,0
0,339,339,7
2,0,2,0
63,0,63,0
0,14,14,6
7,0,7,0
2,0,2,0
0,5,5,34
0,9,9,16
7,0,7,0
2,0,2,0
3,0,3,0
15,0,15,0
9,0,9,0
1,0,1,0
15,0,15,0
0,3,3,13
1,0,1,0
14,0,14,0
5,0,5,0
0,1,1,3
267,0,267,0
0,2,2,1
1,0,1,0
0,2,2,5
16,0,16,0
13,0,13,0
23,0,23,0
0,14,14,57
0,2,2,28
25,0,25,0
5,0,5,0
19,0,19,0
0,1,1,0
4,0,4,0
1,0,1,0
22,0,22,0
1,0,1,0
0,1,1,6
5,0,5,0
1,0,1,0
18,0,18,0
62,0,62,0
6,0,6,0
8,0,8,0
0,77,77,28
22,0,22,0
0,7,7,12
0,4,4,10
2,0,2,0
0,4,4,2
2,0,2,0
0,16,16,56
0,3,3,2
6,0,6,0
3,0,3,0
4,0,4,0
170,0,170,0
0,7,7,22
2,0,2,0
2,0,2,0
0,4,4,3
20,0,20,0
11,0,11,0
3,0,3,0
4,0,4,0
0,2,2,29
5,0,5,0
20,0,20,0
2,0,2,0
0,21,21,17
2,0,2,0
4,0,4,0
5,0,5,0
3,0,3,0
2,0,2,0
3,0,3,0
5,0,5,0
7,0,7,0
0,1,1,8
5,0,5,0
0,69,69,6
3,0,3,0
0,3,3,69
18,0,18,0
7,0,7,0
1,0,1,0
0,60,60,2
38,0,38,0
9,0,9,0
1,0,1,0
0,18,18,4
0,10,10,8
2,0,2,0
6,0,6,0
2,0,2,0
1,0,1,0
0,23,23,9
0,5,5,7
0,187,187,51
9,0,9,0
17,0,17,0
4,0,4,0
2,0,2,0
8,0,8,0
1,0,1,0
7,0,7,0
0,231,231,43
21,0,21,0
2,0,2,0
0,1,1,45
1,0,1,0
4,0,4,0
7,0,7,0
3,0,3,0
7,0,7,0
15,0,15,0
5,0,5,0
1,0,1,0
1,0,1,0
0,5,5,21
1,0,1,0
5,0,5,0
0,7,7,1
1,0,1,0
12,0,12,0
34,0,34,0
19,0,19,0
58,0,58,0
2,0,2,0
0,341,341,38
0,36,36,3
0,2,2,71
9,0,9,0
0,66,66,143
1,0,1,0
3,0,3,0
1,0,1,0
3,0,3,0
1,0,1,0
0,110,110,37
4,0,4,0
0,6,6,10
3,0,3,0
14,0,14,0
0,18,18,6
3,11,14,18
0,32,32,92
7,0,7,0
4,0,4,0
2,0,2,0
25,0,25,0
2,0,2,0
1,0,1,0
110,0,110,0
51,0,51,0
1,0,1,0
4,0,4,0
2,0,2,0
0,341,341,24
1,0,1,0
0,31,31,46
5,0,5,0
8,0,8,0
3,0,3,0
0,1,1,3
4,0,4,0
1,0,1,0
1,0,1,0
1,0,1,0
0,4,4,45
42,0,42,0
1,0,1,0
1,0,1,0
1,0,1,0
1,0,1,0
0,1,1,86
2,0,2,0
7,0,7,0
0,5,5,37
1,0,1,0
0,2,2,13
0,37,37,48
0,7,7,44
1,0,1,0
6,0,6,0
75,0,75,0
6,0,6,0
4,0,4,0
0,2,2,11
13,0,13,0
48,0,48,0
30,0,30,0
15,0,15,0
0,1,1,9
8,0,8,0
3,0,3,0
1,0,1,0
1,0,1,0
5,0,5,0
37,0,37,0
0,95,95,9
0,6,6,61
1,0,1,0
1,0,1,0
2,0,2,0
0,3,3,7
0,3,3,23
2,0,2,0
0,12,12,17
7,0,7,0
0,11,11,65
7,0,7,0
4,0,4,0
1,0,1,0
1,0,1,0
0,17,17,2
5,0,5,0
0,3,3,2
2,0,2,0
0,6,6,20
1,0,1,0
3,0,3,0
4,0,4,0
1,0,1,0
13,0,13,0
18,0,18,0
6,0,6,0
0,6,6,50
0,1,1,17
4,0,4,0
0,39,39,59
1,0,1,0
3,0,3,0
45,0,45,0
12,0,12,0
64,0,64,0
1,0,1,0
0,1,1,73
2,0,2,0
0,3,3,23
5,0,5,0
0,24,24,21
14,0,14,0
0,10,10,8
0,69,69,11
0,20,20,31
4,0,4,0
0,5,5,4
13,0,13,0
1,0,1,0
0,1,1,0
33,0,33,0
2,0,2,0
0,7,7,136
2,0,2,0
65,0,65,0
1,0,1,0
302,0,302,0
0,15,15,26
2,0,2,0
1,0,1,0
1,0,1,0
5,0,5,0
9,0,9,0
1,0,1,0
70,0,70,0
2,0,2,0
1,0,1,0
12,0,12,0
0,87,87,14
29,0,29,0
0,15,15,22
2,0,2,0
0,15,15,13
1,0,1,0
44,0,44,0
0,2,2,18
63,0,63,0
359,0,359,0
0,17,17,57
0,74,74,6
0,1,1,3
1,0,1,0
0,12,12,5
0,1,1,0
6,0,6,0
15,0,15,0
213,0,213,0
119,0,119,0
0,2,2,18
2,0,2,0
2,0,2,0
0,75,75,140
1,0,1,0
32,0,32,0
15,0,15,0
27,0,27,0
4,0,4,0
0,5,5,29
1,0,1,0
2,0,2,0
6,0,6,0
1,0,1,0
0,10,10,1
0,12,12,10
2,0,2,0
0,8,8,23
2,0,2,0
2,0,2,0
186,0,186,0
143,0,143,0
0,8,8,10
5,0,5,0
7,0,7,0
1,0,1,0
3,0,3,0
6,0,6,0
13,0,13,0
2,0,2,0
8,0,8,0
0,7,7,5
5,0,5,0
7,0,7,0
6,0,6,0
4,0,4,0
11,0,11,0
2,0,2,0
371,0,371,0
14,0,14,0
8,0,8,0
4,0,4,0
1,0,1,0
3,0,3,0
0,6,6,26
7,0,7,0
16,0,16,0
7,0,7,0
10,0,10,0
0,14,14,0
0,4,4,0
3,0,3,0
0,1,1,66
6,0,6,0
1,0,1,0
36,0,36,0
3,0,3,0
2,0,2,0
0,2,2,36
3,0,3,0
0,9,9,5
1,0,1,0
0,5,5,45
6,0,6,0
0,12,12,8
6,0,6,0
1,0,1,0
0,14,14,40
10,0,10,0
12,0,12,0
0,6,6,6
12,0,12,0
0,3,3,2
2,0,2,0
0,3,3,5
0,12,12,98
0,2,2,69
2,0,2,0
1,0,1,0
17,0,17,0
0,44,44,0
6,0,6,0
3,0,3,0
6,0,6,0
0,4,4,6
1,0,1,0
1,0,1,0
6,0,6,0
1,0,1,0
38,0,38,0
31,0,31,0
2,0,2,0
1,0,1,0
5,0,5,0
0,18,18,68
107,0,107,0
8,0,8,0
137,0,137,0
0,21,21,32
2,0,2,0
0,2,2,2
2,0,2,0
1,0,1,0
0,8,8,1
10,0,10,0
1,0,1,0
1,0,1,0
1,0,1,0
3,0,3,0
24,0,24,0
0,445,445,20
1,0,1,0
28,0,28,0
0,43,43,35
2,0,2,0
3,0,3,0
118,0,118,0
5,0,5,0
2,0,2,0
2,0,2,0
15,0,15,0
1,0,1,0
1,0,1,0
25,0,25,0
37,0,37,0
20,0,20,0
4,0,4,0
5,0,5,0
5,0,5,0
0,6,6,17
10,0,10,0
22,0,22,0
0,2,2,68
0,180,180,12
0,51,51,31
23,0,23,0
0,9,9,21
371,0,371,0
41,0,41,0
2,0,2,0
5,0,5,0
4,0,4,0
0,5,5,21
9,0,9,0
7,0,7,0
1,0,1,0
4,0,4,0
6,0,6,0
0,4,4,6
6,0,6,0
0,10,10,67
2,0,2,0
0,12,12,6
44,0,44,0
502,0,502,0
0,33,33,5
2,0,2,0
0,68,68,10
67,0,67,0
3,0,3,0
0,4,4,92
0,9,9,16
27,0,27,0
3,0,3,0
0,3,3,1
0,21,21,45
5,0,5,0
13,0,13,0
0,299,299,14
9,0,9,0
1,0,1,0
587,0,587,0
11,0,11,0
63,0,63,0
0,15,15,15
2,0,2,0
0,1,1,46
22,0,22,0
1,0,1,0
1,0,1,0
2,0,2,0
0,1,1,2
0,4,4,3
7,0,7,0
1,0,1,0
1,0,1,0
6,0,6,0
1,0,1,0
2,0,2,0
11,0,11,0
1,0,1,0
1,0,1,0
3,0,3,0
12,0,12,0
0,213,213,25
4,0,4,0
16,0,16,0
2,0,2,0
2,0,2,0
0,11,11,7
0,323,323,45
16,0,16,0
18,0,18,0
0,7,7,4
2,0,2,0
8,0,8,0
1,0,1,0
1,0,1,0
0,5,5,7
4,0,4,0
1,0,1,0
0,152,152,42
1,0,1,0
41,0,41,0
12,0,12,0
0,7,7,5
2,0,2,0
6,0,6,0
3,0,3,0
0,33,33,97
5,0,5,0
0,22,22,15
25,0,25,0
1,0,1,0
1,0,1,0
2,0,2,0
5,0,5,0
3,0,3,0
4,0,4,0
1,0,1,0
5,0,5,0
0,77,77,90
22,0,22,0
2,0,2,0
1,0,1,0
1,0,1,0
4,0,4,0
7,0,7,0
24,0,24,0
0,48,48,22
7,0,7,0
47,0,47,0
2,0,2,0
7,0,7,0
1,0,1,0
0,1,1,1
14,0,14,0
2,0,2,0
11,0,11,0
2,0,2,0
1,0,1,0
3,0,3,0
53,0,53,0
4,0,4,0
0,11,11,16
2,0,2,0
0,4,4,3
3,0,3,0
0,55,55,37
5,0,5,0
22,0,22,0
0,8,8,25
0,7,7,21
22,0,22,0
246,0,246,0
1,0,1,0
1,0,1,0
7,0,7,0
2,0,2,0
67,0,67,0
0,1,1,2
31,0,31,0
0,70,70,2
14,0,14,0
1,0,1,0
8,0,8,0
3,0,3,0
15,0,15,0
19,0,19,0
0,10,10,9
0,4,4,5
0,1,1,11
1,0,1,0
2,0,2,0
1,0,1,0
1,0,1,0
15,0,15,0
76,0,76,0
4,0,4,0
2,0,2,0
1,0,1,0
2,0,2,0
0,102,102,12
32,0,32,0
3,0,3,0
0,55,55,0
6,0,6,0
60,0,60,0
18,0,18,0
2,0,2,0
20,0,20,0
85,0,85,0
2,0,2,0
0,9,9,5
7,0,7,0
1,0,1,0
8,0,8,0
38,0,38,0
48,0,48,0
0,3,3,137
0,25,25,11
4,0,4,0
0,2,2,142
8,0,8,0
0,22,22,99
0,32,32,26
2,0,2,0
0,84,84,5
27,0,27,0
0,282,282,22
22,0,22,0
0,1,1,142
2,0,2,0
0,4,4,4
0,2,2,38
3,0,3,0
1,0,1,0
0,3,3,17
2,0,2,0
28,0,28,0
1,0,1,0
1,0,1,0
4,0,4,0
10,0,10,0
1,0,1,0
2,0,2,0
0,20,20,1
4,0,4,0
0,5,5,23
3,0,3,0
3,0,3,0
30,0,30,0
0,17,17,19
38,0,38,0
0,410,410,25
0,3,3,114
10,0,10,0
10,0,10,0
0,4,4,0
0,26,26,3
0,5,5,96
0,1,1,13
48,0,48,0
26,0,26,0
9,0,9,0
1,0,1,0
0,166,166,16
101,0,101,0
1,0,1,0
9,0,9,0
2,0,2,0
7,0,7,0
4,0,4,0
48,0,48,0
0,1,1,3
0,292,292,101
8,0,8,0
1,0,1,0
0,8,8,25
62,0,62,0
0,281,281,15
42,0,42,0
1,0,1,0
0,20,20,65
0,67,67,4
10,0,10,0
3,0,3,0
16,0,16,0
6,0,6,0
8,0,8,0
0,1,1,16
0,1,1,1
0,10,10,2
6,0,6,0
0,2,2,0
2,0,2,0
3,0,3,0
1,0,1,0
6,0,6,0
2,0,2,0
5,0,5,0
3,0,3,0
0,3,3,34
0,3,3,4
2,0,2,0
0,1,1,7
4,0,4,0
2,0,2,0
0,7,7,73
0,97,97,39
2,0,2,0
3,0,3,0
15,0,15,0
6,0,6,0
0,9,9,4
3,0,3,0
0,9,9,39
1,0,1,0
0,395,395,15
17,0,17,0
4,0,4,0
0,1,1,4
3,0,3,0
1,0,1,0
0,31,31,27
3,0,3,0
0,4,4,5
0,5,5,16
5,0,5,0
8,0,8,0
1,0,1,0
10,0,10,0
0,1,1,18
11,0,11,0
0,220,220,31
74,0,74,0
5,0,5,0
6,0,6,0
4,0,4,0
1,0,1,0
30,0,30,0
1,0,1,0
15,0,15,0
0,12,12,2
29,0,29,0
1,0,1,0
0,2,2,20
37,0,37,0
1,0,1,0
4,0,4,0
4,0,4,0
0,3,3,22
15,0,15,0
32,0,32,0
15,0,15,0
3,0,3,0
1,0,1,0
0,2,2,4
1,0,1,0
2,0,2,0
1,0,1,0
1,0,1,0
3,0,3,0
2,0,2,0
2,0,2,0
11,0,11,0
7,0,7,0
47,0,47,0
5,0,5,0
3,0,3,0
1,0,1,0
10,0,10,0
15,0,15,0
0,3,3,144
2,0,2,0
0,6,6,280
0,1,1,7
2,0,2,0
1,0,1,0
1,0,1,0
0,5,5,142
1,0,1,0
0,2,2,0
0,16,16,67
6,0,6,0
1,0,1,0
4,0,4,0
4,0,4,0
0,3,3,45
0,22,22,36
12,0,12,0
3,0,3,0
0,67,67,148
7,0,7,0
18,0,18,0
46,0,46,0
1,0,1,0
15,0,15,0
14,0,14,0
5,0,5,0
0,80,80,14
1,0,1,0
26,0,26,0
10,0,10,0
0,7,7,4
1,0,1,0
957,0,957,0
1,0,1,0
9,0,9,0
0,1,1,81
5,0,5,0
0,34,34,4
0,6,6,57
0,5,5,17
369,0,369,0
7,0,7,0
0,1,1,0
0,39,39,9
13,0,13,0
0,46,46,2
3,0,3,0
2,0,2,0
0,223,223,30
0,1,1,34
10,0,10,0
2,0,2,0
2,0,2,0
0,26,26,48
0,41,41,5
54,0,54,0
0,18,18,3
4,0,4,0
5,0,5,0
8,0,8,0
0,41,41,6
8,0,8,0
15,0,15,0
22,0,22,0
36,0,36,0
1,0,1,0
0,19,19,1
0,224,224,10
1,0,1,0
0,1,1,2
2,0,2,0
0,1,1,1
5,0,5,0
2,0,2,0
11,0,11,0
5,0,5,0
0,3,3,35
1,0,1,0
1,0,1,0
14,0,14,0
0,502,502,14
39,0,39,0
1,0,1,0
6,0,6,0
1,0,1,0
5,0,5,0
1,0,1,0
0,15,15,4
58,0,58,0
40,0,40,0
0,92,92,19
0,27,27,25
2,0,2,0
1,0,1,0
3,0,3,0
0,1,1,50
0,12,12,25
0,98,98,49
15,0,15,0
11,0,11,0
22,0,22,0
17,0,17,0
4,0,4,0
3,0,3,0
1,0,1,0
0,1,1,14
2,0,2,0
0,123,123,15
4,0,4,0
3,0,3,0
42,0,42,0
0,4,4,5
17,0,17,0
1,0,1,0
0,113,113,2
1,0,1,0
8,0,8,0
2,0,2,0
2,0,2,0
0,2,2,29
1,0,1,0
16,0,16,0
217,0,217,0
0,2,2,1
1,0,1,0
8,0,8,0
0,1,1,0
1,0,1,0
0,2,2,6
34,0,34,0
4,0,4,0
16,0,16,0
0,4,4,3
1,0,1,0
17,0,17,0
2,0,2,0
0,73,73,5
0,1,1,4
7,0,7,0
2,0,2,0
0,8,8,20
1,0,1,0
14,0,14,0
3,0,3,0
1,0,1,0
0,11,11,4
2,0,2,0
4,0,4,0
0,1,1,0
3,0,3,0
5,0,5,0
27,0,27,0
11,0,11,0
3,0,3,0
1,0,1,0
21,0,21,0
5,0,5,0
2,0,2,0
1,0,1,0
1,0,1,0
2,0,2,0
176,0,176,0
3,0,3,0
2,0,2,0
2,0,2,0
0,13,13,18
3,0,3,0
0,80,80,67
33,0,33,0
0,55,55,24
2,0,2,0
23,0,23,0
3,0,3,0
0,5,5,26
2,0,2,0
5,0,5,0
0,5,5,1
1,0,1,0
0,32,32,7
8,0,8,0
9,0,9,0
19,0,19,0
0,13,13,7
25,0,25,0
13,0,13,0
4,0,4,0
1,0,1,0
4,0,4,0
1,0,1,0
3,0,3,0
12,0,12,0
9,0,9,0
5,0,5,0
1,0,1,0
0,2,2,5
29,0,29,0
7,0,7,0
0,4,4,0
17,0,17,0
1,0,1,0
0,24,24,7
1,0,1,0
9,0,9,0
3,0,3,0
20,0,20,0
1,0,1,0
0,9,9,41
2,0,2,0
2,0,2,0
0,3,3,19
0,12,12,6
1,0,1,0
0,7,7,5
1,0,1,0
0,8,8,62
4,0,4,0
5,0,5,0
1,0,1,0
1,0,1,0
5,0,5,0
0,3,3,21
9,0,9,0
0,5,5,13
3,0,3,0
4,0,4,0
3,0,3,0
1,0,1,0
0,1,1,8
19,0,19,0
288,0,288,0
10,0,10,0
0,83,83,7
0,100,100,25
15,0,15,0
0,47,47,3
0,9,9,5
1,0,1,0
0,60,60,28
8,0,8,0
0,3,3,0
10,0,10,0
0,272,272,32
78,0,78,0
1,0,1,0
18,0,18,0
1,0,1,0
0,300,300,31
3,0,3,0
3,0,3,0
5,0,5,0
0,32,32,24
4,0,4,0
2,0,2,0
2,0,2,0
2,0,2,0
3,0,3,0
1,0,1,0
6,0,6,0
2,0,2,0
3,0,3,0
27,0,27,0
1,0,1,0
2,0,2,0
5,0,5,0
15,0,15,0
1,0,1,0
0,6,6,11
7,0,7,0
2,0,2,0
0,43,43,15
1,0,1,0
6,0,6,0
1,0,1,0
428,0,428,0
3,0,3,0
2,0,2,0
1,0,1,0
1,0,1,0
4,0,4,0
0,12,12,54
4,0,4,0
1,0,1,0
5,0,5,0
2,0,2,0
4,0,4,0
97,0,97,0
2,0,2,0
14,0,14,0
2,0,2,0
34,0,34,0
8,0,8,0
10,0,10,0
1,0,1,0
0,1,1,110
165,0,165,0
51,0,51,0
3,0,3,0
8,0,8,0
5,0,5,0
2,0,2,0
2,0,2,0
1,0,1,0
1,0,1,0
1,0,1,0
404,0,404,0
1,0,1,0
32,0,32,0
20,0,20,0
1,0,1,0
0,39,39,40
1,0,1,0
0,9,9,10
8,0,8,0
2,0,2,0
0,1,1,28
1,0,1,0
82,0,82,0
21,0,21,0
0,9,9,57
0,371,371,60
1,0,1,0
1,0,1,0
4,0,4,0
9,0,9,0
0,344,344,54
1,0,1,0
30,0,30,0
0,2,2,17
0,78,78,5
1,0,1,0
3,0,3,0
5,0,5,0
1,0,1,0
0,4,4,26
11,0,11,0
1,0,1,0
90,0,90,0
2,0,2,0
0,12,12,24
4,0,4,0
0,264,264,77
0,99,99,2
2,0,2,0
5,0,5,0
0,57,57,4
2,0,2,0
2,0,2,0
9,0,9,0
0,323,323,47
7,0,7,0
2,0,2,0
25,0,25,0
4,0,4,0
36,0,36,0
0,5,5,3
2,0,2,0
2,0,2,0
13,0,13,0
0,12,12,93
1,0,1,0
19,0,19,0
7,0,7,0
1,0,1,0
0,3,3,4
7,0,7,0
0,2,2,1
5,0,5,0
6,0,6,0
0,3,3,2
1,0,1,0
5,0,5,0
3,0,3,0
0,1,1,15
0,13,13,19
77,0,77,0
112,0,112,0
44,0,44,0
0,11,11,12
1,0,1,0
0,5,5,0
18,0,18,0
13,0,13,0
1,0,1,0
3,0,3,0
1,0,1,0
1,0,1,0
1,0,1,0
1,0,1,0
2,0,2,0
0,9,9,9
0,12,12,1
36,0,36,0
11,0,11,0
5,0,5,0
1,0,1,0
0,4,4,0
2,0,2,0
1,0,1,0
0,1,1,258
0,3,3,7
72,0,72,0
0,10,10,9
33,0,33,0
1,0,1,0
2,0,2,0
28,0,28,0
0,4,4,17
1,0,1,0
3,0,3,0
142,0,142,0
8,0,8,0
5,0,5,0
2,0,2,0
6,0,6,0
2,0,2,0
12,0,12,0
2,0,2,0
0,1,1,3
0,88,88,0
15,0,15,0
1,0,1,0
1,0,1,0
0,24,24,49
0,1,1,5
0,1,1,11
2,0,2,0
2,0,2,0
1,0,1,0
9,0,9,0
0,7,7,15
0,25,25,37
2,0,2,0
14,0,14,0
6,0,6,0
0,5,5,4
0,11,11,4
0,52,52,10
0,2,2,51
3,0,3,0
1,0,1,0
11,0,11,0
1,0,1,0
1,0,1,0
8,0,8,0
1,0,1,0
3,0,3,0
1,0,1,0
4,0,4,0
7,0,7,0
0,13,13,22
103,0,103,0
0,78,78,29
2,0,2,0
0,3,3,105
1,0,1,0
1,0,1,0
0,165,165,9
1,0,1,0
13,0,13,0
8,0,8,0
0,4,4,10
1,0,1,0
20,0,20,0
0,59,59,32
19,0,19,0
1,0,1,0
13,0,13,0
4,0,4,0
1,0,1,0
3,0,3,0
0,5,5,45
8,0,8,0
1,0,1,0
1,0,1,0
0,2,2,8
5,0,5,0
2,0,2,0
24,0,24,0
18,0,18,0
262,0,262,0
4,0,4,0
1,0,1,0
2,0,2,0
5,0,5,0
2,0,2,0
6,0,6,0
0,100,100,19
81,0,81,0
1,0,1,0
2,0,2,0
0,130,130,93
26,0,26,0
3,0,3,0
1,0,1,0
0,75,75,76
17,0,17,0
2,0,2,0
63,0,63,0
49,0,49,0
52,0,52,0
0,18,18,29
3,0,3,0
0,3,3,3
18,0,18,0
1,0,1,0
4,0,4,0
2,0,2,0
29,0,29,0
4,0,4,0
0,1,1,12
0,29,29,34
1,0,1,0
0,20,20,11
15,0,15,0
0,16,16,15
2,0,2,0
27,0,27,0
0,31,31,134
0,84,84,112
22,0,22,0
0,95,95,37
17,0,17,0
1,0,1,0
20,0,20,0
0,1,1,32
219,0,219,0
1,0,1,0
2,0,2,0
1,0,1,0
1,0,1,0
2,0,2,0
2,0,2,0
0,13,13,47
6,0,6,0
13,0,13,0
0,7,7,2
1,0,1,0
0,1,1,21
2,0,2,0
5,0,5,0
3,0,3,0
336,0,336,0
41,0,41,0
1,0,1,0
1,0,1,0
0,3,3,44
10,0,10,0
2,0,2,0
26,0,26,0
1,0,1,0
0,16,16,11
1,0,1,0
1,0,1,0
9,0,9,0
7,0,7,0
0,6,6,73
3,0,3,0
2,0,2,0
0,2,2,39
2,0,2,0
16,0,16,0
0,1,1,1
0,3,3,55
10,0,10,0
4,0,4,0
0,1,1,32
1,0,1,0
5,0,5,0
6,0,6,0
0,2,2,16
5,0,5,0
10,0,10,0
5,0,5,0
6,0,6,0
3,0,3,0
8,0,8,0
12,0,12,0
3,0,3,0
1,0,1,0
1,0,1,0
0,17,17,22
1,0,1,0
2,0,2,0
0,99,99,22
4,0,4,0
1,0,1,0
265,0,265,0
5,0,5,0
8,0,8,0
10,0,10,0
20,0,20,0
0,82,82,3
0,18,18,39
47,0,47,0
0,3,3,24
214,0,214,0
2,0,2,0
0,138,138,30
4,0,4,0
4,0,4,0
1,0,1,0
4,0,4,0
3,0,3,0
2,0,2,0
4,0,4,0
0,2,2,7
0,66,66,14
11,0,11,0
0,24,24,9
2,0,2,0
3,0,3,0
1,0,1,0
25,0,25,0
4,0,4,0
1,0,1,0
0,41,41,16
4,0,4,0
11,0,11,0
0,10,10,7
2,0,2,0
0,96,96,3
81,0,81,0
7,0,7,0
7,0,7,0
5,0,5,0
2,0,2,0
16,0,16,0
2,0,2,0
4,0,4,0
0,1,1,0
2,0,2,0
3,0,3,0
3,0,3,0
0,11,11,2
0,2,2,71
92,0,92,0
0,1,1,0
1,0,1,0
18,0,18,0
34,0,34,0
3,0,3,0
42,0,42,0
0,183,183,20
1,0,1,0
1,0,1,0
2,0,2,0
2,0,2,0
0,20,20,40
1,0,1,0
4,0,4,0
2,0,2,0
1,0,1,0
2,0,2,0
2,0,2,0
4,0,4,0
3,0,3,0
3,0,3,0
1,0,1,0
1,0,1,0
0,2,2,5
0,180,180,33
0,5,5,15
11,0,11,0
1,0,1,0
0,2,2,36
1,0,1,0
2,0,2,0
8,0,8,0
3,0,3,0
34,0,34,0
11,0,11,0
1,0,1,0
2,0,2,0
3,0,3,0
1,0,1,0
0,57,57,57
3,0,3,0
3,0,3,0
0,23,23,10
27,0,27,0
19,0,19,0
1,0,1,0
0,1,1,97
20,0,20,0
1,0,1,0
1,0,1,0
17,0,17,0
3,0,3,0
36,0,36,0
22,0,22,0
1,0,1,0
2,0,2,0
0,9,9,7
15,0,15,0
0,5,5,8
5,0,5,0
0,11,11,43
3,0,3,0
13,0,13,0
6,0,6,0
1,0,1,0
1,0,1,0
2,0,2,0
0,1,1,0
9,0,9,0
15,0,15,0
1,0,1,0
4,0,4,0
2,0,2,0
10,0,10,0
1,0,1,0
0,1,1,40
2,0,2,0
1,0,1,0
1,0,1,0
0,9,9,23
0,45,45,4
13,0,13,0
0,9,9,14
3,0,3,0
0,3,3,0
6,0,6,0
4,0,4,0
163,0,163,0
1,0,1,0
5,0,5,0
6,0,6,0
0,88,88,60
4,0,4,0
0,37,37,23
0,2,2,8
12,0,12,0
27,0,27,0
6,0,6,0
1,0,1,0
0,5,5,4
2,0,2,0
0,14,14,21
5,0,5,0
0,14,14,9
1,0,1,0
0,7,7,14
0,9,9,61
6,0,6,0
7,0,7,0
1,0,1,0
0,3,3,3
0,10,10,16
0,48,48,20
50,0,50,0
4,0,4,0
3,0,3,0
0,1,1,7
9,0,9,0
1,0,1,0
12,0,12,0
3,0,3,0
0,314,314,41
2,0,2,0
0,2,2,0
0,67,67,4
10,0,10,0
33,0,33,0
0,8,8,3
2,0,2,0
18,0,18,0
1,0,1,0
8,0,8,0
4,0,4,0
0,244,244,33
1,0,1,0
0,85,85,8
2,0,2,0
4,0,4,0
4,0,4,0
159,0,159,0
1,0,1,0
2,0,2,0
0,1,1,3
5,0,5,0
1,0,1,0
2,0,2,0
7,0,7,0
0,1,1,11
0,2,2,8
2,0,2,0
4,0,4,0
1,0,1,0
1,0,1,0
2,0,2,0
1,0,1,0
11,0,11,0
0,13,13,48
36,0,36,0
36,0,36,0
3,0,3,0
0,10,10,10
1,0,1,0
1,0,1,0
0,31,31,118
7,0,7,0
0,65,65,41
0,7,7,6
5,0,5,0
9,0,9,0
50,0,50,0
1,0,1,0
1,0,1,0
2,0,2,0
0,51,51,4
34,0,34,0
0,20,20,9
2,0,2,0
0,2,2,0
12,0,12,0
3,0,3,0
1,0,1,0
53,0,53,0
0,4,4,29
5,0,5,0
2,0,2,0
12,0,12,0
0,3,3,3
1,0,1,0
1,0,1,0
1,0,1,0
13,0,13,0
0,86,86,58
0,55,55,45
0,1,1,0
1,0,1,0
0,2,2,6
0,4,4,11
1,0,1,0
14,0,14,0
10,0,10,0
4,0,4,0
34,0,34,0
0,1,1,8
1,0,1,0
3,0,3,0
4,0,4,0
1,0,1,0
0,9,9,6
2,0,2,0
3,0,3,0
2,0,2,0
4,0,4,0
4,0,4,0
0,4,4,19
12,0,12,0
2,0,2,0
6,0,6,0
0,2,2,1
0,58,58,21
1,0,1,0
28,0,28,0
19,0,19,0
2,0,2,0
2,0,2,0
10,0,10,0
78,0,78,0
0,1,1,1
180,0,180,0
9,0,9,0
0,2,2,20
2,0,2,0
2,0,2,0
6,0,6,0
2,0,2,0
0,8,8,9
0,12,12,14
1,0,1,0
3,0,3,0
25,0,25,0
7,0,7,0
16,0,16,0
8,0,8,0
1,0,1,0
2,0,2,0
0,4,4,6
2,0,2,0
0,3,3,0
5,0,5,0
5,0,5,0
6,0,6,0
89,0,89,0
0,16,16,2
0,6,6,2
16,0,16,0
1,0,1,0
1,0,1,0
3,0,3,0
2,0,2,0
6,0,6,0
1,0,1,0
54,0,54,0
0,68,68,4
1,0,1,0
0,5,5,10
3,0,3,0
7,0,7,0
1,0,1,0
56,0,56,0
0,3,3,21
0,54,54,13
0,2,2,14
1,0,1,0
3,0,3,0
0,20,20,17
12,0,12,0
9,0,9,0
3,0,3,0
5,0,5,0
0,4,4,0
207,0,207,0
1,0,1,0
8,0,8,0
0,1,1,2
0,15,15,26
17,0,17,0
23,0,23,0
26,0,26,0
0,8,8,35
1,0,1,0
52,0,52,0
12,0,12,0
2,0,2,0
0,70,70,4
0,355,355,17
1,0,1,0
2,0,2,0
2,0,2,0
0,4,4,28
113,0,113,0
0,8,8,0
11,0,11,0
491,0,491,0
0,2,2,0
0,6,6,41
5,0,5,0
25,0,25,0
3,0,3,0
0,47,47,18
293,0,293,0
4,0,4,0
0,2,2,0
0,25,25,17
1,0,1,0
1,0,1,0
14,0,14,0
1,0,1,0
7,0,7,0
0,4,4,0
8,0,8,0
26,0,26,0
7,0,7,0
1,0,1,0
6,0,6,0
3,0,3,0
0,5,5,8
54,0,54,0
1,0,1,0
0,13,13,5
2,0,2,0
0,5,5,3
0,93,93,8
10,0,10,0
2,0,2,0
0,26,26,2
3,0,3,0
1,0,1,0
2,0,2,0
1,0,1,0
0,123,123,9
1,0,1,0
0,1,1,52
0,1,1,17
4,0,4,0
6,0,6,0
4,0,4,0
0,2,2,3
3,0,3,0
23,0,23,0
1,0,1,0
2,0,2,0
26,0,26,0
8,0,8,0
21,0,21,0
0,45,45,28
4,0,4,0
68,0,68,0
243,0,243,0
2,0,2,0
7,0,7,0
0,1,1,9
3,0,3,0
0,1,1,1
0,5,5,5
7,0,7,0
3,0,3,0
15,0,15,0
3,0,3,0
2,0,2,0
0,1,1,36
0,1,1,8
4,0,4,0
1,0,1,0
1,0,1,0
0,3,3,21
1,0,1,0
101,0,101,0
0,2,2,10
0,8,8,7
7,0,7,0
2,0,2,0
0,29,29,25
1,0,1,0
10,0,10,0
0,3,3,2
1,0,1,0
4,0,4,0
1,0,1,0
12,0,12,0
0,191,191,52
10,0,10,0
15,0,15,0
7,0,7,0
0,2,2,0
1,0,1,0
4,0,4,0
2,0,2,0
0,6,6,0
29,0,29,0
1,0,1,0
0,350,350,14
0,5,5,29
0,201,201,25
9,0,9,0
0,1,1,24
2,0,2,0
279,0,279,0
1,0,1,0
0,4,4,64
2,0,2,0
1,0,1,0
1,0,1,0
0,5,5,3
24,0,24,0
18,0,18,0
75,0,75,0
4,0,4,0
83,0,83,0
8,0,8,0
4,0,4,0
2,0,2,0
3,0,3,0
0,68,68,2
4,0,4,0
0,4,4,5
1,0,1,0
2,0,2,0
4,0,4,0
26,0,26,0
26,0,26,0
5,0,5,0
3,0,3,0
1,0,1,0
1,0,1,0
0,4,4,1
3,0,3,0
0,118,118,15
86,0,86,0
2,0,2,0
4,0,4,0
0,6,6,49
11,0,11,0
0,24,24,15
3,0,3,0
0,6,6,0
13,0,13,0
0,26,26,14
2,0,2,0
0,2,2,23
0,349,349,15
30,0,30,0
2,0,2,0
1,0,1,0
0,12,12,13
5,0,5,0
0,33,33,5
10,0,10,0
19,0,19,0
21,0,21,0
0,5,5,1
23,0,23,0
1,0,1,0
4,0,4,0
1,0,1,0
76,0,76,0
6,0,6,0
0,97,97,72
2,0,2,0
2,0,2,0
15,0,15,0
3,0,3,0
0,194,194,98
1,0,1,0
0,2,2,5
0,7,7,0
1,0,1,0
13,0,13,0
5,0,5,0
0,3,3,3
1,0,1,0
0,5,5,0
0,10,10,2
2,0,2,0
0,5,5,11
2,0,2,0
0,66,66,33
7,0,7,0
292,0,292,0
5,0,5,0
3,0,3,0
3,0,3,0
0,11,11,16
2,0,2,0
0,47,47,27
18,0,18,0
144,0,144,0
3,0,3,0
1,0,1,0
9,0,9,0
24,0,24,0
11,0,11,0
141,0,141,0
1,0,1,0
3,0,3,0
0,3,3,4
45,0,45,0
2,0,2,0
1,0,1,0
0,49,49,45
0,8,8,13
47,0,47,0
2,0,2,0
28,0,28,0
0,14,14,0
7,0,7,0
2,0,2,0
4,0,4,0
0,74,74,48
10,0,10,0
0,1,1,0
68,0,68,0
7,0,7,0
0,16,16,16
22,0,22,0
10,0,10,0
2,0,2,0
0,3,3,5
21,0,21,0
1,0,1,0
1,0,1,0
0,3,3,0
56,0,56,0
6,0,6,0
9,0,9,0
285,0,285,0
1,0,1,0
6,0,6,0
6,0,6,0
0,51,51,49
44,0,44,0
0,187,187,47
2,0,2,0
4,0,4,0
0,6,6,8
0,10,10,2
5,0,5,0
39,0,39,0
2,0,2,0
80,0,80,0
1,0,1,0
1,0,1,0
3,0,3,0
1,0,1,0
10,0,10,0
3,0,3,0
13,0,13,0
1,0,1,0
3,0,3,0
2,0,2,0
20,0,20,0
7,0,7,0
1,0,1,0
4,0,4,0
28,0,28,0
1,0,1,0
54,0,54,0
27,0,27,0
5,0,5,0
6,0,6,0
1,0,1,0
32,0,32,0
3,0,3,0
0,64,64,0
30,0,30,0
0,26,26,35
184,0,184,0
1,0,1,0
2,0,2,0
57,0,57,0
2,0,2,0
2,0,2,0
0,12,12,1
5,0,5,0
0,1,1,16
2,791,793,110
11,0,11,0
12,0,12,0
16,0,16,0
3,0,3,0
0,42,42,17
2,0,2,0
4,0,4,0
0,19,19,7
3,0,3,0
18,0,18,0
7,0,7,0
0,3,3,13
12,0,12,0
0,175,175,195
1,0,1,0
3,0,3,0
2,0,2,0
1,0,1,0
0,2,2,20
3,0,3,0
2,0,2,0
0,1,1,1
0,33,33,16
3,0,3,0
11,0,11,0
4,0,4,0
33,0,33,0
26,0,26,0
0,3,3,0
1,0,1,0
1,0,1,0
0,51,51,9
8,0,8,0
3,0,3,0
4,0,4,0
0,12,12,7
7,0,7,0
1,0,1,0
0,261,261,118
1,0,1,0
6,0,6,0
0,5,5,1
2,0,2,0
7,0,7,0
0,1,1,4
17,0,17,0
7,0,7,0
0,6,6,45
2,0,2,0
0,6,6,2
0,1,1,8
4,0,4,0
17,0,17,0
6,0,6,0
1,0,1,0
2,0,2,0
0,14,14,43
2,0,2,0
0,2,2,5
0,60,60,31
1,0,1,0
3,0,3,0
0,1,1,2
2,0,2,0
2,0,2,0
7,0,7,0
35,0,35,0
1,0,1,0
2,0,2,0
9,0,9,0
2,0,2,0
0,28,28,9
17,0,17,0
1,0,1,0
1,0,1,0
10,0,10,0
0,1,1,0
1,0,1,0
5,0,5,0
4,0,4,0
43,0,43,0
0,17,17,15
2,0,2,0
7,0,7,0
3,0,3,0
9,0,9,0
3,0,3,0
42,0,42,0
14,0,14,0
0,15,15,3
1,0,1,0
19,0,19,0
32,0,32,0
2,0,2,0
3,0,3,0
0,1,1,1
6,0,6,0
40,0,40,0
5,0,5,0
1,0,1,0
12,0,12,0
3,0,3,0
1,0,1,0
0,13,13,13
41,0,41,0
3,0,3,0
2,0,2,0
0,2,2,2
0,33,33,11
6,0,6,0
14,0,14,0
1,0,1,0
2,0,2,0
0,61,61,46
22,0,22,0
73,0,73,0
24,0,24,0
2,0,2,0
3,0,3,0
7,0,7,0
0,4,4,12
0,4,4,78
4,0,4,0
5,0,5,0
0,3,3,5
2,0,2,0
1,0,1,0
0,11,11,105
6,0,6,0
4,0,4,0
0,2,2,28
0,51,51,12
0,8,8,0
6,0,6,0
17,0,17,0
10,0,10,0
12,0,12,0
0,8,8,5
2,0,2,0
1,0,1,0
3,0,3,0
14,0,14,0
1,0,1,0
3,0,3,0
1,0,1,0
2,0,2,0
1,0,1,0
2,0,2,0
1,0,1,0
2,0,2,0
7,0,7,0
2,0,2,0
0,126,126,3
71,0,71,0
12,0,12,0
8,0,8,0
0,21,21,0
6,0,6,0
1,0,1,0
14,0,14,0
7,0,7,0
4,0,4,0
16,0,16,0
5,0,5,0
1,0,1,0
0,24,24,38
1,0,1,0
5,0,5,0
40,0,40,0
1,0,1,0
25,0,25,0
4,0,4,0
4,0,4,0
2,0,2,0
45,0,45,0
7,0,7,0
0,6,6,75
0,100,100,88
8,0,8,0
1,0,1,0
14,0,14,0
9,0,9,0
0,3,3,77
2,0,2,0
0,6,6,46
8,0,8,0
0,20,20,1
0,1,1,7
6,0,6,0
2,0,2,0
0,3,3,40
1,0,1,0
23,0,23,0
1,0,1,0
14,0,14,0
0,5,5,8
3,0,3,0
3,0,3,0
2,0,2,0
51,0,51,0
0,18,18,44
22,0,22,0
28,0,28,0
2,0,2,0
2,0,2,0
0,117,117,7
0,113,113,6
5,0,5,0
3,0,3,0
0,2,2,77
1,0,1,0
96,0,96,0
1,0,1,0
0,2,2,16
1,0,1,0
2,0,2,0
7,0,7,0
7,0,7,0
3,0,3,0
0,213,213,11
2,0,2,0
2,0,2,0
3,0,3,0
2,0,2,0
2,0,2,0
10,0,10,0
12,0,12,0
1,0,1,0
0,11,11,4
4,0,4,0
1,0,1,0
1,0,1,0
1,0,1,0
1,0,1,0
4,0,4,0
1,0,1,0
19,0,19,0
0,11,11,9
3,0,3,0
3,0,3,0
0,21,21,17
2,0,2,0
5,0,5,0
0,32,32,0
0,22,22,46
6,0,6,0
0,1,1,54
6,0,6,0
17,0,17,0
6,0,6,0
0,4,4,13
43,0,43,0
0,10,10,0
1,0,1,0
3,0,3,0
1,0,1,0
6,0,6,0
0,17,17,33
0,11,11,14
11,0,11,0
0,4,4,5
1,0,1,0
3,0,3,0
4,0,4,0
2,0,2,0
2,0,2,0
11,0,11,0
2,0,2,0
3,0,3,0
3,0,3,0
2,0,2,0
193,0,193,0
6,0,6,0
12,0,12,0
1,0,1,0
1,0,1,0
26,0,26,0
6,0,6,0
2,0,2,0
2,0,2,0
16,0,16,0
0,373,373,101
0,13,13,11
0,145,145,95
24,0,24,0
3,0,3,0
1,0,1,0
2,0,2,0
2,0,2,0
9,0,9,0
0,15,15,30
6,0,6,0
7,0,7,0
0,3,3,7
0,6,6,24
6,0,6,0
1,0,1,0
1,0,1,0
7,0,7,0
7,0,7,0
0,50,50,77
0,4,4,2
3,0,3,0
1,0,1,0
13,0,13,0
0,6,6,8
5,0,5,0
7,0,7,0
5,0,5,0
14,0,14,0
1,0,1,0
26,0,26,0
5,0,5,0
90,0,90,0
30,0,30,0
1,0,1,0
1,0,1,0
2,0,2,0
0,38,38,2
44,0,44,0
3,0,3,0
2,0,2,0
0,4,4,0
4,0,4,0
0,3,3,1
1,0,1,0
5,0,5,0
3,0,3,0
9,0,9,0
0,13,13,8
0,164,164,88
144,0,144,0
123,0,123,0
0,72,72,19
11,0,11,0
0,5,5,17
41,0,41,0
0,5,5,0
4,0,4,0
13,0,13,0
15,0,15,0
4,0,4,0
14,0,14,0
5,0,5,0
11,0,11,0
0,2,2,12
1,0,1,0
1,0,1,0
9,0,9,0
0,353,353,44
2,0,2,0
0,40,40,6
2,0,2,0
2,0,2,0
333,0,333,0
5,0,5,0
3,0,3,0
5,0,5,0
3,0,3,0
1,0,1,0
1,0,1,0
4,0,4,0
1,0,1,0
1,0,1,0
4,0,4,0
2,0,2,0
8,0,8,0
0,53,53,28
5,0,5,0
1,0,1,0
0,19,19,0
1,0,1,0
0,8,8,4
7,0,7,0
0,33,33,15
11,0,11,0
1,0,1,0
2,0,2,0
0,8,8,39
1,0,1,0
7,0,7,0
14,0,14,0
4,0,4,0
3,0,3,0
2,0,2,0
1,0,1,0
0,1,1,3
0,50,50,66
180,0,180,0
1,0,1,0
3,0,3,0
15,0,15,0
1,0,1,0
0,76,76,0
26,0,26,0
1,0,1,0
0,21,21,23
2,0,2,0
1,0,1,0
0,2,2,4
2,0,2,0
2,0,2,0
2,0,2,0
3,0,3,0
5,0,5,0
0,3,3,45
1,0,1,0
2,0,2,0
2,0,2,0
0,24,24,1
0,85,85,5
3,0,3,0
4,0,4,0
0,1,1,0
2,0,2,0
0,9,9,4
1,0,1,0
0,23,23,64
3,0,3,0
3,0,3,0
5,0,5,0
23,0,23,0
1,0,1,0
3,0,3,0
1,0,1,0
0,15,15,38
2,0,2,0
1,0,1,0
1,0,1,0
0,16,16,8
15,0,15,0
3,0,3,0
23,0,23,0
0,2,2,208
2,0,2,0
5,0,5,0
20,0,20,0
37,0,37,0
3,0,3,0
1,0,1,0
109,0,109,0
12,0,12,0
0,27,27,5
0,23,23,53
15,0,15,0
0,729,729,39
66,0,66,0
2,0,2,0
54,0,54,0
1,0,1,0
2,0,2,0
10,0,10,0
0,8,8,7
4,0,4,0
1,0,1,0
7,0,7,0
5,0,5,0
1,0,1,0
2,0,2,0
0,54,54,8
0,74,74,25
62,0,62,0
1,0,1,0
0,11,11,71
2,0,2,0
4,0,4,0
12,0,12,0
3,0,3,0
4,0,4,0
0,15,15,4
122,0,122,0
0,43,43,1
0,20,20,12
4,0,4,0
3,0,3,0
2,0,2,0
81,0,81,0
3,0,3,0
0,104,104,105
1,0,1,0
6,0,6,0
2,0,2,0
19,0,19,0
44,0,44,0
7,0,7,0
11,0,11,0
3,0,3,0
0,256,256,9
2,0,2,0
0,39,39,55
705,0,705,0
1,0,1,0
6,0,6,0
5,0,5,0
2,0,2,0
22,0,22,0
0,13,13,3
0,143,143,20
218,0,218,0
0,1,1,1
1,0,1,0
1,0,1,0
0,2,2,26
19,0,19,0
0,2,2,9
1,0,1,0
0,103,103,31
3,0,3,0
7,0,7,0
0,3,3,1
14,0,14,0
1,0,1,0
1,0,1,0
0,1,1,1
1,0,1,0
5,0,5,0
12,0,12,0
7,0,7,0
59,0,59,0
5,0,5,0
99,0,99,0
1,0,1,0
32,0,32,0
3,0,3,0
1,0,1,0
0,117,117,54
1,0,1,0
0,3,3,2
1,0,1,0
1,0,1,0
5,0,5,0
1,0,1,0
4,0,4,0
0,300,300,15
1,0,1,0
4,0,4,0
16,0,16,0
2,0,2,0
1,0,1,0
2,0,2,0
0,1,1,10
0,20,20,0
0,1,1,0
1,0,1,0
2,0,2,0
0,15,15,19
39,0,39,0
0,9,9,74
0,2,2,25
14,0,14,0
8,0,8,0
1,0,1,0
0,7,7,1
0,2,2,2
70,0,70,0
0,14,14,12
0,10,10,24
0,71,71,146
1,0,1,0
0,18,18,10
4,0,4,0
2,0,2,0
0,1,1,3
2,0,2,0
1,0,1,0
1,0,1,0
0,39,39,57
2,0,2,0
1,0,1,0
4,0,4,0
78,0,78,0
3,0,3,0
7,0,7,0
0,1,1,23
0,16,16,2
3,0,3,0
1,0,1,0
4,0,4,0
29,0,29,0
2,0,2,0
8,0,8,0
4,0,4,0
1,0,1,0
1,0,1,0
0,33,33,44
1,0,1,0
16,0,16,0
1,0,1,0
21,0,21,0
2,0,2,0
0,4,4,4
23,0,23,0
17,0,17,0
2,0,2,0
2,0,2,0
0,3,3,7
1,0,1,0
39,0,39,0
0,26,26,56
0,58,58,16
0,10,10,9
17,0,17,0
0,13,13,6
0,7,7,10
4,0,4,0
0,21,21,20
0,2,2,3
0,2,2,23
1,0,1,0
0,38,38,30
38,0,38,0
0,28,28,16
2,0,2,0
4,0,4,0
0,4,4,27
0,8,8,121
1,0,1,0
15,0,15,0
2,0,2,0
5,0,5,0
1,0,1,0
15,0,15,0
19,0,19,0
1,0,1,0
2,0,2,0
229,0,229,0
4,0,4,0
0,3,3,165
471,0,471,0
0,603,603,92
12,0,12,0
0,9,9,0
1,0,1,0
7,0,7,0
1,0,1,0
1,0,1,0
3,0,3,0
1,0,1,0
0,121,121,25
1,0,1,0
2,0,2,0
1,0,1,0
7,0,7,0
0,9,9,31
7,0,7,0
10,0,10,0
5,0,5,0
0,1,1,183
19,0,19,0
5,0,5,0
4,0,4,0
6,0,6,0
58,0,58,0
1,0,1,0
40,0,40,0
2,0,2,0
19,0,19,0
0,55,55,3
1,0,1,0
0,7,7,3
1,0,1,0
1,0,1,0
1,0,1,0
2,0,2,0
1,0,1,0
1,0,1,0
6,0,6,0
7,0,7,0
3,0,3,0
4,0,4,0
0,24,24,8
4,0,4,0
3,0,3,0
5,0,5,0
6,0,6,0
10,0,10,0
2,0,2,0
10,0,10,0
1,0,1,0
2,0,2,0
3,0,3,0
10,0,10,0
8,0,8,0
0,33,33,44
3,0,3,0
0,3,3,12
13,0,13,0
11,0,11,0
7,0,7,0
1,0,1,0
0,2,2,7
4,0,4,0
10,0,10,0
11,0,11,0
2,0,2,0
1,0,1,0
2,0,2,0
14,0,14,0
2,0,2,0
12,0,12,0
25,0,25,0
0,2,2,27
2,0,2,0
639,0,639,0
18,0,18,0
17,0,17,0
10,0,10,0
0,2,2,5
1,0,1,0
17,0,17,0
0,2,2,1
0,12,12,6
0,4,4,0
4,0,4,0
0,1,1,3
21,0,21,0
7,0,7,0
1,0,1,0
0,4,4,5
79,0,79,0
9,0,9,0
0,16,16,124
119,0,119,0
0,3,3,12
9,0,9,0
8,0,8,0
86,0,86,0
8,0,8,0
1,0,1,0
6,0,6,0
0,1,1,15
8,0,8,0
0,1,1,18
6,0,6,0
1,0,1,0
1,0,1,0
3,0,3,0
10,0,10,0
0,8,8,11
1,0,1,0
8,0,8,0
4,0,4,0
6,0,6,0
0,2,2,5
0,36,36,2
1,0,1,0
7,0,7,0
2,0,2,0
1,0,1,0
4,0,4,0
0,28,28,3
20,0,20,0
4,0,4,0
105,0,105,0
0,12,12,12
7,0,7,0
2,0,2,0
1,0,1,0
0,10,10,43
6,0,6,0
5,0,5,0
0,39,39,78
3,0,3,0
0,1,1,0
2,0,2,0
9,0,9,0
6,0,6,0
0,1,1,14
32,0,32,0
0,25,25,17
21,0,21,0
52,0,52,0
6,0,6,0
4,0,4,0
3,0,3,0
1,0,1,0
0,3,3,0
0,8,8,12
0,24,24,1
1,0,1,0
7,0,7,0
63,0,63,0
9,0,9,0
0,212,212,18
36,0,36,0
3,0,3,0
0,16,16,10
8,0,8,0
0,106,106,9
44,0,44,0
14,0,14,0
9,0,9,0
6,0,6,0
0,27,27,7
16,0,16,0
3,0,3,0
0,104,104,17
0,2,2,12
1,0,1,0
0,8,8,34
3,0,3,0
8,0,8,0
1,0,1,0
2,0,2,0
4,0,4,0
2,0,2,0
1,0,1,0
0,14,14,38
6,0,6,0
10,0,10,0
0,4,4,0
19,0,19,0
8,0,8,0
1,0,1,0
112,0,112,0
15,0,15,0
0,21,21,19
12,0,12,0
0,7,7,15
6,0,6,0
11,0,11,0
99,0,99,0
20,0,20,0
2,0,2,0
37,0,37,0
3,0,3,0
1,0,1,0
3,0,3,0
2,0,2,0
6,0,6,0
0,17,17,24
0,4,4,71
1,0,1,0
0,10,10,8
2,0,2,0
4,0,4,0
0,82,82,6
0,47,47,17
13,0,13,0
0,1,1,0
1,0,1,0
6,0,6,0
37,0,37,0
0,11,11,17
2,0,2,0
0,17,17,5
2,0,2,0
55,0,55,0
0,3,3,30
0,66,66,18
3,0,3,0
9,0,9,0
1,0,1,0
0,7,7,5
2,0,2,0
18,0,18,0
31,0,31,0
4,0,4,0
5,0,5,0
6,0,6,0
1,0,1,0
5,0,5,0
6,0,6,0
2,0,2,0
57,0,57,0
0,1,1,9
3,0,3,0
17,0,17,0
10,0,10,0
1,0,1,0
0,99,99,14
2,0,2,0
1,0,1,0
27,0,27,0
6,0,6,0
4,0,4,0
1,0,1,0
0,3,3,112
1,0,1,0
6,0,6,0
2,0,2,0
10,0,10,0
9,0,9,0
1,0,1,0
1,0,1,0
1,0,1,0
111,0,111,0
1,0,1,0
1,0,1,0
18,0,18,0
0,33,33,18
6,0,6,0
0,3,3,51
0,2,2,11
1,0,1,0
8,0,8,0
2,0,2,0
0,1,1,32
11,0,11,0
1,0,1,0
2,0,2,0
1,0,1,0
254,0,254,0
4,0,4,0
4,0,4,0
3,0,3,0
3,0,3,0
1,0,1,0
0,4,4,52
3,0,3,0
11,0,11,0
5,0,5,0
0,66,66,16
20,0,20,0
0,1,1,34
5,0,5,0
0,7,7,15
8,0,8,0
1,0,1,0
0,2,2,23
1,0,1,0
0,3,3,68
11,0,11,0
69,0,69,0
0,28,28,57
2,0,2,0
17,0,17,0
0,24,24,34
6,0,6,0
1,0,1,0
1,0,1,0
67,0,67,0
48,0,48,0
2,0,2,0
0,4,4,14
2,0,2,0
1,0,1,0
0,2,2,15
0,1,1,3
2,0,2,0
10,0,10,0
0,77,77,51
5,0,5,0
33,0,33,0
17,0,17,0
0,18,18,9
28,0,28,0
1,0,1,0
0,2,2,3
5,0,5,0
0,903,903,105
1,0,1,0
0,97,97,55
16,0,16,0
0,1,1,28
1,0,1,0
0,18,18,45
8,0,8,0
9,0,9,0
1,0,1,0
0,241,241,48
59,0,59,0
2,0,2,0
12,0,12,0
0,8,8,3
0,15,15,4
0,3,3,4
3,0,3,0
0,17,17,13
1,0,1,0
8,0,8,0
22,0,22,0
2,0,2,0
12,0,12,0
2,0,2,0
3,0,3,0
5,0,5,0
0,36,36,0
6,0,6,0
9,0,9,0
1,0,1,0
0,436,436,97
0,26,26,6
11,0,11,0
1,0,1,0
4,0,4,0
1,0,1,0
0,1,1,2
1,0,1,0
2,0,2,0
2,0,2,0
10,0,10,0
2,0,2,0
13,0,13,0
0,4,4,2
1,0,1,0
1,0,1,0
0,11,11,17
0,1,1,2
2,0,2,0
0,13,13,9
0,1,1,3
0,5,5,9
9,0,9,0
2,0,2,0
1,0,1,0
33,0,33,0
0,47,47,25
3,0,3,0
3,0,3,0
3,0,3,0
16,0,16,0
6,0,6,0
1,0,1,0
0,2,2,17
0,14,14,16
1,0,1,0
0,40,40,28
3,0,3,0
2,0,2,0
2,0,2,0
4,0,4,0
1,0,1,0
6,0,6,0
7,0,7,0
2,0,2,0
3,0,3,0
3,0,3,0
8,0,8,0
14,0,14,0
0,2,2,27
0,21,21,23
1,0,1,0
1,0,1,0
9,0,9,0
0,86,86,44
8,0,8,0
8,0,8,0
27,0,27,0
2,0,2,0
1,0,1,0
109,0,109,0
1,0,1,0
0,41,41,20
19,0,19,0
0,46,46,46
5,0,5,0
0,4,4,65
2,0,2,0
3,0,3,0
0,33,33,4
40,0,40,0
0,108,108,1
51,0,51,0
5,0,5,0
0,4,4,2
1,0,1,0
1,0,1,0
0,10,10,50
7,0,7,0
5,0,5,0
2,0,2,0
1,0,1,0
2,0,2,0
0,9,9,63
11,0,11,0
1,0,1,0
26,0,26,0
0,17,17,12
1,0,1,0
1,0,1,0
2,0,2,0
0,26,26,43
1,0,1,0
0,43,43,21
0,17,17,21
0,2,2,42
17,0,17,0
3,0,3,0
0,95,95,27
8,0,8,0
41,0,41,0
5,0,5,0
0,27,27,100
11,0,11,0
35,0,35,0
0,2,2,4
13,0,13,0
34,0,34,0
1,0,1,0
0,8,8,1
16,0,16,0
3,0,3,0
1,0,1,0
2,0,2,0
0,6,6,13
4,0,4,0
0,110,110,11
1,0,1,0
4,0,4,0
11,0,11,0
14,0,14,0
122,0,122,0
1,0,1,0
2,0,2,0
1,0,1,0
0,7,7,4
1,0,1,0
0,9,9,0
1,0,1,0
0,10,10,21
1,0,1,0
1,0,1,0
1,0,1,0
0,2,2,5
0,68,68,15
5,0,5,0
0,44,44,52
32,0,32,0
5,0,5,0
1,0,1,0
10,0,10,0
1,0,1,0
166,0,166,0
1,0,1,0
0,12,12,28
1,0,1,0
0,10,10,4
0,4,4,15
41,0,41,0
1,0,1,0
17,0,17,0
8,0,8,0
1,0,1,0
18,0,18,0
0,4,4,1
0,1,1,13
16,0,16,0
1,0,1,0
5,0,5,0
3,0,3,0
10,0,10,0
0,97,97,1
4,0,4,0
11,0,11,0
17,0,17,0
1,0,1,0
1,0,1,0
2,0,2,0
1,0,1,0
4,0,4,0
0,73,73,103
0,10,10,1
0,1,1,8
1,0,1,0
17,0,17,0
2,0,2,0
1,0,1,0
11,0,11,0
9,0,9,0
0,7,7,21
0,22,22,34
66,0,66,0
0,8,8,2
3,0,3,0
0,1,1,44
5,0,5,0
2,0,2,0
0,32,32,0
3,0,3,0
1,0,1,0
24,0,24,0
0,25,25,164
4,0,4,0
5,0,5,0
1,0,1,0
9,0,9,0
1,0,1,0
67,0,67,0
2,0,2,0
4,0,4,0
16,0,16,0
0,1,1,7
21,0,21,0
26,0,26,0
0,1,1,1
8,0,8,0
1,0,1,0
2,0,2,0
0,133,133,44
1,0,1,0
1,0,1,0
0,16,16,38
0,9,9,25
1,0,1,0
6,0,6,0
9,0,9,0
0,9,9,19
0,4,4,8
0,15,15,76
1,0,1,0
1,0,1,0
2,0,2,0
0,30,30,58
4,0,4,0
2,0,2,0
16,0,16,0
2,0,2,0
5,0,5,0
1,0,1,0
2,0,2,0
0,6,6,14
0,64,64,12
40,0,40,0
35,0,35,0
0,521,521,32
0,8,8,20
2,0,2,0
0,297,297,14
28,0,28,0
0,10,10,5
0,3,3,79
1,0,1,0
3,0,3,0
127,0,127,0
5,0,5,0
0,1,1,2
0,13,13,36
1,0,1,0
25,0,25,0
4,0,4,0
4,0,4,0
4,0,4,0
0,3,3,37
8,0,8,0
17,0,17,0
2,0,2,0
10,0,10,0
0,2,2,6
6,0,6,0
3,0,3,0
3,0,3,0
0,3,3,78
1,0,1,0
3,0,3,0
1,0,1,0
1,0,1,0
17,0,17,0
1,0,1,0
106,0,106,0
0,15,15,6
17,0,17,0
0,11,11,23
2,0,2,0
0,4,4,2
1,0,1,0
0,5,5,33
1,0,1,0
1,0,1,0
8,0,8,0
2,0,2,0
1,0,1,0
4,0,4,0
3,0,3,0
2,0,2,0
3,0,3,0
6,0,6,0
9,0,9,0
5,0,5,0
0,3,3,9
7,0,7,0
1,0,1,0
3,0,3,0
2,0,2,0
16,0,16,0
18,0,18,0
37,0,37,0
13,0,13,0
72,0,72,0
4,0,4,0
7,0,7,0
4,0,4,0
2,0,2,0
0,3,3,35
1,0,1,0
1,0,1,0
2,0,2,0
5,0,5,0
4,0,4,0
0,8,8,6
9,0,9,0
3,0,3,0
40,0,40,0
2,0,2,0
0,39,39,39
0,152,152,38
0,1,1,37
8,0,8,0
40,0,40,0
0,8,8,4
3,0,3,0
1,0,1,0
5,0,5,0
2,0,2,0
1,0,1,0
6,0,6,0
1,0,1,0
5,0,5,0
3,0,3,0
0,2,2,60
0,24,24,18
1,0,1,0
14,0,14,0
7,0,7,0
4,0,4,0
118,0,118,0
7,0,7,0
1,0,1,0
45,0,45,0
6,0,6,0
20,0,20,0
17,0,17,0
4,0,4,0
0,58,58,47
1,0,1,0
5,0,5,0
0,1,1,0
2,0,2,0
7,0,7,0
0,45,45,7
0,1,1,35
0,31,31,0
2,0,2,0
10,0,10,0
1,0,1,0
2,0,2,0
9,0,9,0
0,1,1,0
4,0,4,0
2,0,2,0
1,0,1,0
2,0,2,0
2,0,2,0
13,0,13,0
22,0,22,0
14,0,14,0
1,0,1,0
18,0,18,0
4,0,4,0
11,0,11,0
0,1,1,8
12,0,12,0
1,0,1,0
1,0,1,0
1,0,1,0
2,0,2,0
1,0,1,0
4,0,4,0
0,319,319,47
0,6,6,35
23,0,23,0
1,0,1,0
8,0,8,0
16,0,16,0
0,153,153,26
4,0,4,0
0,108,108,2
30,0,30,0
1,0,1,0
0,46,46,48
1,0,1,0
2,0,2,0
0,2,2,9
65,0,65,0
16,0,16,0
5,0,5,0
10,0,10,0
7,0,7,0
3,0,3,0
5,0,5,0
1,0,1,0
6,0,6,0
0,2,2,3
3,0,3,0
0,417,417,55
288,0,288,0
2,0,2,0
3,0,3,0
8,0,8,0
0,28,28,38
2,0,2,0
3,0,3,0
2,0,2,0
2,0,2,0
0,23,23,8
3,0,3,0
0,4,4,21
0,24,24,0
0,1,1,3
1,0,1,0
2,0,2,0
86,0,86,0
8,0,8,0
6,0,6,0
0,4,4,2
3,0,3,0
2,0,2,0
5,0,5,0
2,0,2,0
1,0,1,0
0,4,4,6
10,0,10,0
2,0,2,0
1,0,1,0
0,2,2,3
2,0,2,0
2,0,2,0
6,0,6,0
9,0,9,0
0,21,21,15
1,0,1,0
2,0,2,0
0,2,2,1
20,0,20,0
2,0,2,0
6,0,6,0
1,0,1,0
1,0,1,0
0,54,54,10
2,0,2,0
4,0,4,0
9,0,9,0
0,58,58,114
8,0,8,0
1,0,1,0
2,0,2,0
1,0,1,0
10,0,10,0
0,130,130,80
3,0,3,0
3,0,3,0
0,29,29,87
24,0,24,0
1,0,1,0
0,1,1,1
13,0,13,0
12,0,12,0
0,2,2,3
9,0,9,0
1,0,1,0
0,11,11,215
4,0,4,0
1,0,1,0
1,0,1,0
4,0,4,0
4,0,4,0
3,0,3,0
0,215,215,13
0,43,43,23
6,0,6,0
3,0,3,0
1,0,1,0
2,0,2,0
3,0,3,0
26,0,26,0
3,0,3,0
0,1,1,12
12,0,12,0
3,0,3,0
0,1,1,1
0,10,10,30
6,0,6,0
2,0,2,0
0,5,5,22
1,0,1,0
0,9,9,5
2,0,2,0
0,2,2,1
66,0,66,0
2,0,2,0
3,0,3,0
3,0,3,0
0,1,1,1
2,0,2,0
0,1,1,0
18,0,18,0
0,4,4,42
0,2,2,26
3,0,3,0
4,0,4,0
10,0,10,0
0,3,3,35
11,0,11,0
27,0,27,0
2,0,2,0
0,6,6,30
0,27,27,140
1,0,1,0
57,0,57,0
3,0,3,0
0,1,1,19
6,0,6,0
6,0,6,0
3,0,3,0
15,0,15,0
2,0,2,0
0,3,3,28
0,2,2,64
17,0,17,0
1,0,1,0
8,0,8,0
4,0,4,0
1,0,1,0
0,17,17,105
36,0,36,0
0,2,2,7
2,0,2,0
2,0,2,0
1,0,1,0
0,3,3,33
15,0,15,0
4,0,4,0
23,0,23,0
2,0,2,0
0,3,3,13
0,8,8,11
2,0,2,0
4,0,4,0
1,0,1,0
9,0,9,0
4,0,4,0
3,0,3,0
2,0,2,0
0,27,27,7
4,0,4,0
0,17,17,7
0,21,21,1
0,6,6,90
0,4,4,28
0,2,2,8
4,0,4,0
1,0,1,0
11,0,11,0
4,0,4,0
301,0,301,0
439,0,439,0
6,0,6,0
15,0,15,0
10,0,10,0
15,0,15,0
1,0,1,0
5,0,5,0
1,0,1,0
27,0,27,0
3,0,3,0
1,0,1,0
0,1,1,6
2,0,2,0
0,8,8,10
1,0,1,0
0,9,9,11
7,0,7,0
1,0,1,0
2,0,2,0
175,0,175,0
26,0,26,0
2,0,2,0
146,0,146,0
4,0,4,0
16,0,16,0
1,0,1,0
4,0,4,0
1,0,1,0
1,0,1,0
3,0,3,0
0,7,7,18
8,0,8,0
8,0,8,0
15,0,15,0
7,0,7,0
1,0,1,0
160,0,160,0
0,1982,1982,13
0,228,228,4
8,0,8,0
8,0,8,0
1,0,1,0
0,8,8,11
0,5812,5812,60
0,2,2,5
4,0,4,0
0,2,2,15
1,0,1,0
0,4,4,1
2,0,2,0
1,0,1,0
12,0,12,0
1,0,1,0
0,47,47,29
1,0,1,0
0,1,1,4
3,0,3,0
1,0,1,0
4,0,4,0
1,0,1,0
1,0,1,0
0,2,2,3
19,0,19,0
4,0,4,0
4,0,4,0
8,0,8,0
0,273,273,35
21,0,21,0
38,0,38,0
2,0,2,0
0,165,165,73
0,1,1,28
4,0,4,0
2,0,2,0
1,0,1,0
14,0,14,0
0,27,27,9
0,3,3,1
1,0,1,0
14,0,14,0
13,0,13,0
6,0,6,0
2,0,2,0
11,0,11,0
5,0,5,0
8,0,8,0
65,0,65,0
1,0,1,0
0,8,8,10
0,2,2,15
21,0,21,0
1,0,1,0
7,0,7,0
0,30,30,11
2,0,2,0
4,0,4,0
0,40,40,21
52,0,52,0
4,0,4,0
29,0,29,0
2,0,2,0
0,8,8,19
1,0,1,0
1,0,1,0
1,0,1,0
4,0,4,0
1,0,1,0
1,0,1,0
65,0,65,0
62,0,62,0
0,2,2,22
35,0,35,0
40,0,40,0
5,0,5,0
3,0,3,0
1,0,1,0
141,0,141,0
0,78,78,43
14,0,14,0
20,0,20,0
13,0,13,0
2,0,2,0
38,0,38,0
3,0,3,0
15,0,15,0
21,0,21,0
4,0,4,0
15,0,15,0
0,2,2,0
3,0,3,0
0,753,753,65
14,0,14,0
2,0,2,0
0,15,15,123
10,0,10,0
2,0,2,0
0,7,7,122
36,0,36,0
6,0,6,0
0,14,14,30
3,0,3,0
13,0,13,0
116,0,116,0
1,0,1,0
0,6,6,11
9,0,9,0
1,0,1,0
2,0,2,0
4,0,4,0
0,3,3,1
2,0,2,0
2,0,2,0
7,0,7,0
1,0,1,0
9,0,9,0
0,20,20,85
8,0,8,0
0,9,9,3
0,3,3,6
1,0,1,0
36,0,36,0
3,0,3,0
1,0,1,0
19,0,19,0
5,0,5,0
66,0,66,0
0,9,9,8
17,0,17,0
3,0,3,0
1,0,1,0
0,22,22,6
1,0,1,0
13,0,13,0
2,0,2,0
7,0,7,0
10,0,10,0
1,0,1,0
0,29,29,25
4,0,4,0
16,0,16,0
2,0,2,0
8,0,8,0
0,7,7,22
76,0,76,0
133,0,133,0
22,0,22,0
28,0,28,0
4,0,4,0
2,0,2,0
0,3,3,37
3,0,3,0
4,0,4,0
73,0,73,0
2,0,2,0
0,3,3,7
2,0,2,0
0,3,3,17
1,0,1,0
3,0,3,0
2,0,2,0
1,0,1,0
2,0,2,0
7,0,7,0
11,0,11,0
5,0,5,0
1,0,1,0
13,0,13,0
0,2,2,4
1,0,1,0
16,0,16,0
0,20,20,5
2,0,2,0
0,21,21,67
47,0,47,0
31,0,31,0
2,0,2,0
1,0,1,0
1,0,1,0
25,0,25,0
1,0,1,0
1,0,1,0
9,0,9,0
2,0,2,0
1,0,1,0
2,0,2,0
20,0,20,0
0,27,27,17
18,0,18,0
0,1,1,103
0,2,2,4
4,0,4,0
1,0,1,0
1,0,1,0
0,4,4,6
1,0,1,0
0,2,2,1
0,8,8,5
14,0,14,0
1,0,1,0
0,58,58,9
1,0,1,0
8,0,8,0
9,0,9,0
0,14,14,29
13,0,13,0
0,2,2,1
4,0,4,0
2,0,2,0
0,705,705,14
2,0,2,0
0,8,8,26
2,0,2,0
2,0,2,0
19,0,19,0
4,0,4,0
19,0,19,0
87,0,87,0
3,0,3,0
1,0,1,0
0,5,5,10
5,0,5,0
13,0,13,0
0,19,19,6
22,0,22,0
3,0,3,0
0,55,55,23
11,0,11,0
0,35,35,32
0,2,2,61
0,11,11,6
9,0,9,0
3,0,3,0
84,0,84,0
0,301,301,22
8,0,8,0
0,2,2,139
6,0,6,0
0,3,3,11
2,0,2,0
3,0,3,0
1,0,1,0
10,0,10,0
0,20,20,56
0,268,268,10
10,0,10,0
0,21,21,33
2,0,2,0
0,2,2,0
0,31,31,19
3,0,3,0
18,0,18,0
0,24,24,6
8,0,8,0
0,15,15,23
9,0,9,0
1,0,1,0
2,0,2,0
0,6,6,16
3,0,3,0
0,4,4,31
57,0,57,0
17,0,17,0
2,0,2,0
0,1,1,37
4,0,4,0
6,0,6,0
0,2,2,2
1,0,1,0
1,0,1,0
201,0,201,0
7,0,7,0
6,0,6,0
2,0,2,0
70,0,70,0
8,0,8,0
9,0,9,0
10,0,10,0
3,0,3,0
8,0,8,0
4,0,4,0
2,0,2,0
0,2,2,0
16,0,16,0
1,0,1,0
2,0,2,0
0,4,4,0
0,9,9,31
325,0,325,0
0,1,1,0
4,0,4,0
0,77,77,13
9,0,9,0
108,0,108,0
6,0,6,0
3,0,3,0
3,0,3,0
0,225,225,43
62,0,62,0
2,0,2,0
0,3,3,61
2,0,2,0
0,9,9,8
0,13,13,53
152,0,152,0
1,0,1,0
300,0,300,0
16,0,16,0
40,0,40,0
0,5,5,9
2,0,2,0
0,176,176,16
0,9,9,25
132,0,132,0
7,0,7,0
2,0,2,0
0,37,37,30
6,0,6,0
11,0,11,0
4,0,4,0
3,0,3,0
23,0,23,0
22,0,22,0
1,0,1,0
4,0,4,0
0,281,281,84
1,0,1,0
0,2,2,11
0,34,34,0
23,0,23,0
0,3,3,3
14,0,14,0
1,0,1,0
18,0,18,0
0,2,2,2
4,0,4,0
5,0,5,0
0,11,11,10
1,0,1,0
3,0,3,0
4,0,4,0
2,0,2,0
2,0,2,0
20,0,20,0
5,0,5,0
2,0,2,0
8,0,8,0
0,17,17,12
6,0,6,0
1,0,1,0
0,3,3,6
24,0,24,0
39,0,39,0
4,0,4,0
0,64,64,12
41,0,41,0
11,0,11,0
0,8,8,12
5,0,5,0
1,0,1,0
42,0,42,0
0,3,3,5
4,0,4,0
1,0,1,0
4,0,4,0
1,0,1,0
5,0,5,0
9,0,9,0
0,2,2,13
0,81,81,152
8,0,8,0
0,8,8,66
35,0,35,0
0,1,1,4
2,0,2,0
2,0,2,0
27,0,27,0
6,0,6,0
2,0,2,0
22,0,22,0
5,0,5,0
2,0,2,0
5,0,5,0
15,0,15,0
0,199,199,79
91,0,91,0
17,0,17,0
1,0,1,0
5,0,5,0
4,0,4,0
5,0,5,0
58,0,58,0
1,0,1,0
1,0,1,0
1,0,1,0
1,0,1,0
0,1,1,4
16,0,16,0
0,2,2,11
0,6,6,16
0,55,55,33
31,0,31,0
2,0,2,0
0,789,789,80
179,0,179,0
4,0,4,0
43,0,43,0
1,0,1,0
0,2,2,87
3,0,3,0
6,0,6,0
0,9,9,39
22,0,22,0
0,3,3,15
2,0,2,0
84,0,84,0
0,7,7,0
0,1,1,7
7,0,7,0
5,0,5,0
0,43,43,1
21,0,21,0
1,0,1,0
40,0,40,0
5,0,5,0
1,0,1,0
14,0,14,0
0,59,59,86
2,0,2,0
25,0,25,0
0,1,1,0
2,0,2,0
3,0,3,0
5,0,5,0
4,0,4,0
2,0,2,0
1,0,1,0
7,0,7,0
0,163,163,44
382,0,382,0
2,0,2,0
13,0,13,0
2,0,2,0
2,0,2,0
0,153,153,1
58,0,58,0
0,4,4,9
0,4,4,4
1,0,1,0
8,0,8,0
17,0,17,0
20,0,20,0
94,0,94,0
1,0,1,0
2,0,2,0
0,18,18,375
6,0,6,0
4,0,4,0
2,0,2,0
5,0,5,0
0,95,95,57
6,0,6,0
0,2,2,23
2,0,2,0
1,0,1,0
5,0,5,0
173,0,173,0
1,0,1,0
4,0,4,0
3,0,3,0
0,5,5,1
3,0,3,0
4,0,4,0
4,0,4,0
0,3,3,51
7,0,7,0
1,0,1,0
5,0,5,0
60,0,60,0
0,13,13,272
4,0,4,0
11,0,11,0
1,0,1,0
10,0,10,0
5,0,5,0
0,38,38,38
0,57,57,21
35,0,35,0
2,0,2,0
1,0,1,0
1,0,1,0
0,54,54,15
4,0,4,0
0,2,2,6
5,0,5,0
3,0,3,0
3,0,3,0
92,0,92,0
4,0,4,0
227,0,227,0
2,0,2,0
50,0,50,0
0,127,127,118
1,0,1,0
0,8,8,18
2,0,2,0
0,10,10,7
18,0,18,0
3,0,3,0
3,0,3,0
11,0,11,0
0,10,10,30
1,0,1,0
4,0,4,0
145,0,145,0
1,0,1,0
1,0,1,0
1,0,1,0
1,0,1,0
0,12,12,9
0,3,3,1
0,3,3,110
5,0,5,0
0,2,2,0
0,10,10,11
0,12,12,21
11,0,11,0
0,1,1,0
4,0,4,0
2,0,2,0
6,0,6,0
5,0,5,0
8,0,8,0
1,0,1,0
2,0,2,0
2,0,2,0
0,142,142,34
5,0,5,0
0,1,1,51
3,0,3,0
38,0,38,0
0,4,4,4
0,2,2,4
0,9,9,2
5,0,5,0
40,0,40,0
0,2,2,1
3,0,3,0
1,0,1,0
4,0,4,0
5,0,5,0
5,0,5,0
31,0,31,0
2,0,2,0
9,0,9,0
5,0,5,0
5,0,5,0
7,0,7,0
3,0,3,0
20,0,20,0
1,0,1,0
5,0,5,0
7,0,7,0
0,2,2,14
0,1,1,1
2,0,2,0
1,0,1,0
0,5,5,41
10,0,10,0
0,91,91,9
16,0,16,0
0,45,45,51
3,0,3,0
1,0,1,0
12,0,12,0
1,0,1,0
0,281,281,33
18,0,18,0
0,2,2,22
2,0,2,0
346,0,346,0
117,0,117,0
28,0,28,0
3,0,3,0
1,0,1,0
0,39,39,247
3,0,3,0
5,0,5,0
1,0,1,0
3,0,3,0
7,0,7,0
9,0,9,0
75,0,75,0
4,0,4,0
1,0,1,0
0,8,8,15
8,0,8,0
11,0,11,0
0,1,1,30
2,0,2,0
11,0,11,0
0,33,33,3
3,0,3,0
2,0,2,0
4,0,4,0
2,0,2,0
8,0,8,0
1,0,1,0
3,0,3,0
0,7,7,26
2,0,2,0
0,1,1,4
1,0,1,0
2,0,2,0
3,0,3,0
3,0,3,0
3,0,3,0
0,3,3,5
0,20,20,7
146,0,146,0
5,0,5,0
6,0,6,0
3,0,3,0
1,0,1,0
1,0,1,0
1,0,1,0
1,0,1,0
31,0,31,0
12,0,12,0
0,29,29,9
10,0,10,0
9,0,9,0
12,0,12,0
3,0,3,0
4,0,4,0
5,0,5,0
0,35,35,19
1,0,1,0
5,0,5,0
1,0,1,0
2,0,2,0
14,0,14,0
0,33,33,19
5,0,5,0
1,0,1,0
13,0,13,0
10,0,10,0
0,4,4,21
1,0,1,0
17,0,17,0
0,1,1,50
14,0,14,0
0,3,3,13
11,0,11,0
6,0,6,0
1,0,1,0
7,0,7,0
3,0,3,0
2,0,2,0
4,0,4,0
2,0,2,0
7,0,7,0
9,0,9,0
13,0,13,0
2,0,2,0
1,0,1,0
0,29,29,7
16,0,16,0
0,2,2,18
3,0,3,0
0,1,1,19
0,10,10,34
1,0,1,0
1,0,1,0
0,40,40,98
0,1,1,2
14,0,14,0
1,0,1,0
2,0,2,0
5,0,5,0
0,4,4,1
1,0,1,0
2,0,2,0
36,0,36,0
2,0,2,0
1,0,1,0
0,9,9,31
8,0,8,0
1,0,1,0
0,4,4,48
17,0,17,0
2,0,2,0
0,62,62,36
2,0,2,0
8,0,8,0
2,0,2,0
5,0,5,0
1,0,1,0
4,0,4,0
46,0,46,0
8,0,8,0
11,0,11,0
0,1,1,3
1,0,1,0
0,1,1,1
7,0,7,0
0,5,5,3
10,0,10,0
0,95,95,2
57,0,57,0
2,0,2,0
0,4,4,22
3,0,3,0
0,16,16,7
15,0,15,0
1,0,1,0
1,0,1,0
3,0,3,0
6,0,6,0
30,0,30,0
2,0,2,0
1,0,1,0
1,0,1,0
0,3,3,0
6,0,6,0
0,2,2,27
2,0,2,0
0,313,313,11
3,0,3,0
0,8,8,5
0,118,118,37
5,0,5,0
6,0,6,0
56,0,56,0
1,0,1,0
0,128,128,72
9,0,9,0
0,127,127,14
9,0,9,0
114,0,114,0
0,13,13,68
0,210,210,23
44,0,44,0
10,0,10,0
1,0,1,0
27,0,27,0
43,0,43,0
0,195,195,75
93,0,93,0
1,0,1,0
1,0,1,0
19,0,19,0
0,2,2,50
3,0,3,0
18,0,18,0
83,0,83,0
0,1,1,6
4,0,4,0
0,5,5,9
5,0,5,0
1,0,1,0
7,0,7,0
2,0,2,0
0,310,310,42
340,0,340,0
2,0,2,0
0,6,6,6
8,0,8,0
2,0,2,0
0,1,1,67
91,0,91,0
17,0,17,0
3,0,3,0
14,0,14,0
52,0,52,0
1,0,1,0
0,1,1,2
25,0,25,0
57,0,57,0
3,0,3,0
0,17,17,7
3,0,3,0
1,0,1,0
9,0,9,0
2,0,2,0
2,0,2,0
49,0,49,0
9,0,9,0
1,0,1,0
6,0,6,0
4,0,4,0
8,0,8,0
0,4,4,2
33,0,33,0
0,10,10,6
23,0,23,0
0,13,13,15
6,0,6,0
6,0,6,0
0,2,2,1
1,0,1,0
0,5,5,2
7,0,7,0
1,0,1,0
4,0,4,0
13,0,13,0
1,0,1,0
128,0,128,0
3,0,3,0
0,3,3,19
0,13,13,5
2,0,2,0
2,0,2,0
7,0,7,0
4,0,4,0
1,0,1,0
11,0,11,0
0,1,1,10
5,0,5,0
1,0,1,0
0,2,2,4
11,0,11,0
0,4,4,5
2,0,2,0
8,0,8,0
7,0,7,0
0,71,71,26
2,0,2,0
0,4,4,7
0,120,120,28
0,3,3,16
92,0,92,0
1,0,1,0
1,0,1,0
0,1,1,24
0,33,33,9
0,54,54,224
1,0,1,0
1,0,1,0
17,0,17,0
1,0,1,0
5,0,5,0
5,0,5,0
1,0,1,0
113,0,113,0
1,0,1,0
1,0,1,0
0,20,20,1
9,0,9,0
10,0,10,0
0,1,1,7
2,0,2,0
11,0,11,0
2,0,2,0
0,5,5,0
7,0,7,0
0,10,10,3
12,0,12,0
0,21,21,19
1,0,1,0
0,49,49,13
2,0,2,0
21,0,21,0
0,4,4,21
2,0,2,0
0,1,1,0
1,0,1,0
0,8,8,28
4,0,4,0
35,0,35,0
3,0,3,0
1,0,1,0
0,35,35,74
0,418,418,55
2,0,2,0
0,132,132,19
105,0,105,0
1,0,1,0
4,0,4,0
5,0,5,0
1,0,1,0
18,0,18,0
0,7,7,1
3,0,3,0
4,0,4,0
0,174,174,53
3,0,3,0
85,0,85,0
49,0,49,0
2,0,2,0
74,0,74,0
34,0,34,0
0,6,6,1
0,5,5,5
1,0,1,0
0,5,5,146
0,1,1,0
3,0,3,0
0,3,3,22
7,0,7,0
0,4,4,6
1,0,1,0
0,9,9,0
8,0,8,0
4,0,4,0
0,448,448,12
2,0,2,0
1,0,1,0
0,34,34,23
0,31,31,26
2,0,2,0
2,0,2,0
1,0,1,0
0,7,7,21
2,0,2,0
3,0,3,0
1,0,1,0
22,0,22,0
0,3,3,0
1,0,1,0
0,1,1,13
0,3,3,4
0,32,32,5
6,0,6,0
0,17,17,0
14,0,14,0
1,0,1,0
3,0,3,0
2,0,2,0
14,0,14,0
3,0,3,0
2,0,2,0
17,0,17,0
1,0,1,0
6,0,6,0
7,0,7,0
2,0,2,0
1,0,1,0
5,0,5,0
1,19,20,31
5,0,5,0
0,8,8,59
0,3,3,13
8,0,8,0
1,0,1,0
0,1,1,15
0,84,84,57
1,0,1,0
2,0,2,0
0,8,8,4
7,0,7,0
32,0,32,0
0,12,12,6
1,0,1,0
2,0,2,0
0,4,4,45
13,0,13,0
2,0,2,0
7,0,7,0
0,1,1,29
2,0,2,0
1,0,1,0
6,0,6,0
6,0,6,0
1,0,1,0
3,0,3,0
2,0,2,0
3,0,3,0
4,0,4,0
3,0,3,0
0,5,5,8
0,1,1,10
27,0,27,0
0,9,9,40
2,0,2,0
6,0,6,0
2,0,2,0
2,0,2,0
0,18,18,40
2,0,2,0
31,0,31,0
0,341,341,20
2,0,2,0
0,15,15,17
8,0,8,0
0,21,21,102
13,0,13,0
1,0,1,0
57,0,57,0
41,0,41,0
0,18,18,12
2,0,2,0
25,0,25,0
309,0,309,0
11,0,11,0
0,6,6,10
2,0,2,0
0,1,1,0
3,0,3,0
0,1,1,1
3,0,3,0
11,0,11,0
2,0,2,0
14,0,14,0
25,0,25,31
92,0,92,0
1,0,1,0
1,0,1,0
5,0,5,0
19,0,19,0
1,0,1,0
1,0,1,0
106,0,106,0
0,377,377,86
13,0,13,0
0,3,3,1
4,0,4,0
0,31,31,0
4,0,4,0
0,17,17,4
40,0,40,0
3,0,3,0
0,19,19,6
10,0,10,0
0,6,6,70
1,0,1,0
2,0,2,0
3,0,3,0
15,0,15,0
0,31,31,19
56,0,56,0
0,41,41,7
55,0,55,0
144,0,144,0
0,180,180,18
1,0,1,0
0,2104,2104,14
3,0,3,0
33,0,33,0
87,0,87,0
4,0,4,0
2,0,2,0
1,0,1,0
10,0,10,0
0,209,209,55
0,15,15,55
5,0,5,0
3,0,3,0
51,0,51,0
42,0,42,0
0,90,90,40
1,0,1,0
5,0,5,0
1,0,1,0
0,1,1,23
1,0,1,0
4,0,4,0
1,0,1,0
54,0,54,0
3,0,3,0
2,0,2,0
23,0,23,0
0,1,1,28
1,0,1,0
1,0,1,0
4,0,4,0
0,3,3,0
2,0,2,0
3,0,3,0
0,487,487,49
5,0,5,0
2,0,2,0
0,3,3,12
0,34,34,6
3,0,3,0
0,33,33,15
1,0,1,0
5,0,5,0
1,0,1,0
0,2,2,2
5,0,5,0
6,0,6,0
28,0,28,0
1,0,1,0
5,0,5,0
2,0,2,0
9,0,9,0
17,0,17,0
33,0,33,0
0,109,109,8
0,68,68,114
1,0,1,0
0,2,2,1
2,0,2,0
4,0,4,0
23,0,23,0
0,4,4,7
6,0,6,0
2,0,2,0
12,0,12,0
1,0,1,0
0,42,42,5
2,0,2,0
40,0,40,0
2,0,2,0
1,0,1,0
4,0,4,0
0,37,37,8
22,0,22,0
2,0,2,0
0,2,2,1
0,19,19,1
3,0,3,0
1,0,1,0
2,0,2,0
18,0,18,0
3,0,3,0
0,32,32,35
1,0,1,0
183,0,183,0
0,5,5,4
13,0,13,0
2,0,2,0
1,0,1,0
1,0,1,0
6,0,6,0
1,0,1,0
5,0,5,0
3,0,3,0
1,0,1,0
1,0,1,0
0,8,8,77
25,0,25,0
0,3,3,8
2,0,2,0
7,0,7,0
115,0,115,0
29,0,29,0
10,0,10,0
4,0,4,0
0,16,16,7
0,549,549,157
0,7,7,5
1,0,1,0
0,1,1,76
0,497,497,26
0,1,1,58
0,2,2,10
1,0,1,0
15,0,15,0
1,0,1,0
1,0,1,0
0,143,143,10
1,0,1,0
1,0,1,0
21,0,21,0
1,0,1,0
114,0,114,0
0,62,62,9
54,0,54,0
1,0,1,0
0,14,14,0
1,0,1,0
2,0,2,0
0,10,10,38
0,4,4,25
4,0,4,0
17,0,17,0
2,0,2,0
25,0,25,0
1,0,1,0
0,1,1,8
0,6,6,1
2,0,2,0
19,0,19,0
1,0,1,0
0,3,3,2
90,0,90,0
0,15,15,53
2,0,2,0
1,0,1,0
0,3,3,21
2,0,2,0
13,0,13,0
80,0,80,0
6,0,6,0
4,0,4,0
0,1,1,0
0,6,6,62
0,124,124,20
0,8,8,20
13,0,13,0
1,0,1,0
5,0,5,0
0,12,12,8
54,0,54,0
0,1,1,36
0,110,110,40
14,0,14,0
51,0,51,0
6,0,6,0
4,0,4,0
1,0,1,0
0,2,2,9
31,0,31,0
0,91,91,12
0,40,40,0
0,44,44,8
11,0,11,0
0,117,117,7
9,0,9,0
9,0,9,0
8,0,8,0
0,821,821,71
790,0,790,0
1,0,1,0
0,24,24,4
27,0,27,0
10,0,10,0
0,2,2,52
1,0,1,0
1,0,1,0
2,0,2,0
0,3,3,37
4,0,4,0
5,0,5,0
0,11,11,5
6,0,6,0
6,0,6,0
96,0,96,0
6,0,6,0
3,0,3,0
3,0,3,0
2,0,2,0
3,0,3,0
3,0,3,0
0,26,26,1
10,0,10,0
9,0,9,0
11,0,11,0
4,0,4,0
35,0,35,0
3,0,3,0
0,2,2,9
151,0,151,0
2,0,2,0
5,0,5,0
2,0,2,0
2,0,2,0
1,0,1,0
2,0,2,0
0,1,1,38
12,0,12,0
4,0,4,0
3,0,3,0
2,0,2,0
2,0,2,0
28,0,28,0
0,18,18,3
0,220,220,13
0,102,102,26
9,0,9,0
1,0,1,0
1,0,1,0
13,0,13,0
0,1,1,4
3,0,3,0
2,0,2,0
1,0,1,0
0,1,1,117
6,0,6,0
53,0,53,0
3,0,3,0
20,0,20,0
0,51,51,13
12,0,12,0
147,0,147,0
1,0,1,0
3,0,3,0
0,1,1,6
4,0,4,0
0,83,83,12
2,0,2,0
2,0,2,0
2,0,2,0
0,1,1,85
1,0,1,0
219,0,219,0
5,0,5,0
2,0,2,0
0,349,349,17
4,0,4,0
0,61,61,18
1,0,1,0
1,0,1,0
2,0,2,0
45,0,45,0
6,0,6,0
6,0,6,0
1,0,1,0
0,2,2,41
0,13,13,2
1,0,1,0
16,0,16,0
1,0,1,0
8,0,8,0
14,0,14,0
0,3,3,1
2,0,2,0
0,8,8,10
1,0,1,0
0,3,3,9
4,0,4,0
29,0,29,0
96,0,96,0
0,8,8,3
0,18,18,13
4,0,4,0
0,1,1,9
2,0,2,0
2,0,2,0
1,0,1,0
0,2,2,2
47,0,47,0
130,0,130,0
2,0,2,0
2,0,2,0
0,2,2,4
2,0,2,0
2,0,2,0
18,0,18,0
0,51,51,10
1,0,1,0
5,0,5,0
8,0,8,0
0,1,1,3
12,0,12,0
3,0,3,0
112,0,112,0
1,0,1,0
2,0,2,0
4,0,4,0
1,0,1,0
25,0,25,0
2,0,2,0
7,0,7,0
10,0,10,0
10,0,10,0
1,0,1,0
15,0,15,0
0,6,6,47
0,142,142,20
0,27,27,56
23,0,23,0
3,0,3,0
2,0,2,0
1,0,1,0
0,87,87,20
13,0,13,0
3,0,3,0
5,0,5,0
2,0,2,0
0,10,10,7
5,0,5,0
4,0,4,0
38,0,38,0
7,0,7,0
1,0,1,0
2,0,2,0
0,52,52,11
3,0,3,0
32,0,32,0
4,0,4,0
0,120,120,130
7,0,7,0
5,0,5,0
9,0,9,0
28,0,28,0
7,0,7,0
50,0,50,0
0,5,5,2
4,0,4,0
3,0,3,0
15,0,15,0
132,0,132,0
2,0,2,0
5,0,5,0
4,0,4,0
6,0,6,0
0,334,334,21
1,0,1,0
3,0,3,0
14,0,14,0
2,0,2,0
2,0,2,0
0,2,2,10
3,0,3,0
1,0,1,0
0,101,101,24
30,0,30,0
3,0,3,0
1,0,1,0
0,3,3,72
1,0,1,0
0,37,37,4
0,5,5,0
1,0,1,0
1,0,1,0
5,0,5,0
10,0,10,0
1,0,1,0
2,0,2,0
1,0,1,0
6,0,6,0
3,0,3,0
12,0,12,0
1,0,1,0
0,18,18,21
7,0,7,0
1,0,1,0
1,0,1,0
3,0,3,0
2,0,2,0
2,0,2,0
2,0,2,0
3,0,3,0
0,2,2,18
1,0,1,0
0,70,70,14
1,0,1,0
20,0,20,0
1,0,1,0
45,0,45,0
0,2,2,6
0,56,56,26
19,0,19,0
5,0,5,0
2,0,2,0
7,0,7,0
0,1,1,8
0,1,1,72
13,0,13,0
0,17,17,22
4,0,4,0
15,0,15,0
5,0,5,0
10,0,10,0
0,131,131,41
2,0,2,0
0,22,22,9
22,0,22,0
12,0,12,0
0,4,4,0
2,0,2,0
1,0,1,0
1,0,1,0
0,6,6,5
5,0,5,0
7,0,7,0
0,23,23,11
2,0,2,0
1,0,1,0
0,16,16,2
18,0,18,0
2,0,2,0
2,0,2,0
11,0,11,0
1,0,1,0
0,2,2,1
0,6,6,6
7,0,7,0
9,0,9,0
2,0,2,0
2,0,2,0
0,18,18,3
0,6,6,17
1,0,1,0
0,188,188,4
11,0,11,0
39,0,39,0
0,4,4,0
12,0,12,0
1,0,1,0
0,23,23,18
1,0,1,0
0,6,6,5
4,0,4,0
7,0,7,0
6,0,6,0
10,0,10,0
7,0,7,0
32,0,32,0
4,0,4,0
14,0,14,0
0,17,17,4
4,0,4,0
20,0,20,0
0,90,90,20
0,4,4,8
0,11,11,0
1,0,1,0
12,0,12,0
0,36,36,12
0,6,6,7
0,18,18,15
1,0,1,0
2,0,2,0
6,0,6,0
0,17,17,0
47,0,47,0
2,0,2,0
1,0,1,0
0,355,355,22
27,0,27,0
12,0,12,0
4,0,4,0
2,0,2,0
2,0,2,0
0,12,12,17
0,1069,1069,53
222,0,222,0
191,0,191,0
3,0,3,0
3,0,3,0
0,1,1,40
1,0,1,0
2,0,2,0
0,3,3,22
0,2,2,11
7,0,7,0
1,0,1,0
2,0,2,0
3,0,3,0
1,0,1,0
7,0,7,0
1,0,1,0
17,0,17,0
58,0,58,0
1,0,1,0
47,0,47,0
6,0,6,0
2,0,2,0
7,0,7,0
0,188,188,12
0,1,1,92
64,0,64,0
0,15,15,14
5,0,5,0
2,0,2,0
4,0,4,0
6,0,6,0
2,0,2,0
2,0,2,0
5,0,5,0
0,1,1,23
0,4,4,2
1,0,1,0
0,5,5,7
1,0,1,0
1,0,1,0
0,12,12,0
1,0,1,0
0,28,28,28
43,0,43,0
1,0,1,0
48,0,48,0
0,8,8,10
2,0,2,0
6,0,6,0
0,3,3,4
44,0,44,0
0,26,26,0
1,0,1,0
3,0,3,0
175,0,175,0
1,0,1,0
3,0,3,0
0,91,91,4
0,6,6,4
4,0,4,0
2,0,2,0
1,0,1,0
5,0,5,0
12,0,12,0
0,256,256,65
3,0,3,0
0,5,5,27
1,0,1,0
1,0,1,0
7,0,7,0
6,0,6,0
3,0,3,0
2,0,2,0
1,0,1,0
0,136,136,8
6,0,6,0
3,0,3,0
3,0,3,0
18,0,18,0
0,1,1,3
0,6,6,21
1,0,1,0
1,0,1,0
1,0,1,0
5,0,5,0
0,113,113,29
1,0,1,0
3,0,3,0
1,0,1,0
0,6,6,0
0,2,2,1
0,33,33,58
83,0,83,0
6,0,6,0
0,90,90,33
0,25,25,25
0,28,28,189
5,0,5,0
1,0,1,0
1,0,1,0
0,2,2,12
43,0,43,0
1,0,1,0
1,0,1,0
1,0,1,0
3,0,3,0
1,0,1,0
10,0,10,0
15,0,15,0
0,3491,3491,273
91,0,91,0
22,0,22,0
1,0,1,0
2,0,2,0
14,0,14,0
0,2,2,6
1,0,1,0
0,46,46,21
2,0,2,0
3,0,3,0
2,0,2,0
85,0,85,0
1,0,1,0
22,0,22,0
1,0,1,0
4,0,4,0
1,0,1,0
2,0,2,0
18,0,18,0
6,0,6,0
0,7,7,89
1,0,1,0
130,0,130,0
11,0,11,0
0,4,4,44
7,0,7,0
0,328,328,70
25,0,25,0
2,0,2,0
0,3,3,15
4,0,4,0
222,0,222,0
2,0,2,0
2,0,2,0
0,300,300,208
0,5,5,11
5,0,5,0
0,3,3,3
46,0,46,0
1,0,1,0
2,0,2,0
0,1,1,30
3,0,3,0
97,0,97,0
1,0,1,0
11,0,11,0
1,0,1,0
1,0,1,0
16,0,16,0
5,0,5,0
6,0,6,0
7,0,7,0
4,0,4,0
4,0,4,0
0,16,16,0
2,0,2,0
1,0,1,0
2,0,2,0
57,0,57,0
2,0,2,0
98,0,98,0
4,0,4,0
0,467,467,81
93,0,93,0
0,57,57,50
0,3,3,0
0,11,11,0
1,0,1,0
0,1,1,23
6,0,6,0
14,0,14,0
0,1,1,0
0,7,7,8
42,0,42,0
1770,0,1770,0
0,65,65,25
11,0,11,0
9,0,9,0
0,5,5,5
1,0,1,0
11,0,11,0
0,18,18,4
14,0,14,0
1,0,1,0
0,32,32,2
15,0,15,0
0,140,140,13
5,0,5,0
3,0,3,0
1,0,1,0
10,0,10,0
0,77,77,38
4,0,4,0
0,1,1,8
3,0,3,0
42,0,42,0
0,1,1,29
8,0,8,0
2,0,2,0
1,0,1,0
0,4,4,3
35,0,35,0
10,0,10,0
10,0,10,0
0,76,76,17
3,0,3,0
1,0,1,0
0,1,1,13
2,0,2,0
0,137,137,20
174,0,174,0
3,0,3,0
1,0,1,0
1,0,1,0
1,0,1,0
2,0,2,0
0,159,159,45
2,0,2,0
2,0,2,0
0,17,17,17
4,0,4,0
1,0,1,0
0,13,13,19
1,0,1,0
0,28,28,9
4,0,4,0
0,10,10,13
0,13,13,20
1,0,1,0
4,0,4,0
0,2,2,7
25,0,25,0
0,78,78,2
0,1,1,0
6,0,6,0
2,0,2,0
0,5,5,4
6,0,6,0
9,0,9,0
3,0,3,0
2,0,2,0
12,0,12,0
0,20,20,13
12,0,12,0
2,0,2,0
1,0,1,0
7,0,7,0
2,0,2,0
0,5,5,3
5,0,5,0
3,0,3,0
2,0,2,0
0,3,3,8
5,0,5,0
1,0,1,0
1,0,1,0
11,0,11,0
3,0,3,0
0,28,28,18
4,0,4,0
8,0,8,0
3,0,3,0
36,0,36,0
9,0,9,0
2,0,2,0
7,0,7,0
6,0,6,0
3,0,3,0
4,0,4,0
15,0,15,0
5,0,5,0
2,0,2,0
1,0,1,0
3,0,3,0
0,1,1,21
28,0,28,0
0,1,1,1
0,96,96,59
0,19,19,18
5,0,5,0
10,0,10,0
43,0,43,0
0,11,11,0
0,7,7,19
2,0,2,0
0,12,12,46
11,0,11,0
0,131,131,19
3,0,3,0
0,95,95,5
60,0,60,0
3,0,3,0
0,5,5,71
2,0,2,0
2,0,2,0
3,0,3,0
9,0,9,0
0,6,6,0
1,0,1,0
3,0,3,0
11,0,11,0
3,0,3,0
0,1,1,37
17,0,17,0
38,0,38,0
1,0,1,0
1,0,1,0
1,0,1,0
4,0,4,0
39,0,39,0
1,0,1,0
3,0,3,0
0,6,6,2
2,0,2,0
1,0,1,0
0,6,6,27
1,0,1,0
0,5,5,11
2,0,2,0
57,0,57,0
0,79,79,44
2,0,2,0
0,74,74,6
1,0,1,0
0,4,4,3
4,0,4,0
0,1,1,3
0,35,35,8
0,12,12,12
1,0,1,0
0,7,7,5
13,0,13,0
10,0,10,0
0,41,41,3
3,0,3,0
3,0,3,0
0,711,711,77
0,4,4,2
1,0,1,0
111,0,111,0
22,0,22,0
0,9,9,9
0,8,8,45
14,0,14,0
3,0,3,0
2,0,2,0
17,0,17,0
10,0,10,0
17,0,17,0
2,0,2,0
6,0,6,0
12,0,12,0
0,6,6,55
1,0,1,0
0,25,25,7
9,0,9,0
15,0,15,0
2,0,2,0
14,0,14,0
1,0,1,0
7,0,7,0
6,0,6,0
2,0,2,0
0,1,1,23
14,0,14,0
0,4,4,20
5,0,5,0
9,0,9,0
0,643,643,10
6,0,6,0
0,2,2,19
3,0,3,0
0,4,4,2
8,0,8,0
4,0,4,0
1,0,1,0
2,0,2,0
0,1,1,5
1,0,1,0
0,75,75,14
96,0,96,0
0,158,158,126
0,5,5,6
0,15,15,0
0,3,3,15
1,0,1,0
1,0,1,0
8,0,8,0
3,0,3,0
0,135,135,6
2,0,2,0
0,7,7,14
0,1,1,0
31,0,31,0
1,0,1,0
0,11,11,0
2,0,2,0
0,17,17,7
2,0,2,0
7,0,7,0
4,0,4,0
3,0,3,0
0,3,3,57
1,0,1,0
19,0,19,0
1,0,1,0
5,0,5,0
12,0,12,0
0,2,2,40
16,0,16,0
115,0,115,0
8,0,8,0
3,0,3,0
8,0,8,0
3,0,3,0
2,0,2,0
0,293,293,131
3,0,3,0
0,4,4,4
4,0,4,0
2,0,2,0
10,0,10,0
0,17,17,0
41,0,41,0
53,0,53,0
0,36,36,4
14,0,14,0
0,49,49,27
1,0,1,0
0,22,22,14
1,0,1,0
0,1,1,44
3,0,3,0
0,1,1,0
4,0,4,0
1,0,1,0
8,0,8,0
6,0,6,0
2,0,2,0
5,0,5,0
1,0,1,0
4,0,4,0
9,0,9,0
136,0,136,0
2,0,2,0
14,0,14,0
1,0,1,0
24,0,24,0
0,1,1,15
4,0,4,0
0,6,6,3
1,0,1,0
1,0,1,0
0,4,4,23
1,0,1,0
5,0,5,0
4,0,4,0
1,0,1,0
3,0,3,0
0,10,10,9
1,0,1,0
0,60,60,60
1,0,1,0
4,0,4,0
0,1,1,0
112,0,112,0
2,0,2,0
1,0,1,0
5,0,5,0
0,197,197,4
0,7,7,14
7,0,7,0
1,0,1,0
13,0,13,0
4,0,4,0
21,0,21,0
0,129,129,55
0,75,75,1
51,0,51,0
10,0,10,0
1,0,1,0
102,0,102,0
2,0,2,0
0,50,50,287
11,0,11,0
5,0,5,0
1,0,1,0
2,0,2,0
7,0,7,0
13,0,13,0
1,0,1,0
12,0,12,0
9,0,9,0
6,0,6,0
1,0,1,0
215,0,215,0
14,0,14,0
8,0,8,0
6,0,6,0
2,0,2,0
14,0,14,0
7,0,7,0
12,0,12,0
5,0,5,0
1,0,1,0
0,73,73,16
12,0,12,0
19,0,19,0
0,5,5,19
1,0,1,0
0,99,99,38
1,0,1,0
0,193,193,79
31,0,31,0
8,0,8,0
1,0,1,0
2,0,2,0
0,48,48,51
4,0,4,0
72,0,72,0
3,0,3,0
2,0,2,0
2,0,2,0
21,0,21,0
4,0,4,0
8,0,8,0
8,0,8,0
4,0,4,0
7,0,7,0
0,18,18,18
3,0,3,0
279,0,279,0
0,4,4,0
3,0,3,0
4,0,4,0
0,3,3,18
1,0,1,0
1,0,1,0
10,0,10,0
1,0,1,0
0,32,32,51
38,0,38,0
1,0,1,0
8,0,8,0
9,0,9,0
3,0,3,0
4,0,4,0
86,0,86,0
1,0,1,0
5,0,5,0
0,10,10,41
2,0,2,0
10,0,10,0
7,0,7,0
4,0,4,0
1,0,1,0
1,0,1,0
5,0,5,0
1,0,1,0
1,0,1,0
1,0,1,0
1,0,1,0
25,0,25,0
0,53,53,8
66,0,66,0
2,0,2,0
4,0,4,0
21,0,21,0
6,0,6,0
0,90,90,108
1,0,1,0
0,38,38,34
6,0,6,0
1,0,1,0
1,0,1,0
0,6,6,29
1,0,1,0
1,0,1,0
6,0,6,0
1,0,1,0
8,0,8,0
5,0,5,0
1,0,1,0
2,0,2,0
6,0,6,0
36,0,36,0
0,15,15,121
3,0,3,0
2,0,2,0
0,55,55,24
1,0,1,0
4,0,4,0
34,0,34,0
2,0,2,0
2,0,2,0
2,0,2,0
0,25,25,4
14,0,14,0
0,16,16,0
12,0,12,0
2,0,2,0
1,0,1,0
0,11,11,0
49,0,49,0
7,0,7,0
0,2,2,22
1,0,1,0
18,0,18,0
1,0,1,0
2,0,2,0
9,0,9,0
0,4,4,7
1,0,1,0
1,0,1,0
0,20,20,21
2,0,2,0
2,0,2,0
6,0,6,0
0,101,101,6
0,13,13,12
0,16,16,28
0,22,22,53
0,34,34,19
33,0,33,0
2,0,2,0
9,0,9,0
0,133,133,15
138,0,138,0
35,0,35,0
31,0,31,0
32,0,32,0
6,0,6,0
2,0,2,0
0,8,8,13
4,0,4,0
11,0,11,0
0,3,3,1
0,4,4,0
52,0,52,0
1,0,1,0
2,0,2,0
5,0,5,0
3,0,3,0
1,0,1,0
1,0,1,0
0,2,2,0
2,0,2,0
1,0,1,0
50,0,50,0
1,0,1,0
5,0,5,0
12,0,12,0
2,0,2,0
5,0,5,0
0,3,3,1
14,0,14,0
14,0,14,0
2,0,2,0
3,0,3,0
9,0,9,0
7,0,7,0
4,0,4,0
6,0,6,0
0,34,34,81
9,0,9,0
0,3,3,69
1,0,1,0
1,0,1,0
2,0,2,0
1,0,1,0
0,116,116,33
0,87,87,39
6,0,6,0
965,0,965,0
1,0,1,0
0,65,65,57
3,0,3,0
0,18,18,13
1,0,1,0
9,0,9,0
1,0,1,0
2,0,2,0
10,0,10,0
0,1,1,12
6,0,6,0
14,0,14,0
0,21,21,15
0,115,115,17
1,0,1,0
1,0,1,0
0,18,18,7
5,0,5,0
0,20,20,3
0,1,1,13
0,70,70,28
0,14,14,3
6,0,6,0
2,0,2,0
1,0,1,0
12,0,12,0
5,0,5,0
1,0,1,0
46,0,46,0
6,0,6,0
2,0,2,0
3,0,3,0
6,0,6,0
0,5,5,7
1,0,1,0
1,0,1,0
4,0,4,0
0,4,4,136
1,0,1,0
1,0,1,0
0,96,96,1
0,3,3,76
4,0,4,0
0,2,2,28
1,0,1,0
0,247,247,7
0,1,1,66
0,16,16,42
8,0,8,0
69,0,69,0
6,0,6,0
2,0,2,0
48,0,48,0
0,31,31,54
0,12,12,2
1,0,1,0
2,0,2,0
3,0,3,0
0,44,44,62
1,0,1,0
19,0,19,0
1,0,1,0
14,0,14,0
0,22,22,21
1,0,1,0
0,31,31,12
37,0,37,0
6,0,6,0
1,0,1,0
14,0,14,0
2,0,2,0
58,0,58,0
2,0,2,0
3,0,3,0
5,0,5,0
7,0,7,0
62,0,62,0
8,0,8,0
20,0,20,0
0,194,194,11
1,0,1,0
1,0,1,0
1,0,1,0
3,0,3,0
1,0,1,0
3,0,3,0
0,249,249,25
0,66,66,15
2,0,2,0
39,0,39,0
3,0,3,0
10,0,10,0
2,0,2,0
1,0,1,0
1,0,1,0
41,0,41,0
96,0,96,0
0,3,3,3
2,0,2,0
34,0,34,0
1,0,1,0
1,0,1,0
1,0,1,0
0,6,6,0
4,0,4,0
274,0,274,0
0,10,10,68
3,0,3,0
0,1,1,2
0,9,9,3
1,0,1,0
4,0,4,0
0,3,3,15
0,3,3,4
4,0,4,0
8,0,8,0
1,0,1,0
1,0,1,0
1,0,1,0
1,0,1,0
0,7,7,35
5,0,5,0
0,1,1,111
1,0,1,0
16,0,16,0
0,1,1,16
0,1,1,6
217,0,217,0
1,0,1,0
0,4,4,0
3,0,3,0
2,0,2,0
6,0,6,0
4,0,4,0
1,0,1,0
4,0,4,0
30,0,30,0
28,0,28,0
1,0,1,0
0,130,130,4
2,0,2,0
4,0,4,0
13,0,13,0
0,102,102,13
0,16,16,0
1,0,1,0
2,0,2,0
6,0,6,0
14,0,14,0
18,0,18,0
0,26,26,2
12,0,12,0
7,0,7,0
0,5,5,121
4,0,4,0
0,1,1,10
19,0,19,0
7,0,7,0
5,0,5,0
4,0,4,0
11,0,11,0
0,1412,1412,76
1,0,1,0
2,0,2,0
0,8,8,13
0,61,61,1
2,0,2,0
2,0,2,0
0,41,41,22
1,0,1,0
7,0,7,0
3,0,3,0
0,24,24,33
0,3,3,18
0,1,1,31
0,2,2,33
3,0,3,0
6,0,6,0
33,0,33,0
7,0,7,0
22,0,22,0
0,1,1,16
0,112,112,15
3,0,3,0
4,0,4,0
40,0,40,0
16,0,16,0
2,0,2,0
0,35,35,14
0,33,33,13
0,2,2,17
3,0,3,0
3,0,3,0
0,21,21,7
14,0,14,0
3,0,3,0
6,0,6,0
0,23,23,17
14,0,14,0
0,5,5,2
4,0,4,0
0,3,3,18
70,0,70,0
1,0,1,0
4,0,4,0
32,0,32,0
1,0,1,0
3,0,3,0
0,8,8,14
3,0,3,0
8,0,8,0
2,0,2,0
0,137,137,5
0,13,13,7
2,0,2,0
8,0,8,0
2,0,2,0
2,0,2,0
0,1,1,0
0,2,2,0
1,0,1,0
0,6,6,3
1,0,1,0
1,0,1,0
32,0,32,0
21,0,21,0
3,0,3,0
4,0,4,0
1,0,1,0
1,0,1,0
4,0,4,0
7,0,7,0
12,0,12,0
7,0,7,0
0,37,37,84
0,2,2,8
3,0,3,0
1,0,1,0
4,0,4,0
0,2,2,1
2,0,2,0
32,0,32,0
0,8,8,0
1,0,1,0
0,3,3,3
0,3,3,37
2,0,2,0
3,0,3,0
36,0,36,0
37,0,37,0
1,0,1,0
0,26,26,30
12,0,12,0
37,0,37,0
0,4,4,8
2,0,2,0
24,0,24,0
2,0,2,0
5,0,5,0
19,0,19,0
21,0,21,0
1,0,1,0
1,0,1,0
3,0,3,0
4,0,4,0
16,0,16,0
1,0,1,0
3,0,3,0
3,0,3,0
2,0,2,0
9,0,9,0
0,2,2,2
7,0,7,0
0,2,2,13
4,0,4,0
2,0,2,0
0,45,45,6
0,95,95,0
0,7,7,86
0,1,1,17
2,0,2,0
1,0,1,0
7,0,7,0
23,0,23,0
0,15,15,13
8,0,8,0
5,0,5,0
37,0,37,0
13,0,13,0
0,1,1,7
6,0,6,0
1,0,1,0
91,0,91,0
1,0,1,0
8,0,8,0
2,0,2,0
0,5,5,95
0,6,6,97
0,2,2,93
3,0,3,0
1,0,1,0
4,0,4,0
1,0,1,0
2,0,2,0
1,0,1,0
0,2,2,2
1,0,1,0
7,0,7,0
1,0,1,0
0,67,67,2
2,0,2,0
3,0,3,0
0,6,6,0
4,0,4,0
0,1,1,6
2,0,2,0
7,0,7,0
6,0,6,0
2,0,2,0
0,5,5,6
0,5,5,1
1,0,1,0
1,0,1,0
0,3,3,3
2,0,2,0
1,0,1,0
3,0,3,0
156,0,156,0
2,0,2,0
0,67,67,94
75,0,75,0
2,0,2,0
6,0,6,0
2,0,2,0
3,0,3,0
0,1,1,3
5,0,5,0
0,53,53,62
17,0,17,0
131,0,131,0
28,0,28,0
4,0,4,0
8,0,8,0
0,18,18,37
0,9,9,3
1,0,1,0
3,0,3,0
2,0,2,0
5,0,5,0
1,0,1,0
1,0,1,0
0,344,344,47
148,0,148,0
0,21,21,16
0,2,2,15
26,0,26,0
3,0,3,0
3,0,3,0
0,3,3,3
11,0,11,0
1,0,1,0
0,3,3,17
1,0,1,0
1,0,1,0
15,0,15,0
0,4,4,28
7,0,7,0
2,0,2,0
1,0,1,0
0,3,3,73
2,0,2,0
4,0,4,0
3,0,3,0
1,0,1,0
1,0,1,0
33,0,33,0
0,7,7,71
1,0,1,0
5,0,5,0
1,0,1,0
0,92,92,30
0,4,4,0
8,0,8,0
4,0,4,0
0,224,224,50
12,0,12,0
11,0,11,0
6,0,6,0
8,0,8,0
11,0,11,0
1,0,1,0
36,0,36,0
1,0,1,0
2,0,2,0
4,0,4,0
82,0,82,0
3,0,3,0
1,0,1,0
2,0,2,0
8,0,8,0
35,0,35,0
2,0,2,0
33,0,33,0
2,0,2,0
1,0,1,0
7,0,7,0
29,0,29,0
52,0,52,0
16,0,16,0
41,0,41,0
0,270,270,8
6,0,6,0
5,0,5,0
0,1,1,17
0,2,2,0
0,4,4,51
1,0,1,0
0,14,14,116
1,0,1,0
1,0,1,0
6,0,6,0
1,0,1,0
24,0,24,0
0,8,8,3
0,16,16,9
0,526,526,12
1,0,1,0
0,40,40,17
10,0,10,0
1,0,1,0
1,0,1,0
5,0,5,0
6,0,6,0
22,0,22,0
0,4,4,20
3,0,3,0
43,0,43,0
0,4,4,11
0,1,1,0
5,0,5,0
49,0,49,0
7,0,7,0
1,0,1,0
0,5,5,129
0,31,31,6
1,0,1,0
2,0,2,0
13,0,13,0
14,0,14,0
5,0,5,0
4,0,4,0
6,0,6,0
0,3,3,12
16,0,16,0
1,0,1,0
16,0,16,0
0,13,13,17
1,0,1,0
7,0,7,0
27,0,27,0
1,0,1,0
1,0,1,0
9,0,9,0
1,0,1,0
0,6,6,16
9,0,9,0
13,0,13,0
0,6,6,14
6,0,6,0
1,0,1,0
6,0,6,0
11,0,11,0
0,93,93,37
6,0,6,0
0,26,26,13
8,0,8,0
6,0,6,0
0,38,38,38
26,0,26,0
3,0,3,0
0,20,20,21
46,0,46,0
6,0,6,0
0,59,59,8
0,1,1,14
4,0,4,0
2,0,2,0
5,0,5,0
3,0,3,0
2,0,2,0
7,0,7,0
2,0,2,0
22,0,22,0
6,0,6,0
0,336,336,34
1,0,1,0
179,0,179,0
0,19,19,14
333,0,333,0
6,0,6,0
6,0,6,0
142,0,142,0
1,0,1,0
77,0,77,0
2,0,2,0
0,3,3,25
13,0,13,0
3,0,3,0
10,0,10,0
3,0,3,0
21,0,21,0
2,0,2,0
6,0,6,0
21,0,21,0
8,0,8,0
16,0,16,0
24,0,24,0
8,0,8,0
24,0,24,0
1,0,1,0
0,3,3,29
7,0,7,0
1,0,1,0
0,1,1,61
12,0,12,0
0,3,3,1
3,0,3,0
1,0,1,0
0,144,144,50
1,0,1,0
3,0,3,0
0,32,32,39
19,0,19,0
1,0,1,0
0,2,2,27
0,4,4,6
12,0,12,0
8,0,8,0
62,0,62,0
1,0,1,0
5,0,5,0
0,22,22,0
1,0,1,0
1,0,1,0
0,2,2,1
1,0,1,0
1,0,1,0
3,0,3,0
7,0,7,0
1,0,1,0
2,0,2,0
1,0,1,0
1,0,1,0
0,50,50,12
2,0,2,0
1,0,1,0
74,0,74,0
5,0,5,0
1,0,1,0
5,0,5,0
106,0,106,0
0,3,3,40
0,9,9,24
1,0,1,0
3,0,3,0
2,0,2,0
5,0,5,0
3,0,3,0
1,0,1,0
8,0,8,0
2,0,2,0
10,0,10,0
1,0,1,0
0,2,2,11
35,0,35,0
2,0,2,0
0,362,362,48
69,0,69,0
1,0,1,0
4,0,4,0
5,0,5,0
4,0,4,0
2,0,2,0
7,0,7,0
0,285,285,13
14,0,14,0
1,0,1,0
0,96,96,44
1,0,1,0
1,0,1,0
0,2,2,12
8,0,8,0
2,0,2,0
0,38,38,60
1,0,1,0
9,0,9,0
0,1,1,44
5,0,5,0
1,0,1,0
13,0,13,0
74,0,74,0
3,0,3,0
0,3,3,44
3,0,3,0
2,0,2,0
12,0,12,0
1,0,1,0
0,3,3,35
40,0,40,0
0,5,5,1
1,0,1,0
0,3,3,0
1,0,1,0
2,0,2,0
0,39,39,10
0,23,23,91
29,0,29,0
1,0,1,0
2,0,2,0
1,0,1,0
1,0,1,0
9,0,9,0
4,0,4,0
8,0,8,0
2,0,2,0
0,2,2,138
1,0,1,0
0,4,4,8
3,0,3,0
2,0,2,0
0,1,1,37
0,33,33,19
3,0,3,0
0,50,50,11
0,60,60,5
3,0,3,0
11,0,11,0
1,0,1,0
26,0,26,0
8,0,8,0
6,0,6,0
10,0,10,0
0,6,6,14
1,0,1,0
4,0,4,0
37,0,37,0
0,25,25,2
0,9,9,4
44,0,44,0
0,1,1,1
1,0,1,0
1,0,1,0
0,1,1,1
304,0,304,0
1,0,1,0
2,0,2,0
1,0,1,0
4,0,4,0
7,0,7,0
19,0,19,0
0,6,6,0
103,0,103,0
7,0,7,0
6,0,6,0
0,49,49,3
5,0,5,0
0,262,262,24
0,470,470,4
12,0,12,0
0,24,24,2
3,0,3,0
11,0,11,0
10,0,10,0
0,576,576,51
55,0,55,0
8,0,8,0
5,0,5,0
2,0,2,0
0,3,3,5
95,0,95,0
5,0,5,0
17,0,17,0
1,15,16,44
2,0,2,0
2,0,2,0
7,0,7,0
0,26,26,17
50,0,50,0
0,45,45,19
4,0,4,0
2,0,2,0
1,0,1,0
24,0,24,0
142,0,142,0
1,0,1,0
0,15,15,5
2,0,2,0
36,0,36,0
0,7,7,120
1,0,1,0
1,0,1,0
0,3,3,7
2,0,2,0
0,3,3,12
5,0,5,0
119,0,119,0
0,22,22,18
255,0,255,0
2,0,2,0
1,0,1,0
10,0,10,0
1,0,1,0
3,0,3,0
5,0,5,0
0,3,3,5
1,0,1,0
5,0,5,0
3,0,3,0
5,0,5,0
9,0,9,0
0,2,2,5
0,7,7,24
6,0,6,0
0,4,4,0
0,4,4,34
0,1,1,0
0,68,68,23
2,0,2,0
1,0,1,0
0,60,60,84
5,0,5,0
1,0,1,0
0,1,1,0
1,0,1,0
6,0,6,0
0,3,3,1
2,0,2,0
4,0,4,0
0,1,1,7
1,0,1,0
4,0,4,0
0,3,3,10
0,6,6,15
2,0,2,0
1,0,1,0
0,8,8,39
3,0,3,0
0,33,33,15
1,0,1,0
4,0,4,0
12,0,12,0
0,81,81,71
2,0,2,0
1,0,1,0
1,0,1,0
3,0,3,0
0,6,6,6
17,0,17,0
4,0,4,0
0,7,7,12
7,0,7,0
18,0,18,0
4,0,4,0
46,0,46,0
1,0,1,0
21,0,21,0
1,0,1,0
0,18,18,59
3,0,3,0
0,37,37,15
0,1,1,0
32,0,32,0
0,2,2,11
0,54,54,58
38,0,38,0
3,0,3,0
29,0,29,0
0,3,3,0
4,0,4,0
25,0,25,0
0,179,179,7
1,0,1,0
3,0,3,0
8,0,8,0
13,0,13,0
2,0,2,0
92,0,92,0
2,0,2,0
1,0,1,0
2,0,2,0
1,0,1,0
1,0,1,0
6,0,6,0
15,0,15,0
20,0,20,0
16,0,16,0
0,8,8,83
2,0,2,0
0,1,1,0
0,49,49,40
1,0,1,0
22,0,22,0
2,0,2,0
4,0,4,0
17,0,17,0
0,3,3,1
0,37,37,11
5,0,5,0
7,0,7,0
2,0,2,0
0,6,6,21
1,0,1,0
4,0,4,0
3,0,3,0
2,0,2,0
8,0,8,0
0,3,3,44
0,17,17,0
0,13,13,1
0,6,6,3
1,0,1,0
1,0,1,0
14,0,14,0
7,0,7,0
0,100,100,66
0,3,3,21
20,0,20,0
1,0,1,0
3,0,3,0
9,0,9,0
2,0,2,0
0,2,2,13
1,0,1,0
5,0,5,0
6,0,6,0
0,4,4,3
0,4,4,23
1,0,1,0
0,4,4,110
5,0,5,0
1,0,1,0
0,5,5,9
0,12,12,0
19,0,19,0
1,0,1,0
9,0,9,0
1,0,1,0
0,44,44,3
1,0,1,0
1,0,1,0
0,53,53,6
1,0,1,0
0,115,115,88
15,0,15,0
29,0,29,0
32,0,32,0
10,0,10,0
0,86,86,19
0,35,35,20
0,18,18,10
2,0,2,0
1,0,1,0
0,78,78,24
5,0,5,0
2,0,2,0
0,7,7,55
3,0,3,0
1,0,1,0
0,44,44,35
3,0,3,0
0,7,7,10
5,0,5,0
1,0,1,0
19,0,19,0
37,0,37,0
10,0,10,0
6,0,6,0
1,0,1,0
0,20,20,37
2,0,2,0
4,0,4,0
2,0,2,0
1,0,1,0
3,0,3,0
0,84,84,55
36,0,36,0
23,0,23,0
6,0,6,0
3,0,3,0
41,0,41,0
3,0,3,0
1,0,1,0
4,0,4,0
0,5,5,19
15,0,15,0
0,2,2,31
0,6,6,6
0,74,74,13
518,0,518,0
0,62,62,125
1,0,1,0
8,0,8,0
2,0,2,0
39,0,39,0
1,0,1,0
8,0,8,0
0,58,58,46
4,0,4,0
0,2,2,22
5,0,5,0
0,7,7,138
0,1,1,3
0,112,112,2
5,0,5,0
1,0,1,0
1,0,1,0
0,4,4,0
1,0,1,0
4,0,4,0
2,0,2,0
0,1,1,94
4,0,4,0
3,0,3,0
11,0,11,0
0,21,21,35
5,0,5,0
6,0,6,0
0,1,1,11
1,0,1,0
0,2,2,5
29,0,29,0
4,0,4,0
0,3,3,0
2,0,2,0
0,2,2,19
127,0,127,0
44,0,44,0
0,356,356,44
0,2,2,2
9,0,9,0
1,0,1,0
1,0,1,0
0,65,65,10
1,0,1,0
2,0,2,0
1,0,1,0
13,0,13,0
26,0,26,0
2,0,2,0
5,0,5,0
7,0,7,0
0,1,1,0
12,0,12,0
3,0,3,0
26,0,26,0
0,17,17,8
5,0,5,0
2,0,2,0
3,0,3,0
17,0,17,0
6,0,6,0
1,0,1,0
3,0,3,0
1,0,1,0
0,25,25,10
0,2,2,1
0,4,4,7
29,0,29,0
2,0,2,0
2,0,2,0
4,0,4,0
0,1,1,2
0,13,13,0
0,15,15,43
3,0,3,0
2,0,2,0
1,0,1,0
0,6,6,60
8,0,8,0
3,0,3,0
7,0,7,0
4,0,4,0
0,8,8,3
6,0,6,0
0,3,3,46
1,0,1,0
1,0,1,0
0,2,2,0
127,0,127,0
0,15,15,13
1,0,1,0
5,0,5,0
0,2,2,14
2,0,2,0
0,1,1,10
2,0,2,0
1,0,1,0
0,3,3,11
2,0,2,0
80,0,80,0
5,0,5,0
4,0,4,0
15,0,15,0
0,39,39,88
6,0,6,0
14,0,14,0
3,0,3,0
1,0,1,0
0,1,1,6
26,0,26,0
0,2,2,2
8,0,8,0
2,0,2,0
0,40,40,37
35,0,35,0
0,25,25,23
6,0,6,0
1,0,1,0
2,0,2,0
2,0,2,0
0,7,7,13
3,0,3,0
0,5,5,8
11,0,11,0
1,0,1,0
0,90,90,18
101,0,101,0
0,20,20,1
19,0,19,0
3,0,3,0
0,487,487,96
3,0,3,0
0,1,1,29
0,8,8,0
12,0,12,0
6,0,6,0
0,9,9,2
8,0,8,0
5,0,5,0
13,0,13,0
2,0,2,0
15,0,15,0
0,5,5,0
6,0,6,0
0,2,2,4
5,0,5,0
26,0,26,0
1,0,1,0
2,0,2,0
0,8,8,6
3,0,3,0
3,0,3,0
0,5,5,0
2,0,2,0
5,0,5,0
10,0,10,0
1,0,1,0
2,0,2,0
3,0,3,0
1,0,1,0
3,0,3,0
2,0,2,0
14,0,14,0
2,0,2,0
1,0,1,0
7,0,7,0
1,0,1,0
3,0,3,0
3,0,3,0
0,1,1,6
38,0,38,0
0,38,38,11
4,0,4,0
12,0,12,0
14,0,14,0
1,0,1,0
3,0,3,0
0,1,1,13
3,0,3,0
0,1,1,3
21,0,21,0
1,0,1,0
21,0,21,0
10,0,10,0
1,0,1,0
1,0,1,0
1,0,1,0
5,0,5,0
0,47,47,42
41,0,41,0
12,0,12,0
18,0,18,0
3,0,3,0
1,0,1,0
0,8,8,68
9,0,9,0
15,0,15,0
54,0,54,0
1,0,1,0
2,0,2,0
19,0,19,0
5,0,5,0
0,152,152,6
19,0,19,0
2,0,2,0
53,0,53,0
0,128,128,61
4,0,4,0
95,0,95,0
2,0,2,0
13,0,13,0
1,0,1,0
376,0,376,0
30,0,30,0
3,0,3,0
4,0,4,0
0,4,4,36
4,0,4,0
36,0,36,0
76,0,76,0
1,0,1,0
58,0,58,0
8,0,8,0
2,0,2,0
0,38,38,45
2,0,2,0
23,0,23,0
2,0,2,0
7,0,7,0
0,3,3,8
6,0,6,0
58,0,58,0
1,0,1,0
0,20,20,5
0,2,2,7
59,0,59,0
1,0,1,0
7,0,7,0
6,0,6,0
1,0,1,0
0,6,6,106
20,0,20,0
2,0,2,0
2,0,2,0
0,2,2,1
15,0,15,0
53,0,53,0
0,48,48,28
0,2,2,13
3,0,3,0
11,0,11,0
0,4,4,3
2,0,2,0
0,4,4,1
0,388,388,23
4,0,4,0
65,0,65,0
0,53,53,4
12,0,12,0
1,0,1,0
6,0,6,0
6,0,6,0
0,17,17,4
3,0,3,0
4,0,4,0
0,75,75,43
21,0,21,0
4,0,4,0
3,0,3,0
202,0,202,0
21,0,21,0
9,0,9,0
3,0,3,0
0,3,3,1
0,426,426,39
3,0,3,0
0,9,9,105
3,0,3,0
17,0,17,0
1,0,1,0
2,0,2,0
1,0,1,0
0,1,1,58
1,0,1,0
1,0,1,0
2,0,2,0
0,3,3,0
2,0,2,0
4,0,4,0
3,0,3,0
0,2,2,2
2,0,2,0
0,7,7,9
9,0,9,0
2,0,2,0
5,0,5,0
2,0,2,0
0,60,60,56
19,0,19,0
0,17,17,17
3,0,3,0
1,0,1,0
47,0,47,0
1,0,1,0
5,0,5,0
0,88,88,31
7,0,7,0
11,0,11,0
1,0,1,0
3,0,3,0
0,20,20,0
1,0,1,0
1,0,1,0
11,0,11,0
39,0,39,0
17,0,17,0
9,0,9,0
16,0,16,0
3,0,3,0
81,0,81,0
84,0,84,0
0,4,4,42
0,8,8,51
2,0,2,0
17,0,17,0
7,0,7,0
6,0,6,0
40,0,40,0
2,0,2,0
16,0,16,0
0,155,155,21
5,0,5,0
3,0,3,0
0,3,3,6
3,0,3,0
11,0,11,0
1,0,1,0
1,0,1,0
3,0,3,0
1,0,1,0
11,0,11,0
24,0,24,0
0,13,13,27
11,0,11,0
0,4,4,17
0,4,4,75
3,0,3,0
0,366,366,33
17,0,17,0
1,0,1,0
72,0,72,0
1,0,1,0
0,2,2,2
3,0,3,0
1,0,1,0
1,0,1,0
0,6,6,29
466,0,466,0
19,0,19,0
5,0,5,0
1,0,1,0
0,2,2,0
0,4,4,27
9,0,9,0
1,0,1,0
8,0,8,0
1,0,1,0
94,0,94,0
5,0,5,0
1,0,1,0
3,0,3,0
16,0,16,0
0,88,88,60
26,0,26,0
2,0,2,0
140,0,140,0
2,0,2,0
55,0,55,0
0,1318,1318,55
3,0,3,0
0,3,3,91
2,0,2,0
10,0,10,0
94,0,94,0
2,0,2,0
0,4,4,30
2,0,2,0
0,29,29,8
3,0,3,0
1,0,1,0
1,0,1,0
0,1,1,27
1,0,1,0
1,0,1,0
16,0,16,0
1,0,1,0
2,0,2,0
0,154,154,9
142,0,142,0
4,0,4,0
0,2,2,0
0,22,22,2
2,0,2,0
18,0,18,0
0,2,2,5
2,0,2,0
0,57,57,13
0,122,122,108
0,67,67,29
132,0,132,0
2,0,2,0
0,3,3,25
5,0,5,0
5,0,5,0
3,0,3,0
10,0,10,0
0,116,116,10
11,0,11,0
26,0,26,0
64,0,64,0
1,0,1,0
5,0,5,0
0,56,56,8
0,84,84,4
5,0,5,0
0,67,67,18
0,8,8,3
0,136,136,14
137,0,137,0
0,3,3,21
1,0,1,0
2,0,2,0
1,0,1,0
33,0,33,0
2,0,2,0
7,0,7,0
2,0,2,0
5,0,5,0
1,0,1,0
1,0,1,0
2,0,2,0
34,0,34,0
3,0,3,0
0,8,8,10
2,0,2,0
1,0,1,0
0,2,2,10
3,0,3,0
2,0,2,0
8,0,8,0
27,0,27,0
2,0,2,0
0,1,1,3
0,4,4,2
7,0,7,0
1,0,1,0
37,0,37,0
5,0,5,0
0,2,2,4
1,0,1,0
1,0,1,0
6,0,6,0
5,0,5,0
4,0,4,0
40,0,40,0
20,0,20,0
1,0,1,0
5,0,5,0
6,0,6,0
5,0,5,0
0,1,1,13
1,0,1,0
0,24,24,78
0,54,54,9
4,0,4,0
4,0,4,0
1,0,1,0
0,1,1,9
0,7,7,2
0,57,57,6
5,0,5,0
5,0,5,0
0,4,4,10
218,0,218,0
193,0,193,0
5,0,5,0
0,87,87,11
2,0,2,0
1,0,1,0
0,5,5,1
0,52,52,10
0,254,254,32
126,0,126,0
1,0,1,0
1,0,1,0
1,0,1,0
1,0,1,0
7,0,7,0
3,0,3,0
0,16,16,7
13,0,13,0
1,0,1,0
3,0,3,0
0,143,143,81
30,0,30,0
0,26,26,11
6,0,6,0
0,5,5,57
9,0,9,0
3,0,3,0
1,0,1,0
2,0,2,0
1,0,1,0
0,1,1,25
1,0,1,0
2,0,2,0
2,0,2,0
0,3,3,12
1,0,1,0
1,0,1,0
0,4,4,1
4,0,4,0
0,68,68,33
29,0,29,0
0,15,15,64
0,11,11,4
4,0,4,0
2,0,2,0
77,0,77,0
10,0,10,0
1,0,1,0
0,4,4,22
3,0,3,0
0,69,69,4
0,49,49,6
52,0,52,0
0,2,2,25
2,0,2,0
0,17,17,22
11,0,11,0
2,0,2,0
53,0,53,0
8,0,8,0
0,1,1,67
0,15,15,0
2,0,2,0
4,0,4,0
3,0,3,0
83,0,83,0
18,0,18,0
1,0,1,0
0,2,2,23
1,0,1,0
8,0,8,0
0,3,3,24
3,0,3,0
3,0,3,0
0,220,220,7
1,0,1,0
0,50,50,33
0,9,9,12
11,0,11,0
0,7,7,17
6,0,6,0
1,0,1,0
1,0,1,0
0,36,36,14
42,0,42,0
7,0,7,0
3,0,3,0
4,0,4,0
0,5,5,29
6,0,6,0
2,0,2,0
12,0,12,0
1,0,1,0
1,0,1,0
1,0,1,0
5,0,5,0
0,1,1,13
2,0,2,0
1,0,1,0
2,0,2,0
7,0,7,0
0,6,6,27
1,0,1,0
2,0,2,0
4,0,4,0
15,0,15,0
0,3,3,0
0,6,6,32
0,33,33,76
22,0,22,0
35,0,35,0
0,41,41,22
6,0,6,0
10,0,10,0
14,0,14,0
1,0,1,0
2,0,2,0
8,0,8,0
4,0,4,0
0,3,3,16
4,0,4,0
14,0,14,0
26,0,26,0
1,0,1,0
1,0,1,0
23,0,23,0
0,2,2,20
3,0,3,0
7,0,7,0
0,17,17,13
1,0,1,0
1,0,1,0
7,0,7,0
7,0,7,0
2,0,2,0
1,0,1,0
3,0,3,0
1,0,1,0
2,0,2,0
1,0,1,0
0,43,43,13
26,0,26,0
32,0,32,0
14,0,14,0
4,0,4,0
0,21,21,243
11,0,11,0
5,0,5,0
1,0,1,0
2,0,2,0
0,3,3,8
1,0,1,0
15,0,15,0
3,0,3,0
1,0,1,0
5,0,5,0
1,0,1,0
2,0,2,0
145,0,145,0
1,0,1,0
0,11,11,27
4,0,4,0
2,0,2,0
2,0,2,0
7,0,7,0
19,0,19,0
0,1,1,43
9,0,9,0
0,2,2,35
0,43,43,50
1,0,1,0
2,0,2,0
1,0,1,0
2,0,2,0
1,0,1,0
4,0,4,0
0,5,5,4
5,0,5,0
32,0,32,0
0,23,23,3
7,0,7,0
74,0,74,0
1,0,1,0
1,0,1,0
5,0,5,0
10,0,10,0
0,6,6,3
1,0,1,0
1,0,1,0
1,0,1,0
0,2,2,9
1,0,1,0
0,16,16,55
3,0,3,0
1,0,1,0
2,0,2,0
20,0,20,0
8,0,8,0
0,1,1,23
4,0,4,0
0,6,6,20
0,185,185,43
253,0,253,0
4,0,4,0
3,0,3,0
5,0,5,0
4,0,4,0
2,0,2,0
6,0,6,0
1,0,1,0
1,0,1,0
0,32,32,134
1,0,1,0
42,0,42,0
13,0,13,0
7,0,7,0
445,0,445,0
0,7,7,1
0,26,26,19
10,0,10,0
2,0,2,0
2,0,2,0
6,0,6,0
21,0,21,0
3,0,3,0
7,0,7,0
1,0,1,0
1,0,1,0
3,0,3,0
0,2,2,45
0,430,430,41
2,0,2,0
2,0,2,0
3,0,3,0
1,0,1,0
21,0,21,0
0,2,2,0
4,0,4,0
13,0,13,0
1,0,1,0
2,0,2,0
3,0,3,0
18,0,18,0
2,0,2,0
0,31,31,10
14,0,14,0
0,26,26,181
7,0,7,0
0,339,339,9
6,0,6,0
19,0,19,0
0,3,3,5
1,0,1,0
6,0,6,0
14,0,14,0
7,0,7,0
0,6,6,123
0,15,15,3
1,0,1,0
0,1,1,8
28,0,28,0
4,0,4,0
2,0,2,0
67,0,67,0
3,0,3,0
7,0,7,0
0,2,2,23
1,0,1,0
8,0,8,0
0,7,7,0
0,117,117,90
90,0,90,0
0,1,1,95
31,0,31,0
1,0,1,0
0,129,129,34
0,8,8,1
2,0,2,0
2,0,2,0
0,2,2,27
6,0,6,0
0,5,5,15
0,1,1,105
1,0,1,0
1,0,1,0
0,2,2,10
1,0,1,0
0,1,1,109
5,0,5,0
1,0,1,0
0,73,73,16
0,28,28,38
1,0,1,0
0,2,2,102
0,18,18,22
6,0,6,0
0,38,38,21
0,139,139,7
8,0,8,0
2,0,2,0
8,0,8,0
5,0,5,0
0,2,2,51
38,0,38,0
160,0,160,0
0,22,22,144
16,0,16,0
6,0,6,0
4,0,4,0
1,0,1,0
6,0,6,0
48,0,48,0
1,0,1,0
26,0,26,0
16,0,16,0
0,15,15,10
2,0,2,0
2,0,2,0
4,0,4,0
0,155,155,34
1,0,1,0
0,51,51,40
6,0,6,0
13,0,13,0
14,0,14,0
3,0,3,0
6,0,6,0
35,0,35,0
1,0,1,0
0,20,20,59
1,0,1,0
0,2,2,2
6,0,6,0
1,0,1,0
29,0,29,0
4,0,4,0
3,0,3,0
1,0,1,0
2,0,2,0
2,0,2,0
2,0,2,0
5,0,5,0
0,2,2,3
0,3,3,2
0,9,9,0
0,4,4,10
17,0,17,0
7,0,7,0
16,0,16,0
1,0,1,0
10,0,10,0
0,87,87,23
2,0,2,0
9,0,9,0
10,0,10,0
4,0,4,0
2,0,2,0
28,0,28,0
3,0,3,0
7,0,7,0
2,0,2,0
1,0,1,0
17,0,17,0
1,0,1,0
0,22,22,36
0,9,9,1
4,0,4,0
1,0,1,0
2,0,2,0
0,15,15,8
12,0,12,0
147,0,147,0
0,10,10,72
32,0,32,0
8,0,8,0
1,0,1,0
11,0,11,0
0,2,2,27
0,106,106,16
3,0,3,0
1,0,1,0
2,0,2,0
1,0,1,0
31,0,31,0
0,32,32,7
1,0,1,0
0,20,20,13
6,0,6,0
0,66,66,30
13,0,13,0
0,2,2,80
3,0,3,0
0,18,18,16
0,1,1,5
7,0,7,0
1,0,1,0
1,0,1,0
78,0,78,0
0,1,1,47
2,0,2,0
0,9,9,7
1,0,1,0
1,0,1,0
13,0,13,0
158,0,158,0
2,0,2,0
1,0,1,0
14,0,14,0
3,0,3,0
0,2,2,44
1,0,1,0
1,0,1,0
8,0,8,0
8,0,8,0
2,0,2,0
0,7,7,8
2,0,2,0
0,4,4,47
7,0,7,0
2,0,2,0
1,0,1,0
2,0,2,0
0,6,6,4
1,0,1,0
0,11,11,15
1,0,1,0
5,0,5,0
3,0,3,0
1,0,1,0
6,0,6,0
0,7,7,40
5,0,5,0
104,0,104,0
0,1,1,0
2,0,2,0
6,0,6,0
3,0,3,0
1,0,1,0
1,0,1,0
0,16,16,15
1,0,1,0
1,0,1,0
3,0,3,0
0,4,4,163
3,0,3,0
0,2,2,2
1,0,1,0
1,0,1,0
1,0,1,0
0,10,10,2
0,141,141,10
1,0,1,0
3,0,3,0
0,16,16,37
27,0,27,0
71,0,71,0
30,0,30,0
1,0,1,0
0,71,71,25
0,2,2,0
0,16,16,47
0,2,2,0
0,18,18,7
53,0,53,0
4,0,4,0
4,0,4,0
1,0,1,0
4,0,4,0
2,0,2,0
1,0,1,0
5,0,5,0
0,48,48,2
0,3,3,17
4,0,4,0
4,0,4,0
1,0,1,0
1,0,1,0
1,0,1,0
0,1,1,34
3,0,3,0
0,7,7,117
0,1,1,6
23,0,23,0
0,3,3,4
1,0,1,0
4,0,4,0
1,0,1,0
5,0,5,0
6,0,6,0
2,0,2,0
3,0,3,0
11,0,11,0
2,0,2,0
5,0,5,0
140,0,140,0
0,9,9,10
5,0,5,0
2,0,2,0
0,5,5,2
26,0,26,0
0,1,1,47
11,0,11,0
6,0,6,0
3,0,3,0
32,0,32,0
0,9,9,14
7,0,7,0
0,152,152,122
0,46,46,127
2,0,2,0
10,0,10,0
1,0,1,0
3,0,3,0
1,0,1,0
20,0,20,0
1,0,1,0
1,0,1,0
1,0,1,0
3,0,3,0
7,0,7,0
7,0,7,0
0,3,3,16
1,0,1,0
15,0,15,0
0,14,14,5
10,0,10,0
2,0,2,0
2,0,2,0
11,0,11,0
1,0,1,0
3,0,3,0
0,2,2,9
3,0,3,0
35,0,35,0
0,1,1,13
48,0,48,0
1,0,1,0
0,188,188,14
0,4,4,13
0,4,4,1
9,0,9,0
72,0,72,0
1,0,1,0
6,0,6,0
7,0,7,0
10,0,10,0
0,10,10,13
3,0,3,0
0,4,4,11
5,0,5,0
0,15,15,91
9,0,9,0
1,0,1,0
2,0,2,0
20,0,20,0
2,0,2,0
0,1,1,8
2,0,2,0
0,128,128,58
2,0,2,0
0,325,325,20
4,0,4,0
5,0,5,0
28,0,28,0
0,6,6,0
1,0,1,0
1,0,1,0
162,0,162,0
2,0,2,0
3,0,3,0
3,0,3,0
5,0,5,0
13,0,13,0
7,0,7,9
125,0,125,0
5,0,5,0
21,0,21,0
2,0,2,0
3,0,3,34
20,0,20,0
0,5,5,19
33,0,33,0
59,0,59,0
0,13,13,3
1,0,1,0
0,200,200,8
179,0,179,0
4,0,4,0
8,0,8,0
2,0,2,0
12,0,12,0
1,0,1,0
0,80,80,12
4,0,4,0
12,0,12,0
35,0,35,0
20,0,20,0
1,0,1,0
0,2,2,42
8,0,8,0
2,0,2,0
0,6,6,12
6,0,6,0
0,90,90,14
94,0,94,0
2,0,2,0
0,10,10,103
0,917,917,19
0,109,109,11
31,0,31,0
4,0,4,0
0,10,10,12
4,0,4,0
1,0,1,0
30,0,30,0
1,0,1,0
3,0,3,0
3,0,3,0
6,0,6,0
2,0,2,0
1,0,1,0
46,0,46,0
1,0,1,0
0,12,12,5
28,0,28,0
6,0,6,0
0,681,681,44
12,0,12,0
5,0,5,0
27,0,27,0
0,7,7,12
0,1,1,0
1,0,1,0
0,3,3,0
0,6,6,4
10,0,10,0
7,0,7,0
26,0,26,0
4,0,4,0
37,0,37,0
0,11,11,223
1,0,1,0
19,0,19,0
2,0,2,0
4,0,4,0
2,0,2,0
0,6,6,8
1,0,1,0
3,0,3,0
22,0,22,0
287,0,287,0
1,0,1,0
3,0,3,0
4,0,4,0
5,0,5,0
0,3,3,0
10,0,10,0
0,607,607,75
2,0,2,0
0,3,3,34
2,0,2,0
0,17,17,25
1,0,1,0
12,0,12,0
0,5,5,5
0,13,13,2
0,2,2,3
17,0,17,0
1,0,1,0
2,0,2,0
0,4,4,58
1,0,1,0
0,14,14,20
111,0,111,0
316,0,316,0
1,0,1,0
3,0,3,0
1,0,1,0
16,0,16,0
48,0,48,0
18,0,18,0
0,1,1,9
13,0,13,0
6,0,6,0
2,0,2,0
0,1,1,1
4,0,4,0
75,0,75,0
0,22,22,8
1,0,1,0
4,0,4,0
13,0,13,0
0,1,1,6
0,4,4,1
34,0,34,0
4,0,4,0
4,0,4,0
3,0,3,0
0,9,9,136
4,0,4,0
4,0,4,0
1,0,1,0
2,0,2,0
3,0,3,0
3,0,3,0
1,0,1,0
21,0,21,0
1,0,1,0
0,2,2,46
18,0,18,0
11,0,11,0
6,0,6,0
10,0,10,0
5,0,5,0
2,0,2,0
1,0,1,0
0,235,235,22
0,7,7,13
0,2,2,2
3,0,3,0
0,5,5,26
13,0,13,0
0,723,723,73
23,0,23,0
0,5,5,1
0,4,4,9
1,0,1,0
3,0,3,0
2,0,2,0
4,0,4,0
9,0,9,0
6,0,6,0
0,3,3,39
4,0,4,0
0,9,9,70
4,0,4,0
0,5,5,20
0,8,8,10
4,0,4,0
10,0,10,0
0,60,60,34
49,0,49,0
0,5,5,25
4,0,4,0
2,0,2,0
0,43,43,43
0,20,20,2
12,0,12,0
0,39,39,141
4,0,4,0
1,0,1,0
4,0,4,0
0,3,3,7
1,0,1,0
1,0,1,0
0,17,17,41
16,0,16,0
1,0,1,0
17,0,17,0
0,7,7,10
2,0,2,0
1,0,1,0
2,0,2,0
3,0,3,0
10,0,10,0
2,0,2,0
1,0,1,0
27,0,27,0
3,0,3,0
3,0,3,0
5,0,5,0
5,0,5,0
0,2,2,2
3,0,3,0
1,0,1,0
0,47,47,34
0,4,4,13
3,0,3,0
3,0,3,0
2,0,2,0
4,0,4,0
1,0,1,0
0,6,6,7
2,0,2,0
0,4,4,2
3,0,3,0
1,0,1,0
2,0,2,0
1,0,1,0
1,0,1,0
1,0,1,0
1,0,1,0
0,8,8,28
2,0,2,0
38,0,38,0
5,0,5,0
1,0,1,0
0,29,29,0
1,0,1,0
0,1,1,10
0,1,1,0
0,3,3,2
13,0,13,0
8,0,8,0
2,0,2,0
2,0,2,0
0,34,34,22
2,0,2,0
0,32,32,31
1,0,1,0
0,7,7,1
0,2,2,37
2,0,2,0
1,0,1,0
8,0,8,0
2,0,2,0
4,0,4,0
15,0,15,0
2,0,2,0
0,13,13,47
2,0,2,0
1,0,1,0
11,0,11,0
11,0,11,0
5,0,5,0
13,0,13,0
37,0,37,0
18,0,18,0
0,49,49,36
1,0,1,0
0,3,3,7
4,0,4,0
0,3,3,17
5,0,5,0
7,0,7,0
8,0,8,0
35,0,35,0
31,0,31,0
4,0,4,0
1,0,1,0
3,0,3,0
0,2,2,47
19,0,19,0
228,0,228,0
1,0,1,0
2,0,2,0
1,0,1,0
1,0,1,0
1,0,1,0
1,0,1,0
1,0,1,0
7,0,7,0
1,0,1,0
2,0,2,0
1,0,1,0
4,0,4,0
1,0,1,0
1,0,1,0
0,11,11,8
0,4,4,1
0,30,30,44
0,10,10,53
1,0,1,0
0,7,7,83
0,38,38,3
1,0,1,0
0,8,8,4
3,0,3,0
18,0,18,0
2,0,2,0
2,0,2,0
26,0,26,0
2,0,2,0
0,2,2,2
0,12,12,73
5,0,5,0
21,0,21,0
4,0,4,0
2,0,2,0
0,12,12,0
1,0,1,0
3,0,3,0
0,15,15,26
2,0,2,0
15,0,15,0
29,0,29,0
0,1,1,7
0,1,1,12
13,0,13,0
52,0,52,0
28,0,28,0
5,0,5,0
0,3,3,20
3,0,3,0
0,1,1,8
41,0,41,0
3,0,3,0
1,0,1,0
1,0,1,0
3,0,3,0
4,0,4,0
0,3,3,15
2,0,2,0
3,0,3,0
0,2,2,13
0,39,39,16
7,0,7,0
3,0,3,0
1,0,1,0
0,13,13,14
5,0,5,0
0,19,19,0
1,0,1,0
247,0,247,0
200,0,200,0
7,0,7,0
3,0,3,0
29,0,29,0
2,0,2,0
3,0,3,0
17,0,17,0
1,0,1,0
0,11,11,19
0,1,1,9
3,0,3,0
5,0,5,0
2,0,2,0
0,88,88,72
2,0,2,0
3,0,3,0
2,0,2,0
0,587,587,47
95,0,95,0
3,0,3,0
3,0,3,0
1,0,1,0
3,0,3,0
2,0,2,0
0,5,5,1
1,0,1,0
0,3,3,31
0,3,3,35
1,0,1,0
66,0,66,0
3,0,3,0
3,0,3,0
0,32,32,3
1,0,1,0
0,50,50,36
5,0,5,0
5,0,5,0
7,0,7,0
1,0,1,0
3,0,3,0
0,2,2,18
3,0,3,0
0,8,8,3
17,0,17,0
6,0,6,0
13,0,13,0
11,0,11,0
6,0,6,0
15,0,15,0
0,3,3,2
2,0,2,0
13,0,13,0
1,0,1,0
0,1,1,2
1,0,1,0
0,27,27,15
2,0,2,0
0,4,4,31
9,0,9,0
2,0,2,0
0,44,44,10
3,0,3,0
2,0,2,0
2,0,2,0
2,0,2,0
2,0,2,0
1,0,1,0
1,0,1,0
2,0,2,0
5,0,5,0
3,0,3,0
7,0,7,0
8,0,8,0
2,0,2,0
7,0,7,0
18,0,18,0
1,0,1,0
1,0,1,0
3,0,3,0
0,15,15,32
12,0,12,0
1,0,1,0
5,0,5,0
6,0,6,0
0,7,7,77
4,0,4,0
0,35,35,0
15,0,15,0
45,0,45,0
2,0,2,0
7,0,7,0
0,4,4,2
3,0,3,0
19,0,19,0
56,0,56,0
0,1,1,51
1,0,1,0
1,0,1,0
1,0,1,0
0,127,127,14
115,0,115,0
0,2,2,14
10,0,10,0
1,0,1,0
1,0,1,0
3,0,3,0
0,13,13,12
8,0,8,0
3,0,3,0
0,588,588,55
1,0,1,0
5,0,5,0
0,180,180,26
2,0,2,0
25,0,25,0
2,0,2,0
1,0,1,0
5,0,5,0
0,3,3,1
2,0,2,0
2,0,2,0
1,0,1,0
1,0,1,0
0,248,248,45
0,2,2,71
19,0,19,0
0,3,3,16
2,0,2,0
4,0,4,0
6,0,6,0
0,2,2,15
5,0,5,0
0,328,328,51
1,0,1,0
18,0,18,0
1,0,1,0
5,0,5,0
5,0,5,0
6,0,6,0
2,0,2,0
6,0,6,0
1,0,1,0
1,0,1,0
0,1,1,3
10,0,10,0
4,0,4,0
3,0,3,0
0,1,1,7
197,0,197,0
42,0,42,0
93,0,93,0
0,1,1,47
38,0,38,0
3,0,3,0
4,0,4,0
1,0,1,0
0,88,88,4
37,0,37,0
1,0,1,0
0,5,5,12
4,0,4,0
0,2,2,49
6,0,6,0
5,0,5,0
1,0,1,0
1,0,1,0
27,0,27,0
0,38,38,15
0,51,51,23
0,1,1,12
1,0,1,0
0,2,2,0
4,0,4,0
155,0,155,0
0,84,84,104
8,0,8,0
0,1,1,15
3,0,3,0
53,0,53,0
0,39,39,0
3,0,3,0
0,1,1,64
1,0,1,0
1,0,1,0
15,0,15,0
0,377,377,16
11,0,11,0
0,6,6,9
0,36,36,22
21,0,21,0
4,0,4,0
3,0,3,0
0,87,87,79
0,2,2,1
6,0,6,0
1,0,1,0
1,0,1,0
0,2,2,24
0,4,4,36
0,10,10,0
1,0,1,0
1,0,1,0
2,0,2,0
5,0,5,0
11,0,11,0
3,0,3,0
0,19,19,34
6,0,6,0
1,0,1,0
1,0,1,0
1,0,1,0
2,0,2,0
3,0,3,0
5,0,5,0
5,0,5,0
4,0,4,0
0,241,241,116
0,1,1,13
3,0,3,0
5,0,5,0
19,0,19,0
0,8,8,0
8,0,8,0
2,0,2,0
2,0,2,0
136,0,136,0
1,0,1,0
3,0,3,0
1,0,1,0
10,0,10,0
0,19,19,31
2,0,2,0
11,0,11,0
94,0,94,0
0,2,2,9
7,0,7,0
5,0,5,0
3,0,3,0
11,0,11,0
68,0,68,0
2,0,2,0
6,0,6,0
966,0,966,0
0,2,2,19
3,0,3,0
31,0,31,0
0,1,1,21
3,0,3,0
6,0,6,0
3,0,3,0
0,73,73,7
0,3,3,0
2,0,2,0
3,0,3,0
2,0,2,0
6,0,6,0
5,0,5,0
18,0,18,0
105,0,105,0
4,0,4,0
0,37,37,14
102,0,102,0
0,106,106,58
54,0,54,0
2,0,2,0
10,0,10,0
3,0,3,0
0,6,6,16
4,0,4,0
0,5,5,25
1,0,1,0
0,274,274,31
0,2,2,4
0,2,2,74
4,0,4,0
82,0,82,0
1,0,1,0
4,0,4,0
0,118,118,29
2,0,2,0
2,0,2,0
0,3,3,54
4,0,4,0
0,5,5,7
5,0,5,0
3,0,3,0
0,66,66,24
6,0,6,0
1,0,1,0
0,531,531,18
210,0,210,0
1,0,1,0
2,0,2,0
2,0,2,0
1,0,1,0
0,68,68,0
1,0,1,0
10,0,10,0
0,610,610,163
0,6,6,34
3,0,3,0
2,0,2,0
0,615,615,6
204,0,204,0
39,0,39,0
2,0,2,0
0,5,5,20
0,7,7,124
1,0,1,0
3,0,3,0
4,0,4,0
1,0,1,0
5,0,5,0
354,0,354,0
1,0,1,0
34,0,34,0
11,0,11,0
1,0,1,0
3,0,3,0
4,0,4,0
5,0,5,0
176,0,176,0
0,3,3,11
10,0,10,0
2,0,2,0
4,0,4,0
2,0,2,0
2,0,2,0
0,1,1,30
4,0,4,0
4,0,4,0
8,0,8,0
0,4,4,48
1,0,1,0
1,0,1,0
0,1,1,28
1,0,1,0
9,0,9,0
0,5,5,18
1,0,1,0
19,0,19,0
0,6,6,55
12,0,12,0
1,0,1,0
45,0,45,0
1,0,1,0
3,0,3,0
2,0,2,0
2,0,2,0
19,0,19,0
1,0,1,0
1,0,1,0
0,3,3,15
2,0,2,0
1,0,1,0
1,0,1,0
22,0,22,0
1,0,1,0
1,0,1,0
0,62,62,28
28,0,28,0
2,0,2,0
1,0,1,0
0,123,123,47
2,0,2,0
2,0,2,0
10,0,10,0
1,0,1,0
2,0,2,0
1,0,1,0
0,22,22,0
0,14,14,145
6,0,6,0
237,0,237,0
6,0,6,0
19,0,19,0
0,4,4,0
117,0,117,0
1,0,1,0
5,0,5,0
6,0,6,0
2,0,2,0
0,17,17,2
1,0,1,0
0,22,22,12
8,0,8,0
0,1,1,1
1,0,1,0
4,0,4,0
5,0,5,0
0,4,4,0
2,0,2,0
5,0,5,0
0,17,17,19
4,0,4,0
0,181,181,28
20,0,20,0
0,23,23,32
0,4,4,25
0,8,8,1
6,0,6,0
13,0,13,0
0,380,380,24
10,0,10,0
1,0,1,0
24,0,24,0
1,0,1,0
1,0,1,0
3,0,3,0
2,0,2,0
2,0,2,0
2,0,2,0
1,0,1,0
3,0,3,0
0,83,83,51
52,0,52,0
1,0,1,0
1,0,1,0
7,0,7,0
1,0,1,0
1,0,1,0
0,54,54,17
1,0,1,0
1,0,1,0
1,0,1,0
1,0,1,0
3,0,3,0
12,0,12,0
1,0,1,0
6,0,6,0
0,7,7,1
1,0,1,0
0,8,8,0
0,5,5,24
0,60,60,76
3,0,3,0
0,1,1,44
3,0,3,0
0,145,145,30
1,0,1,0
14,0,14,0
1,0,1,0
13,0,13,0
4,0,4,0
0,31,31,2
1,0,1,0
2,0,2,0
6,0,6,0
3,0,3,0
0,15,15,12
1,0,1,0
6,0,6,0
11,0,11,0
0,4,4,6
1,0,1,0
1,0,1,0
46,0,46,0
0,30,30,22
5,0,5,0
0,5,5,26
2,0,2,0
17,0,17,0
0,27,27,12
5,0,5,0
0,15,15,9
3,0,3,0
49,0,49,0
17,0,17,0
5,0,5,0
0,5,5,0
0,8,8,12
8,0,8,0
0,1,1,0
1,0,1,0
203,0,203,0
46,0,46,0
6,0,6,0
0,2,2,36
0,661,661,20
2,0,2,0
0,3,3,0
0,1,1,3
2,0,2,0
643,0,643,0
7,0,7,0
0,3,3,16
0,7,7,17
0,11,11,5
0,12,12,0
5,0,5,0
61,0,61,0
0,59,59,16
37,0,37,0
26,0,26,0
5,0,5,0
0,1,1,80
0,18,18,55
70,0,70,0
0,2,2,5
1,0,1,0
0,26,26,17
30,0,30,0
10,0,10,0
1,0,1,0
10,0,10,0
5,0,5,0
52,0,52,0
1,0,1,0
3,0,3,0
5,0,5,0
0,4,4,4
0,1,1,33
2,0,2,0
1,0,1,0
0,7,7,7
0,11,11,1
2,0,2,0
12,0,12,0
7,0,7,0
2,0,2,0
19,0,19,0
0,1,1,52
5,0,5,0
1,0,1,0
5,0,5,0
6,0,6,0
0,27,27,12
6,0,6,0
1,0,1,0
0,13,13,69
8,0,8,0
0,2,2,61
7,0,7,0
0,66,66,47
7,0,7,0
0,1,1,56
2,0,2,0
7,0,7,0
3,0,3,0
6,0,6,0
41,0,41,0
9,0,9,0
3,0,3,0
0,13,13,36
1,0,1,0
28,0,28,0
3,0,3,0
7,0,7,0
10,0,10,0
1,0,1,0
6,0,6,0
5,0,5,0
34,0,34,0
23,0,23,0
0,1,1,2
1,0,1,0
1,0,1,0
3,0,3,0
2,0,2,0
1,0,1,0
0,22,22,46
1,0,1,0
3,0,3,0
0,24,24,79
19,0,19,0
19,0,19,0
1,0,1,0
5,0,5,0
0,9,9,48
5,0,5,0
1,0,1,0
0,1699,1699,8
9,0,9,0
4,0,4,0
2,0,2,0
2,0,2,0
6,0,6,0
4,0,4,0
48,0,48,0
5,0,5,0
3,0,3,0
6,0,6,0
0,481,481,108
334,0,334,0
0,2,2,6
2,0,2,0
5,0,5,0
5,0,5,0
0,55,55,3
3,0,3,0
1,0,1,0
2,0,2,0
1,0,1,0
5,0,5,0
96,0,96,0
1,0,1,0
1,0,1,0
3,0,3,0
8,0,8,0
1,0,1,0
42,0,42,0
2,0,2,0
6,0,6,0
2,0,2,0
1,0,1,0
14,0,14,0
2,0,2,0
0,11,11,14
0,15,15,29
1,0,1,0
3,0,3,0
0,45,45,78
0,2,2,8
40,0,40,0
5,0,5,0
0,73,73,30
9,0,9,0
3,0,3,0
0,1,1,0
9,0,9,0
2,0,2,0
0,114,114,2
4,0,4,0
3,0,3,0
5,0,5,0
3,0,3,0
5,0,5,0
4,0,4,0
2,0,2,0
0,3,3,1
6,0,6,0
4,0,4,0
1,0,1,0
0,1,1,6
6,0,6,0
0,1,1,28
33,0,33,0
8,0,8,0
4,0,4,0
2,0,2,0
4,0,4,0
1,0,1,0
4,0,4,0
103,0,103,0
4,0,4,0
11,0,11,0
0,9,9,16
5,0,5,0
1,0,1,0
0,69,69,13
0,1,1,7
1,0,1,0
1,0,1,0
0,2,2,10
0,383,383,33
0,21,21,47
2,0,2,0
2,0,2,0
0,387,387,108
0,3,3,6
1,0,1,0
2,0,2,0
0,1,1,11
0,53,53,19
2,0,2,0
5,0,5,0
1,0,1,0
46,0,46,0
6,0,6,0
1,0,1,0
5,0,5,0
0,159,159,13
1,0,1,0
6,0,6,0
7,0,7,0
34,0,34,0
0,2,2,76
3,0,3,0
5,0,5,0
1,0,1,0
201,0,201,0
2,0,2,0
0,101,101,14
1,0,1,0
0,1,1,29
3,0,3,0
17,0,17,0
2,0,2,0
2,0,2,0
0,8,8,0
35,0,35,0
1,0,1,0
6,0,6,0
1,0,1,0
0,10,10,7
0,10,10,2
1,0,1,0
0,307,307,16
3,0,3,0
0,30,30,17
27,0,27,0
0,13,13,8
1,0,1,0
1,0,1,0
50,0,50,0
2,0,2,0
11,0,11,0
2,0,2,0
0,14,14,4
2,0,2,0
1,0,1,0
0,5,5,17
0,2,2,20
1,0,1,0
2,0,2,0
25,0,25,0
1,0,1,0
0,58,58,0
4,0,4,0
4,0,4,0
1,0,1,0
1,0,1,0
0,4,4,7
3,0,3,0
0,14,14,53
11,0,11,0
1,0,1,0
12,0,12,0
2,0,2,0
0,1,1,1
1,0,1,0
7,0,7,0
17,0,17,0
5,0,5,0
1,0,1,0
4,0,4,0
1,0,1,0
14,0,14,0
2,0,2,0
2,0,2,0
15,0,15,0
4,0,4,0
1,0,1,0
5,0,5,0
1,0,1,0
4,0,4,0
2,0,2,0
1,0,1,0
4,0,4,0
0,3,3,33
1,0,1,0
0,7,7,15
1,0,1,0
1,0,1,0
1,0,1,0
0,5,5,2
19,0,19,0
0,29,29,21
2,0,2,0
8,0,8,0
1,0,1,0
2,0,2,0
3,0,3,0
14,0,14,0
0,24,24,23
10,0,10,0
1,0,1,0
3,0,3,0
1,0,1,0
0,1,1,4
61,0,61,0
3,0,3,0
1,0,1,0
30,0,30,0
6,0,6,0
11,0,11,0
8,0,8,0
0,11,11,41
3,0,3,0
2,0,2,0
1,0,1,0
7,0,7,0
1,0,1,0
1,0,1,0
15,0,15,0
3,0,3,0
8,0,8,0
1,0,1,0
1,0,1,0
0,20,20,38
0,3,3,20
1,0,1,0
2,0,2,0
0,5,5,13
0,11,11,12
0,20,20,11
490,0,490,0
17,0,17,0
2,0,2,0
8,0,8,0
4,0,4,0
25,0,25,0
3,0,3,0
0,1,1,1
2,0,2,0
0,4,4,60
6,0,6,0
1,0,1,0
0,13,13,9
8,0,8,0
1,0,1,0
17,0,17,0
0,36,36,6
0,2,2,23
16,0,16,0
26,0,26,0
0,2,2,0
0,2,2,15
1,0,1,0
0,24,24,22
1,0,1,0
4,0,4,0
1,0,1,0
0,14,14,35
3,0,3,0
2,0,2,0
9,0,9,0
0,1,1,51
6,0,6,0
4,0,4,0
1,0,1,0
0,1,1,6
9,0,9,0
18,0,18,0
1,0,1,0
1,0,1,0
1,0,1,0
70,0,70,0
0,2,2,4
2,0,2,0
1,0,1,0
3,0,3,0
1,0,1,0
8,0,8,0
1,0,1,0
1,0,1,0
0,7,7,3
98,0,98,0
0,102,102,42
3,0,3,0
0,5,5,4
0,8,8,13
4,0,4,0
0,70,70,24
2,0,2,0
4,0,4,0
0,32,32,16
7,0,7,0
2,0,2,0
0,1,1,2
3,0,3,0
3,0,3,0
0,1,1,18
5,0,5,0
52,0,52,0
1,0,1,0
0,9,9,17
0,1,1,23
0,2,2,1
1,0,1,0
10,0,10,0
1,0,1,0
2,0,2,0
2,0,2,0
257,0,257,0
56,0,56,0
0,2,2,46
1,0,1,0
3,0,3,0
0,8,8,36
2,0,2,0
0,16,16,1
0,256,256,116
37,0,37,0
1,0,1,0
5,0,5,0
0,100,100,6
61,0,61,0
1,0,1,0
13,0,13,0
2,0,2,0
0,49,49,59
11,0,11,0
6,0,6,0
3,0,3,0
1,0,1,0
1,0,1,0
0,1,1,9
0,63,63,22
3,0,3,0
26,0,26,0
0,2,2,43
2,0,2,0
0,7,7,13
7,0,7,0
0,17,17,15
0,81,81,22
22,0,22,0
0,205,205,3
202,0,202,0
0,29,29,13
1,0,1,16
17,0,17,0
0,23,23,38
10,0,10,0
0,2,2,11
0,23,23,36
4,0,4,0
1,0,1,0
2,0,2,0
3,0,3,0
2,0,2,0
2,0,2,0
2,0,2,0
0,8,8,3
4,0,4,0
15,0,15,0
14,0,14,0
1,0,1,0
12,0,12,0
1,0,1,0
2,0,2,0
0,29,29,0
0,92,92,71
1,0,1,0
0,9,9,15
0,25,25,18
1,0,1,0
0,1,1,16
3,0,3,0
1,0,1,0
0,4,4,15
0,11,11,3
15,0,15,0
4,0,4,0
2,31,33,52
1,0,1,0
9,0,9,0
0,12,12,54
170,0,170,0
1,0,1,0
3,0,3,0
1,0,1,0
184,0,184,0
12,0,12,0
1,0,1,0
2,0,2,0
0,87,87,96
2,0,2,0
1,0,1,0
0,271,271,21
10,0,10,0
57,0,57,0
11,0,11,0
72,0,72,0
0,168,168,42
1,0,1,0
0,27,27,0
2,0,2,0
0,11,11,21
3,0,3,0
0,53,53,9
15,0,15,0
0,1,1,0
3,0,3,0
0,15,15,4
0,16,16,9
3,0,3,0
3,0,3,0
37,0,37,0
2,0,2,0
8,0,8,0
2,0,2,0
3,0,3,0
1,0,1,0
1,0,1,0
2,0,2,0
4,0,4,0
3,0,3,0
3,0,3,0
5,0,5,0
424,0,424,0
0,146,146,41
2,0,2,0
65,0,65,0
0,1,1,24
20,0,20,0
3,0,3,0
2,0,2,0
2,0,2,0
2,0,2,0
1,0,1,0
1,0,1,0
39,0,39,0
0,35,35,22
37,0,37,0
0,21,21,51
6,0,6,0
8,0,8,0
0,22,22,27
2,0,2,0
67,0,67,0
32,0,32,0
7,0,7,0
0,4,4,47
84,0,84,0
53,0,53,0
1,0,1,0
4,0,4,0
0,37,37,62
0,76,76,70
0,15,15,37
1,0,1,0
12,0,12,0
3,0,3,0
0,13,13,19
3,0,3,0
2,0,2,0
0,22,22,38
12,0,12,0
13,0,13,0
1,0,1,0
1,0,1,0
0,7,7,34
14,0,14,0
5,0,5,0
0,379,379,1
8,0,8,0
0,2,2,16
3,0,3,0
2,0,2,0
1,0,1,0
27,0,27,0
4,0,4,0
2,0,2,0
0,62,62,62
10,0,10,0
8,0,8,0
53,0,53,0
2,0,2,0
0,57,57,17
3,0,3,0
0,4,4,83
1,0,1,0
1,0,1,0
0,170,170,6
6,0,6,0
6,0,6,0
2,0,2,0
1,0,1,0
3,0,3,0
99,0,99,0
4,0,4,0
3,0,3,0
1,0,1,0
2,0,2,0
0,6,6,1
3,0,3,0
3,0,3,0
45,0,45,0
1,0,1,0
2,0,2,0
4,0,4,0
1,0,1,0
1,0,1,0
8,0,8,0
0,1,1,0
0,1,1,1
37,0,37,0
0,15,15,43
86,0,86,0
0,1,1,28
0,12,12,53
0,3,3,20
7,0,7,0
7,0,7,0
4,0,4,0
1,0,1,0
4,0,4,0
0,455,455,40
45,0,45,0
0,10,10,14
10,0,10,0
0,22,22,1
3,0,3,0
4,0,4,0
12,0,12,0
39,0,39,0
5,0,5,0
11,0,11,0
5,0,5,0
3,0,3,0
5,0,5,0
0,141,141,35
0,149,149,20
81,0,81,0
1,0,1,0
0,14,14,17
1,0,1,0
1,0,1,0
63,0,63,0
0,2,2,3
0,2,2,42
1,0,1,0
5,0,5,0
0,10,10,36
14,0,14,0
1,0,1,0
0,6,6,33
1,0,1,0
0,28,28,17
2,0,2,0
0,1,1,78
5,0,5,0
0,82,82,0
0,7,7,0
55,0,55,0
6,0,6,0
0,9,9,25
3,0,3,0
34,0,34,0
0,2,2,6
69,0,69,0
1,0,1,0
0,6,6,7
1,0,1,0
0,164,164,23
0,121,121,42
4,0,4,0
6,0,6,0
10,0,10,0
4,0,4,0
1,0,1,0
1,0,1,0
0,11,11,52
0,11,11,1
2,0,2,0
0,1,1,0
3,0,3,0
0,214,214,9
0,60,60,15
0,3,3,27
8,0,8,0
0,9,9,39
0,1,1,4
0,5,5,40
1,0,1,0
0,4,4,7
2,0,2,0
1,0,1,0
2,0,2,0
3,0,3,0
1,0,1,0
0,15,15,11
7,0,7,0
0,2,2,12
0,2,2,2
15,0,15,0
1,0,1,0
3,0,3,0
5,0,5,0
0,135,135,8
4,0,4,0
41,0,41,0
1,0,1,0
0,40,40,15
7,0,7,0
9,0,9,0
0,2,2,42
0,51,51,14
0,5,5,9
12,0,12,0
48,0,48,0
2,0,2,0
0,8,8,5
0,7,7,19
2,0,2,0
0,14,14,2
7,0,7,0
0,6,6,31
18,0,18,0
0,1,1,4
1,0,1,0
9,0,9,0
12,0,12,0
4,0,4,0
1,0,1,0
3,0,3,0
2,0,2,0
0,5,5,4
7,0,7,0
0,14,14,29
3,0,3,0
11,0,11,0
2,0,2,0
3,0,3,0
0,2,2,33
20,0,20,0
2,0,2,0
1,0,1,0
0,42,42,50
1,0,1,0
81,0,81,0
5,0,5,0
7,0,7,0
3,0,3,0
4,0,4,0
10,0,10,0
0,7,7,2
2,0,2,0
2,0,2,0
5,0,5,0
1,0,1,0
27,0,27,0
11,0,11,0
5,0,5,0
0,1,1,8
4,0,4,0
22,0,22,0
1,0,1,0
3,0,3,0
11,0,11,0
4,0,4,0
1,0,1,0
4,0,4,0
135,0,135,0
0,166,166,1
1,0,1,0
4,0,4,0
0,35,35,37
2,0,2,0
0,3,3,0
3,0,3,0
29,0,29,0
5,0,5,0
2,0,2,0
7,0,7,0
1,0,1,0
2,0,2,0
10,0,10,0
1,0,1,0
0,1,1,2
41,0,41,0
12,0,12,0
0,9,9,3
1,0,1,0
2,0,2,0
0,36,36,1
3,0,3,0
2,0,2,0
3,0,3,0
4,0,4,0
4,0,4,0
31,0,31,0
4,0,4,0
0,119,119,232
37,0,37,0
0,8,8,9
2,0,2,0
0,20,20,1
10,0,10,0
0,3,3,16
0,24,24,8
1,0,1,0
1,0,1,0
1,0,1,0
25,0,25,0
146,0,146,0
0,1,1,35
0,4,4,70
7,0,7,0
0,4,4,18
7,0,7,0
1,0,1,0
0,6,6,26
0,510,510,77
1,0,1,0
1,0,1,0
1,0,1,0
7,0,7,0
0,101,101,22
0,4,4,1
15,0,15,0
6,0,6,0
1,0,1,0
2,0,2,0
2,0,2,0
6,0,6,0
1,0,1,0
3,0,3,0
1,0,1,0
0,2,2,1
7,0,7,0
2,0,2,0
0,92,92,6
324,0,324,0
2,0,2,0
0,2,2,2
9,0,9,0
17,0,17,0
107,0,107,0
5,0,5,0
2,37,39,30
0,165,165,35
6,0,6,0
0,100,100,24
10,0,10,0
1,0,1,0
4,0,4,0
2,0,2,0
8,0,8,0
0,2,2,10
0,12,12,8
1,0,1,0
0,59,59,32
0,5,5,87
1,0,1,0
2,0,2,0
9,0,9,0
2,0,2,0
0,10,10,1
2,0,2,0
1,0,1,0
1,0,1,0
0,4,4,44
81,0,81,0
1,0,1,0
2,0,2,0
1,0,1,0
0,2,2,36
0,113,113,57
0,7,7,40
0,7,7,1
0,65,65,13
11,0,11,0
0,1,1,77
3,0,3,0
1,0,1,0
1,0,1,0
6,0,6,0
1,0,1,0
7,0,7,0
0,12,12,14
4,0,4,0
0,3,3,24
0,2,2,0
8,0,8,0
0,7,7,18
4,0,4,0
0,46,46,2
2,0,2,0
3,0,3,0
4,0,4,0
0,4,4,5
6,0,6,0
0,5,5,56
3,0,3,0
14,0,14,0
2,0,2,0
166,0,166,0
2,0,2,0
3,0,3,0
0,2,2,13
0,3,3,16
1,0,1,0
11,0,11,0
0,33,33,36
7,0,7,0
17,0,17,0
4,0,4,0
55,0,55,0
0,1,1,25
2,0,2,0
0,1,1,8
43,0,43,0
0,20,20,0
9,0,9,0
0,37,37,8
6,0,6,0
1,0,1,0
0,49,49,35
2,0,2,0
2,0,2,0
170,0,170,0
0,1928,1928,9
219,0,219,0
0,7,7,11
1,0,1,0
27,0,27,0
3,0,3,0
42,0,42,0
1,0,1,0
0,5,5,9
6,0,6,0
8,0,8,0
2,0,2,0
7,0,7,0
2,0,2,0
0,9,9,39
13,0,13,0
0,31,31,7
1,0,1,0
11,0,11,0
1,0,1,0
2,0,2,0
2,0,2,0
0,5,5,6
5,0,5,0
1,0,1,0
1,0,1,0
1,0,1,0
2,0,2,0
2,0,2,0
0,3,3,2
0,16,16,4
83,0,83,0
8,0,8,0
0,2,2,20
12,0,12,0
3,0,3,0
4,0,4,0
1,0,1,0
2,0,2,0
0,28,28,28
1,0,1,0
5,0,5,0
3,0,3,0
2,0,2,0
3,0,3,0
2,0,2,0
0,3,3,0
10,0,10,0
8,0,8,0
37,0,37,0
0,4,4,36
3,0,3,0
1,0,1,0
0,2,2,0
5,0,5,0
0,8,8,55
3,0,3,0
3,0,3,0
4,0,4,0
0,27,27,135
2,0,2,0
4,0,4,0
2,0,2,0
3,0,3,0
1,0,1,0
0,39,39,32
13,0,13,0
0,11,11,58
13,0,13,0
48,0,48,0
1,0,1,0
1,0,1,0
1,0,1,0
18,0,18,0
8,0,8,0
1,0,1,0
3,0,3,0
1,0,1,0
1,0,1,0
3,0,3,0
1,0,1,0
0,1,1,19
9,0,9,0
5,0,5,0
1,0,1,0
0,2,2,24
1,0,1,0
2,0,2,0
0,1,1,5
3,0,3,0
1,0,1,0
0,24,24,9
5,0,5,0
1,0,1,0
1,0,1,0
53,0,53,0
242,0,242,0
0,3,3,18
2,0,2,0
0,54,54,132
11,0,11,0
2,0,2,0
1,0,1,0
10,0,10,0
0,356,356,119
1,0,1,0
5,0,5,0
2,0,2,0
13,0,13,0
7,0,7,0
0,1,1,3
3,0,3,0
0,2,2,0
3,0,3,0
2,0,2,0
46,0,46,0
0,3,3,20
2,0,2,0
1,0,1,0
23,0,23,0
2,0,2,0
5,0,5,0
1,0,1,0
8,0,8,0
4,0,4,0
4,0,4,0
0,5,5,27
0,2,2,18
2,0,2,0
4,0,4,0
2,0,2,0
1,0,1,0
1,0,1,0
0,9,9,20
0,4,4,38
5,0,5,0
1171,0,1171,0
4,0,4,0
0,4,4,15
40,0,40,0
13,0,13,0
3,0,3,0
0,36,36,2
12,0,12,0
11,0,11,0
6,0,6,0
15,0,15,0
1,0,1,0
2,0,2,0
18,0,18,0
2,0,2,0
1,0,1,0
2,0,2,0
2,0,2,0
2,0,2,0
1,0,1,0
34,0,34,0
30,0,30,0
1,0,1,0
1,0,1,0
1,0,1,0
3,0,3,0
6,0,6,0
0,74,74,0
2,0,2,0
1,0,1,0
0,123,123,38
6,0,6,0
1,0,1,0
1,0,1,0
1,0,1,0
45,0,45,0
0,48,48,32
1,0,1,0
1,0,1,0
91,0,91,0
1,0,1,0
12,0,12,0
1,0,1,0
0,76,76,20
2,0,2,0
1,0,1,0
1,0,1,0
19,0,19,0
89,0,89,0
0,1,1,1
47,0,47,0
0,9,9,0
0,19,19,22
4,0,4,0
0,38,38,5
13,0,13,0
0,1,1,2
6,0,6,0
0,21,21,19
2,0,2,0
0,4,4,2
1,0,1,0
0,4,4,1
1,0,1,0
1,0,1,0
10,0,10,0
0,105,105,14
8,0,8,0
6,0,6,0
0,6,6,81
40,0,40,0
6,0,6,0
32,0,32,0
29,0,29,0
3,0,3,0
3,0,3,0
0,34,34,134
0,9,9,28
18,0,18,0
7,0,7,0
4,0,4,0
4,0,4,0
4,0,4,0
1,0,1,0
0,475,475,46
2,0,2,0
1,0,1,0
4,0,4,0
0,2,2,6
1,0,1,0
0,7,7,20
2,0,2,0
0,12,12,4
3,0,3,0
0,6,6,46
5,0,5,0
0,7,7,4
9,0,9,0
14,0,14,0
1,0,1,0
23,0,23,0
13,0,13,0
2,0,2,0
3,0,3,0
1,0,1,0
3,0,3,0
1,0,1,0
3,0,3,0
27,0,27,0
1,0,1,0
1,0,1,0
1,0,1,0
1,0,1,0
2,0,2,0
44,0,44,0
1,0,1,0
1,0,1,0
5,0,5,0
0,31,31,37
0,43,43,3
2,0,2,0
22,0,22,0
7,0,7,0
6,0,6,0
26,0,26,0
6,0,6,0
2,0,2,0
1,0,1,0
12,0,12,0
5,0,5,0
6,0,6,0
4,0,4,0
0,38,38,8
2,0,2,0
12,0,12,0
0,2,2,6
16,0,16,0
1,0,1,0
201,0,201,0
0,4,4,14
1,0,1,0
10,0,10,0
3,0,3,0
1,0,1,0
40,0,40,0
2,0,2,0
1,0,1,0
3,0,3,0
0,138,138,29
99,0,99,0
0,90,90,6
11,0,11,0
19,0,19,0
2,0,2,0
2,0,2,0
1,0,1,0
116,0,116,0
0,205,205,14
8,0,8,0
0,205,205,7
20,0,20,0
1,0,1,0
2,0,2,0
10,0,10,0
0,3,3,32
9,0,9,0
0,4,4,3
5,0,5,0
8,0,8,0
2,0,2,0
11,0,11,0
1,0,1,0
3,0,3,0
12,0,12,0
2,0,2,0
0,1,1,27
0,7,7,123
3,0,3,0
7,0,7,0
1,0,1,0
12,0,12,0
3,0,3,0
3,0,3,0
0,9,9,36
7,0,7,0
0,2,2,53
5,0,5,0
0,6,6,5
548,0,548,0
3,0,3,0
1,0,1,0
0,261,261,31
6,0,6,0
7,0,7,0
2,0,2,0
4,0,4,0
1,0,1,0
2,0,2,0
4,0,4,0
7,0,7,0
9,0,9,0
0,9,9,0
17,0,17,0
0,150,150,30
153,0,153,0
0,1,1,1
3,0,3,0
1,0,1,0
4,0,4,0
5,0,5,0
0,36,36,0
2,0,2,0
1,0,1,0
0,25,25,9
5,0,5,0
16,0,16,0
9,0,9,0
3,0,3,0
3,0,3,0
8,0,8,0
2,0,2,0
4,0,4,0
30,0,30,0
0,6,6,50
1,0,1,0
3,0,3,0
7,0,7,0
22,0,22,0
0,17,17,1
0,57,57,7
11,0,11,0
5,0,5,0
0,20,20,14
2,0,2,0
3,0,3,0
1,0,1,0
0,7,7,7
2,0,2,0
7,0,7,0
0,17,17,55
0,4,4,7
8,0,8,0
14,0,14,0
16,0,16,0
0,3,3,17
5,0,5,0
13,0,13,0
2,0,2,0
6,0,6,0
0,2,2,73
0,2,2,4
0,1,1,10
0,2,2,29
8,0,8,0
0,3,3,0
0,69,69,99
8,0,8,0
7,0,7,0
1,0,1,0
11,0,11,0
56,0,56,0
1,0,1,0
4,0,4,0
0,7,7,8
1,0,1,0
0,2,2,41
4,0,4,0
0,4,4,22
2,0,2,0
1,0,1,0
0,1,1,1
16,0,16,0
10,0,10,0
6,0,6,0
89,0,89,0
7,0,7,0
5,0,5,0
1,0,1,0
1,0,1,0
2,0,2,0
0,4,4,9
6,0,6,0
3,0,3,0
0,295,295,44
0,3,3,0
314,0,314,0
2,0,2,0
0,1,1,15
32,0,32,0
4,0,4,0
25,0,25,0
1,0,1,0
24,0,24,0
1,0,1,0
0,10,10,18
41,0,41,0
0,70,70,126
1,0,1,0
2,0,2,0
5,0,5,0
3,0,3,0
46,0,46,0
0,5,5,19
175,0,175,0
1,0,1,0
2,0,2,0
17,0,17,0
5,0,5,0
0,2,2,16
2,0,2,0
1,0,1,0
7,0,7,0
1,0,1,0
5,0,5,0
1,0,1,0
3,0,3,0
0,5,5,6
1,0,1,0
0,2,2,0
0,1,1,16
0,2,2,51
2,0,2,0
0,90,90,4
14,0,14,0
0,4,4,48
11,0,11,0
13,0,13,0
0,1,1,0
1,0,1,0
0,18,18,7
1,0,1,0
0,8,8,17
56,0,56,0
2,0,2,0
0,17,17,67
22,0,22,0
0,21,21,7
3,0,3,0
120,0,120,0
8,0,8,0
0,9,9,4
4,0,4,0
13,0,13,0
53,0,53,0
5,0,5,0
10,0,10,0
0,88,88,8
2,0,2,0
3,0,3,0
0,1,1,12
1,0,1,0
20,0,20,0
0,11,11,0
17,0,17,0
0,6,6,4
2,0,2,0
1,0,1,0
1,0,1,0
3,0,3,0
3,0,3,0
15,0,15,0
0,47,47,14
15,0,15,0
1,0,1,0
5,0,5,0
5,0,5,0
10,0,10,0
0,72,72,29
8,0,8,0
0,46,46,16
1,0,1,0
13,0,13,0
0,360,360,1
4,0,4,0
6,0,6,0
2,0,2,0
0,19,19,21
8,0,8,0
0,45,45,57
17,0,17,0
0,7,7,4
8,0,8,0
2,0,2,0
1,0,1,0
1,0,1,0
15,0,15,0
339,0,339,0
0,22,22,14
0,4,4,11
3,0,3,0
1,0,1,0
2,0,2,0
1,0,1,0
13,0,13,0
1,0,1,0
4,0,4,0
41,0,41,0
11,0,11,0
0,1,1,64
1,0,1,0
5,0,5,0
1,0,1,0
0,65,65,84
0,1,1,4
55,0,55,0
2,0,2,0
2,0,2,0
35,0,35,0
3,0,3,0
1,0,1,0
1,0,1,0
7,0,7,0
8,0,8,0
5,0,5,0
1,0,1,0
0,45,45,12
5,0,5,0
1,0,1,0
1,0,1,0
3,0,3,0
0,1,1,3
5,0,5,0
0,253,253,23
0,18,18,20
1,0,1,0
5,0,5,0
0,21,21,3
8,0,8,0
1,0,1,0
3,0,3,0
3,0,3,0
18,0,18,0
3,0,3,0
1,0,1,0
16,0,16,0
2,0,2,0
3,0,3,0
8,0,8,0
1,0,1,0
167,0,167,0
1,0,1,0
0,1,1,16
0,26,26,60
93,0,93,0
23,0,23,0
6,0,6,0
29,0,29,0
50,0,50,0
3,0,3,0
5,0,5,0
42,0,42,0
1,0,1,0
18,0,18,0
4,0,4,0
1,0,1,0
5,0,5,0
30,0,30,0
1,0,1,0
1,0,1,0
5,0,5,0
8,0,8,0
0,2,2,13
14,0,14,0
3,0,3,0
0,255,255,1
272,0,272,0
6,0,6,0
7,0,7,0
2,0,2,0
7,0,7,0
0,8,8,4
1,0,1,0
0,5,5,8
4,0,4,0
3,0,3,0
1,0,1,0
8,0,8,0
0,6,6,0
3,0,3,0
1,0,1,0
0,4,4,1
1,0,1,0
1,0,1,0
3,0,3,0
3,0,3,0
3,0,3,0
5,0,5,0
0,108,108,5
10,0,10,0
4,0,4,0
0,58,58,32
12,0,12,0
0,3,3,25
1,0,1,0
7,0,7,0
1,0,1,0
0,36,36,52
2,0,2,0
0,4,4,22
0,13,13,25
12,0,12,0
32,0,32,0
0,173,173,23
1,0,1,0
0,38,38,90
1,0,1,0
6,0,6,0
5,0,5,0
0,74,74,51
1,0,1,0
0,4,4,3
2,0,2,0
1,0,1,0
13,0,13,0
1,0,1,0
1,0,1,0
39,0,39,0
7,0,7,0
4,0,4,0
2,0,2,0
13,0,13,0
58,0,58,0
0,180,180,40
2,0,2,0
0,38,38,12
0,29,29,19
14,0,14,0
3,0,3,0
0,20,20,8
0,3,3,0
2,0,2,0
1,0,1,0
9,0,9,0
1,0,1,0
2,0,2,0
0,83,83,30
0,17,17,155
47,0,47,0
0,11,11,77
136,0,136,0
0,69,69,65
0,1,1,4
0,1,1,41
7,0,7,0
0,6,6,120
8,0,8,0
0,4,4,2
2,0,2,0
0,1,1,27
4,0,4,0
0,13,13,0
2,0,2,0
0,3,3,19
9,0,9,0
1,0,1,0
0,1,1,1
1,0,1,0
1,0,1,0
8,0,8,0
1,0,1,0
4,0,4,0
0,1,1,0
0,38,38,43
0,744,744,33
16,0,16,0
1,0,1,0
62,0,62,0
1,0,1,0
1,0,1,0
0,49,49,48
0,15,15,32
2,0,2,0
10,0,10,0
19,0,19,0
0,20,20,13
2,0,2,0
1,0,1,0
0,2,2,13
0,2,2,13
3,0,3,0
0,45,45,4
2,0,2,0
9,0,9,0
77,0,77,0
1,0,1,0
3,0,3,0
44,0,44,0
4,0,4,0
51,0,51,0
0,510,510,4
0,4,4,11
7,0,7,0
18,0,18,0
2,0,2,0
13,0,13,0
29,0,29,0
50,0,50,0
2,0,2,0
2,0,2,0
0,17,17,19
2,0,2,0
1,0,1,0
12,0,12,0
2,0,2,0
1,0,1,0
21,0,21,0
86,0,86,0
2,0,2,0
0,7,7,86
4,0,4,0
0,1,1,49
2,0,2,0
16,0,16,0
7,0,7,0
9,0,9,0
200,0,200,0
0,10,10,29
2,0,2,0
3,0,3,0
6,0,6,0
33,0,33,0
0,167,167,13
14,0,14,0
0,13,13,2
2,0,2,0
0,34,34,23
3,0,3,0
6,0,6,0
5,0,5,0
1,0,1,0
0,1,1,75
3,0,3,0
31,0,31,0
0,1,1,7
0,3,3,28
1,0,1,0
4,0,4,0
0,35,35,6
86,0,86,0
16,0,16,0
3,0,3,0
3,0,3,0
1,0,1,0
0,9,9,0
7,0,7,0
0,24,24,15
2,0,2,0
1,0,1,0
3,0,3,0
2,0,2,0
2,0,2,0
1,0,1,0
0,4,4,5
1,0,1,0
9,0,9,0
1,0,1,0
1,0,1,0
2,0,2,0
7,0,7,0
2,0,2,0
2,0,2,0
1,0,1,0
2,0,2,0
14,0,14,0
0,5,5,4
0,36,36,20
11,0,11,0
33,0,33,0
1,0,1,0
0,12,12,6
8,0,8,0
9,0,9,0
0,1,1,0
27,0,27,0
1,0,1,0
1,0,1,0
0,23,23,22
6,0,6,0
5,0,5,0
3,0,3,0
0,4,4,0
6,0,6,0
16,0,16,0
13,0,13,0
2,0,2,0
1,0,1,0
11,0,11,0
2,0,2,0
2,0,2,0
6,0,6,0
3,0,3,0
5,0,5,0
1,0,1,0
0,4,4,39
8,0,8,0
0,6,6,12
1,0,1,0
10,0,10,0
0,28,28,26
38,0,38,0
2,0,2,0
114,0,114,0
1,0,1,0
1,0,1,0
2,0,2,0
4,0,4,0
1,0,1,0
10,0,10,0
1,0,1,0
0,14,14,21
24,0,24,0
225,0,225,0
7,0,7,0
6,0,6,0
0,2,2,103
1,0,1,0
8,0,8,0
0,13,13,1
0,35,35,7
10,0,10,0
0,19,19,1
0,108,108,0
39,0,39,0
32,0,32,0
2,0,2,0
8,0,8,0
19,0,19,0
145,0,145,0
5,0,5,0
0,19,19,5
0,9,9,5
38,0,38,0
1,0,1,0
19,0,19,0
7,0,7,0
2,0,2,0
2,0,2,0
7,0,7,0
0,1,1,2
0,999,999,123
50,0,50,0
17,0,17,0
9,0,9,0
0,11,11,17
8,0,8,0
3,0,3,0
0,91,91,72
1,0,1,0
0,7,7,8
1,0,1,0
51,0,51,0
0,2,2,14
0,4,4,3
8,0,8,0
14,0,14,0
1,0,1,0
16,0,16,0
47,0,47,0
0,1,1,18
0,7,7,0
3,0,3,0
0,1,1,2
6,0,6,0
3,0,3,0
5,0,5,0
1,0,1,0
1,0,1,0
0,1,1,2
5,0,5,0
20,0,20,0
8,0,8,0
15,0,15,0
0,256,256,4
0,9,9,41
0,40,40,34
30,0,30,0
0,3,3,45
2,0,2,0
29,0,29,0
2,0,2,0
36,0,36,0
149,0,149,0
0,3,3,22
0,1,1,0
0,3,3,4
0,68,68,51
6,0,6,0
19,0,19,0
1,0,1,0
16,0,16,0
2,0,2,0
14,0,14,0
1,0,1,0
0,13,13,11
0,9,9,12
4,0,4,0
0,1,1,28
0,14,14,10
3,0,3,0
8,0,8,0
4,0,4,0
1,0,1,0
0,52,52,40
113,0,113,0
1,0,1,0
0,12,12,11
2,0,2,0
0,4,4,10
6,0,6,0
2,0,2,0
130,0,130,0
92,0,92,0
11,0,11,0
3,0,3,0
0,1,1,20
0,92,92,17
0,1,1,0
11,0,11,0
4,0,4,0
29,0,29,0
0,24,24,33
0,54,54,84
4,0,4,0
1,0,1,0
0,31,31,11
8,0,8,0
2,0,2,0
4,0,4,0
1,0,1,0
0,58,58,15
13,0,13,0
0,3,3,1
15,0,15,0
0,3,3,2
0,87,87,33
6,0,6,0
20,0,20,0
2,0,2,0
34,0,34,0
28,0,28,0
14,0,14,0
5,0,5,0
1,0,1,0
0,8,8,6
0,3,3,8
19,0,19,0
1,0,1,0
597,0,597,0
3,0,3,0
1,0,1,0
1,0,1,0
1,0,1,0
2,0,2,0
2,0,2,0
20,0,20,0
0,8,8,4
3,0,3,0
0,3,3,0
0,8,8,12
1,0,1,0
0,453,453,3
35,0,35,0
0,2,2,6
4,0,4,0
45,0,45,0
1,0,1,0
35,0,35,0
0,1,1,15
4,0,4,0
44,0,44,0
104,0,104,0
1,0,1,0
34,0,34,0
1,0,1,0
17,0,17,0
0,1,1,58
0,16,16,5
9,0,9,0
17,0,17,0
160,0,160,0
0,2,2,59
2,0,2,0
0,10,10,2
375,0,375,0
0,30,30,3
29,0,29,0
0,8,8,108
1,0,1,0
0,20,20,0
8,0,8,0
79,0,79,0
0,21,21,29
1,0,1,0
5,0,5,0
3,0,3,0
3,0,3,0
2,0,2,0
1,0,1,0
3,0,3,0
1,0,1,0
10,0,10,0
3,0,3,0
1,0,1,0
1,0,1,0
0,1,1,73
1,0,1,0
25,0,25,0
18,0,18,0
9,0,9,0
5,0,5,0
0,1,1,16
4,0,4,0
0,3,3,0
2,0,2,0
0,2,2,0
3,0,3,0
1,0,1,0
1,0,1,0
0,20,20,6
0,15,15,9
5,0,5,0
6,0,6,0
0,4,4,7
1,0,1,0
3,0,3,0
0,1,1,2
6,0,6,0
3,0,3,0
1,0,1,0
2,0,2,0
2,0,2,0
12,0,12,0
1,0,1,0
58,0,58,0
4,0,4,0
0,5,5,38
4,0,4,0
0,1,1,32
0,8,8,4
146,0,146,0
5,0,5,0
47,0,47,0
0,332,332,43
117,0,117,0
35,0,35,0
0,46,46,4
12,0,12,0
0,2,2,0
1,0,1,0
0,1,1,2
7,0,7,0
1,0,1,0
77,0,77,0
0,5,5,1
2,0,2,0
3,0,3,0
4,0,4,0
2,0,2,0
0,49,49,18
2,0,2,0
15,0,15,0
2,0,2,0
5,0,5,0
0,3,3,3
3,0,3,0
2,0,2,0
0,4,4,79
1,0,1,0
106,0,106,0
27,0,27,0
7,0,7,0
1,0,1,0
1,0,1,0
21,0,21,0
0,11,11,3
0,33,33,95
19,0,19,0
21,0,21,0
0,119,119,3
7,0,7,0
1,0,1,0
2,0,2,0
3,0,3,0
3,0,3,0
5,0,5,0
4,0,4,0
2,0,2,0
3,0,3,0
0,1,1,0
0,5,5,7
0,3,3,16
185,0,185,0
16,0,16,0
97,0,97,0
8,0,8,0
2,0,2,0
2,0,2,0
0,26,26,38
0,2,2,33
7,0,7,0
4,0,4,0
0,15,15,40
17,0,17,0
1,0,1,0
3,0,3,0
1,0,1,0
5,0,5,0
0,25,25,20
2,0,2,0
0,6,6,5
0,4,4,38
4,0,4,0
6,0,6,0
5,0,5,0
1,0,1,0
0,1,1,0
9,0,9,0
0,1,1,54
1,0,1,0
1,0,1,0
0,32,32,30
2,0,2,0
0,2,2,1
4,0,4,0
0,1,1,6
6,0,6,0
6,0,6,0
5,0,5,0
171,0,171,0
2,0,2,0
0,9,9,1
5,0,5,0
0,8,8,17
2,0,2,0
341,0,341,0
1,0,1,0
1,0,1,0
0,8,8,35
575,0,575,0
5,0,5,0
0,5,5,10
2,0,2,0
3,0,3,0
0,91,91,17
3,0,3,0
11,0,11,0
0,6,6,22
29,0,29,0
2,0,2,0
4,0,4,0
1,0,1,0
1,0,1,0
1,0,1,0
2,0,2,0
0,10,10,3
1,0,1,0
3,0,3,0
4,0,4,0
0,11,11,8
4,0,4,0
0,15,15,45
8,0,8,0
2,0,2,0
6,0,6,0
15,0,15,0
4,0,4,0
2,0,2,0
2,0,2,0
2,0,2,0
1,0,1,0
51,0,51,0
3,0,3,0
3,0,3,0
0,36,36,17
0,2,2,60
1,0,1,0
0,4,4,36
0,1,1,11
21,0,21,0
2,0,2,0
3,0,3,0
0,2,2,1
3,0,3,0
1,0,1,0
1,0,1,0
1,0,1,0
17,0,17,0
10,0,10,0
3,0,3,0
0,12,12,0
10,0,10,0
0,328,328,25
0,4,4,12
5,0,5,0
3,0,3,0
5,0,5,0
20,0,20,0
0,5,5,3
0,36,36,7
32,0,32,0
1,0,1,0
6,0,6,0
5,0,5,0
6,0,6,0
0,1,1,6
5,0,5,0
1,0,1,0
13,0,13,0
5,0,5,0
53,0,53,0
0,20,20,29
19,0,19,0
0,6,6,6
2,0,2,0
0,6,6,29
11,0,11,0
2,0,2,0
6,0,6,0
31,0,31,0
1,0,1,0
0,20,20,3
5,0,5,0
0,5,5,14
0,17,17,30
6,0,6,0
3,0,3,0
1,0,1,0
0,3,3,62
1,0,1,0
7,0,7,0
1,0,1,0
1,0,1,0
0,252,252,12
0,9,9,34
1,0,1,0
24,0,24,0
0,1,1,1
2,0,2,0
0,4,4,0
19,0,19,0
13,0,13,0
42,0,42,0
1,0,1,0
0,2,2,26
9,0,9,0
1,0,1,0
8,0,8,0
9,0,9,0
0,11,11,68
0,571,571,28
4,0,4,0
8,0,8,0
0,3,3,19
23,0,23,0
2,0,2,0
2,0,2,0
0,27,27,14
2,0,2,0
10,0,10,0
14,0,14,0
2,0,2,0
68,0,68,0
9,0,9,0
3,0,3,0
1,0,1,0
1,0,1,0
1,0,1,0
23,0,23,0
2,0,2,0
0,403,403,56
0,1,1,1
0,1,1,2
5,0,5,0
33,0,33,0
1,0,1,0
2,0,2,0
3,0,3,0
1,0,1,0
1,0,1,0
1,0,1,0
0,69,69,0
0,1,1,0
2,0,2,0
19,0,19,0
2,0,2,0
8,0,8,0
4,0,4,0
0,4,4,0
2,0,2,0
59,0,59,0
2,0,2,0
29,0,29,0
8,0,8,0
5,0,5,0
10,0,10,0
1,0,1,0
74,0,74,0
0,244,244,37
0,1,1,0
2,0,2,0
11,0,11,0
4,0,4,0
0,185,185,59
1,0,1,0
1,0,1,0
11,0,11,0
0,9,9,0
53,0,53,0
0,48,48,14
5,0,5,0
1,0,1,0
2,0,2,0
0,42,42,36
3,0,3,0
15,0,15,0
5,0,5,0
3,0,3,0
27,0,27,0
2,0,2,0
0,2,2,14
0,15,15,52
0,180,180,58
1,0,1,0
0,2,2,3
0,9,9,32
2,0,2,0
39,0,39,0
5,0,5,0
0,13,13,12
1,0,1,0
1,0,1,0
3,0,3,0
3,0,3,0
90,0,90,0
1,0,1,0
7,0,7,0
4,0,4,0
498,0,498,0
7,0,7,0
0,22,22,28
3,0,3,0
2,0,2,0
10,0,10,0
6,0,6,0
4,0,4,0
0,3,3,3
5,0,5,0
2,0,2,0
1,0,1,0
1,0,1,0
3,0,3,1
92,0,92,0
3,0,3,0
1,0,1,0
81,0,81,0
38,0,38,0
0,47,47,60
3,0,3,0
0,27,27,17
6,0,6,0
4,0,4,0
0,73,73,17
1,0,1,0
0,1,1,48
1,0,1,0
3,0,3,0
1,0,1,0
5,0,5,0
0,1,1,14
41,0,41,0
1,0,1,0
0,12,12,0
34,0,34,0
26,0,26,0
0,319,319,83
1,0,1,0
2,0,2,0
0,904,904,42
140,0,140,0
1,0,1,0
10,0,10,0
8,0,8,0
4,0,4,0
1,0,1,0
2,0,2,0
1,0,1,0
0,15,15,9
15,0,15,0
15,0,15,0
43,0,43,0
1,0,1,0
0,1,1,20
2,0,2,0
2,0,2,0
14,0,14,0
0,3,3,41
0,54,54,26
5,0,5,0
15,0,15,0
0,7,7,55
4,0,4,0
2,0,2,0
1,0,1,0
0,16,16,99
0,15,15,2
0,4,4,1
1,0,1,0
6,0,6,0
0,13,13,27
0,9,9,20
0,474,474,68
0,46,46,59
2,0,2,0
2,0,2,0
1,0,1,0
0,6,6,6
6,0,6,0
0,10,10,35
6,0,6,0
12,0,12,0
12,0,12,0
3,0,3,0
5,0,5,0
8,0,8,0
5,0,5,0
4,0,4,0
2,0,2,0
40,0,40,0
0,31,31,33
1,0,1,0
3,0,3,0
14,0,14,0
1,0,1,0
6,0,6,0
0,12,12,6
10,0,10,0
0,77,77,56
2,0,2,0
4,0,4,0
32,0,32,0
2,0,2,0
0,6,6,2
0,13,13,1
0,6,6,3
6,0,6,0
16,0,16,0
3,0,3,0
5,0,5,0
1,0,1,0
17,0,17,0
2,0,2,0
15,0,15,0
0,4,4,44
14,0,14,0
4,0,4,0
0,11,11,21
43,0,43,0
5,0,5,0
1,0,1,0
0,2,2,4
0,158,158,24
20,0,20,0
9,0,9,0
0,50,50,23
6,0,6,0
8,0,8,0
0,7,7,5
2,0,2,0
11,0,11,0
0,2,2,8
1,0,1,0
0,5,5,69
3,0,3,0
0,3,3,11
0,20,20,7
0,3,3,17
6,0,6,0
22,0,22,0
40,0,40,0
1,0,1,0
1,0,1,0
0,1,1,35
5,0,5,0
159,0,159,0
5,0,5,0
0,188,188,74
8,0,8,0
0,20,20,39
3,0,3,0
2,0,2,0
1,0,1,0
2,0,2,0
42,0,42,0
12,0,12,0
1,0,1,0
0,24,24,68
21,0,21,0
1,0,1,0
2,0,2,0
5,0,5,0
0,4,4,0
173,0,173,0
3,0,3,0
2,0,2,0
0,3,3,6
7,0,7,0
2,0,2,0
3,0,3,0
0,41,41,41
10,0,10,0
0,2,2,2
6,0,6,0
0,3,3,21
0,33,33,7
3,0,3,0
1,0,1,0
7,0,7,0
1,0,1,0
2,0,2,0
0,7,7,0
7,0,7,0
63,0,63,0
5,0,5,0
0,2,2,13
1,0,1,0
0,1,1,93
2,0,2,0
1,0,1,0
0,42,42,0
3,0,3,0
136,0,136,0
0,5,5,1
1,0,1,0
1,0,1,0
2,0,2,0
11,0,11,0
2,0,2,0
0,92,92,11
0,14,14,8
12,0,12,0
0,2,2,24
0,17,17,14
0,140,140,16
2,0,2,0
74,0,74,0
1,0,1,0
2,0,2,0
0,2,2,6
12,0,12,0
0,12,12,11
1,0,1,0
14,0,14,0
1,0,1,0
0,5,5,49
2,0,2,0
2,0,2,0
0,4,4,2
0,14,14,28
3,0,3,0
4,0,4,0
2,0,2,0
1,0,1,0
0,37,37,84
9,0,9,0
3,0,3,0
2,0,2,0
30,0,30,0
1,0,1,0
1,0,1,0
7,0,7,0
3,0,3,0
38,0,38,0
1,0,1,0
4,0,4,0
1,0,1,0
0,7,7,31
72,0,72,0
3,0,3,0
1,0,1,0
1,0,1,0
0,5,5,10
4,0,4,0
6,0,6,0
1,0,1,0
0,40,40,23
33,0,33,0
26,0,26,0
1,0,1,0
1,0,1,0
3,0,3,0
39,0,39,0
1,0,1,0
10,0,10,0
7,0,7,0
9,0,9,0
15,0,15,0
2,0,2,0
7,0,7,0
9,0,9,0
0,2,2,0
1,0,1,0
13,0,13,0
0,9,9,6
2,0,2,0
1,0,1,0
33,0,33,0
1,0,1,0
0,7,7,24
2,0,2,0
15,0,15,0
7,0,7,0
2,0,2,0
0,1,1,1
9,0,9,0
27,0,27,0
0,88,88,94
0,29,29,4
3,0,3,0
33,0,33,0
0,2,2,3
49,0,49,0
0,15,15,5
9,0,9,0
5,0,5,0
10,0,10,0
3,0,3,0
5,0,5,0
63,0,63,0
4,0,4,0
8,0,8,0
2,0,2,0
0,10,10,9
0,252,252,11
8,0,8,0
4,0,4,0
10,0,10,0
0,3,3,19
10,0,10,0
0,5,5,0
10,0,10,0
1,0,1,0
0,3,3,4
23,0,23,0
140,0,140,0
0,11,11,2
1,0,1,0
4,0,4,0
3,0,3,0
113,0,113,2
4,0,4,0
7,0,7,13
1,0,1,0
3,0,3,0
1,0,1,0
24,0,24,0
21,2,23,39
0,57,57,9
33,0,33,0
119,0,119,70
1,0,1,0
0,7,7,1
19,0,19,0
26,0,26,0
32,0,32,3
1,0,1,0
0,43,43,45
1,0,1,0
8,0,8,0
6,0,6,0
0,40,40,21
2,0,2,0
4,0,4,0
2,0,2,0
6,0,6,0
3,0,3,0
1,0,1,0
0,3,3,24
2,0,2,0
21,0,21,0
8,0,8,0
5,0,5,0
3,0,3,0
0,9,9,48
2,0,2,0
0,29,29,57
1,0,1,0
1,0,1,0
1,0,1,0
19,0,19,0
4,0,4,0
1,0,1,0
5,0,5,0
3,0,3,0
0,6,6,0
1,0,1,0
188,0,188,0
0,10,10,5
0,12,12,87
6,0,6,0
3,0,3,0
0,450,450,49
41,0,41,0
26,0,26,0
0,52,52,23
2,0,2,0
0,13,13,36
64,0,64,0
36,0,36,0
0,2,2,69
13,0,13,0
1,0,1,0
1,0,1,0
5,0,5,0
0,8,8,35
0,5,5,2
2,0,2,0
7,0,7,0
1,0,1,0
6,0,6,0
7,0,7,0
8,0,8,0
12,0,12,0
2,0,2,0
1,0,1,0
4,0,4,0
21,0,21,0
5,0,5,0
0,52,52,86
0,2,2,23
1,0,1,0
0,2,2,4
5,0,5,0
6,0,6,0
0,66,66,20
0,67,67,3
0,113,113,1
115,0,115,0
2,0,2,0
0,4,4,4
0,3,3,4
2,0,2,0
2,0,2,0
3,0,3,0
2,0,2,0
6,0,6,0
5,0,5,0
6,0,6,0
14,0,14,0
5,0,5,0
0,1,1,0
1,0,1,58
0,20,20,7
4,0,4,0
8,0,8,0
1,0,1,0
4,0,4,0
2,0,2,0
1,0,1,0
2,0,2,0
7,0,7,0
0,2,2,10
1,0,1,0
6,0,6,0
0,193,193,59
1,0,1,0
5,0,5,0
13,0,13,0
1,0,1,0
1,0,1,0
92,0,92,0
0,148,148,37
4,0,4,0
17,0,17,0
12,0,12,0
0,2,2,0
2,0,2,0
2,0,2,0
1,0,1,0
1,0,1,0
0,1,1,53
2,0,2,0
0,14,14,36
0,1,1,8
1,0,1,0
0,5,5,67
2,0,2,0
2,0,2,0
1,0,1,0
1,0,1,0
0,82,82,32
16,0,16,0
0,76,76,15
104,0,104,0
23,0,23,0
4,0,4,0
0,7,7,99
1,0,1,0
0,6,6,32
13,0,13,0
0,1,1,13
1,0,1,0
0,8,8,2
2,0,2,0
0,4,4,2
2,0,2,0
3,0,3,0
4,0,4,0
1,0,1,0
12,0,12,0
12,0,12,0
6,0,6,0
1,0,1,0
4,0,4,0
12,0,12,0
9,0,9,0
7,0,7,0
33,0,33,0
0,1,1,23
4,0,4,0
3,0,3,0
0,18,18,15
2,0,2,0
2,0,2,0
4,0,4,0
6,0,6,0
1,0,1,0
25,0,25,0
2,0,2,0
4,0,4,0
0,53,53,6
0,2,2,2
3,0,3,0
1,0,1,0
27,0,27,0
0,5,5,6
12,0,12,0
5,0,5,0
2,0,2,0
12,0,12,0
0,85,85,67
47,0,47,0
11,0,11,0
0,10,10,44
1,0,1,0
13,0,13,0
0,22,22,8
2,0,2,0
1,0,1,0
9,0,9,0
4,0,4,0
3,0,3,0
2,0,2,0
4,0,4,0
0,2,2,5
0,1,1,5
0,37,37,58
3,0,3,0
2,0,2,0
67,0,67,0
0,4,4,5
0,6,6,0
3,0,3,0
16,0,16,0
41,0,41,0
2,0,2,0
0,1,1,142
4,0,4,0
1,0,1,0
0,18,18,38
11,0,11,0
4,0,4,0
202,0,202,0
57,0,57,0
10,0,10,0
2,0,2,0
6,0,6,0
5,0,5,0
6,0,6,0
0,1,1,74
0,30,30,79
12,0,12,0
6,0,6,0
3,0,3,0
5,0,5,0
5,0,5,0
7,0,7,0
6,0,6,0
0,1,1,6
1,0,1,0
0,53,53,53
0,1,1,0
9,0,9,0
0,3,3,3
0,5,5,0
1,0,1,0
23,0,23,0
10,0,10,0
4,0,4,0
1,0,1,0
6,0,6,0
12,0,12,0
1,0,1,0
1,0,1,0
15,0,15,0
1,0,1,0
0,7,7,28
1,0,1,0
0,1,1,17
8,0,8,0
6,0,6,0
1,0,1,0
0,35,35,13
4,0,4,0
17,0,17,0
1,0,1,0
9,0,9,0
3,0,3,0
51,0,51,0
75,0,75,0
0,1,1,3
2,0,2,0
1,0,1,0
1,0,1,0
93,0,93,0
4,0,4,0
15,0,15,0
3,0,3,0
3,0,3,0
0,82,82,12
10,0,10,0
13,0,13,0
5,0,5,0
3,0,3,0
0,83,83,15
6,0,6,0
4,0,4,0
0,1,1,0
0,16,16,28
26,0,26,0
2,0,2,0
3,0,3,0
0,1,1,5
0,82,82,34
4,0,4,0
1,0,1,0
0,12,12,0
6,0,6,0
1,0,1,0
3,0,3,0
5,0,5,0
1,0,1,0
1,0,1,0
0,1,1,0
3,0,3,0
0,2,2,23
0,3,3,4
1,0,1,0
1,0,1,0
3,0,3,0
0,2,2,0
19,0,19,0
3,0,3,0
5,0,5,0
3,0,3,0
7,0,7,0
0,20,20,3
38,0,38,0
9,0,9,0
2,0,2,0
33,0,33,0
7,0,7,0
1,0,1,0
2,0,2,0
4,0,4,0
0,41,41,6
1,0,1,0
2,0,2,0
18,0,18,0
0,2,2,5
3,0,3,0
0,58,58,11
0,2,2,0
1,0,1,0
5,0,5,0
1,0,1,0
1,0,1,0
0,1,1,0
0,24,24,0
1,0,1,0
1,0,1,0
5,0,5,0
0,4,4,46
0,8,8,10
6,0,6,0
17,0,17,0
0,15,15,35
5,0,5,0
1,0,1,0
5,0,5,0
3,0,3,0
6,0,6,0
7,0,7,0
4,0,4,0
12,0,12,0
0,384,384,31
7,0,7,0
1,0,1,0
1,0,1,0
0,5,5,99
4,0,4,0
6,0,6,0
3,0,3,0
1,0,1,0
11,0,11,0
0,7,7,31
9,0,9,0
54,0,54,0
2,0,2,0
10,0,10,0
1,0,1,0
0,264,264,52
3,0,3,0
0,2,2,1
11,0,11,0
16,0,16,0
7,0,7,0
0,6,6,13
193,0,193,0
2,0,2,0
4,0,4,0
1,0,1,0
0,217,217,32
2,0,2,0
1,0,1,0
4,0,4,0
0,25,25,23
41,0,41,0
337,0,337,0
0,12,12,22
2,0,2,0
6,0,6,0
1,0,1,0
0,5,5,13
0,65,65,31
1,0,1,0
470,0,470,0
27,0,27,0
4,0,4,0
7,0,7,0
0,2,2,79
0,17,17,29
6,0,6,0
0,13,13,35
15,0,15,0
25,0,25,0
3,0,3,0
0,12,12,4
1,0,1,0
201,0,201,0
6,0,6,0
2,0,2,0
109,0,109,0
19,0,19,0
6,0,6,0
1,0,1,0
2,0,2,0
18,0,18,0
3,0,3,0
6,0,6,0
2,0,2,0
4,0,4,0
0,24,24,36
19,0,19,0
2,0,2,0
3,0,3,0
2,0,2,0
2,0,2,0
5,0,5,0
3,0,3,0
2,0,2,0
1,0,1,0
0,1,1,6
3,0,3,0
4,0,4,0
1,0,1,0
0,3,3,101
2,0,2,0
1,0,1,0
1,0,1,0
1,0,1,0
0,5,5,23
2,0,2,0
6,0,6,0
1,0,1,0
4,0,4,0
1,0,1,0
0,3,3,29
43,0,43,0
0,22,22,9
6,0,6,0
4,0,4,0
1,0,1,0
3,0,3,0
3,0,3,0
18,0,18,0
4,0,4,0
13,0,13,0
3,0,3,0
46,0,46,0
0,284,284,58
2,0,2,0
3,0,3,0
1,0,1,0
0,1,1,39
4,0,4,0
2,0,2,0
5,0,5,0
4,0,4,0
10,0,10,0
1,0,1,0
1,0,1,0
7,0,7,0
8,0,8,0
1,0,1,0
1,0,1,0
3,0,3,0
10,0,10,0
4,0,4,0
131,0,131,0
0,8,8,0
3,0,3,0
0,18,18,0
5,0,5,0
4,0,4,0
0,40,40,19
2,0,2,0
24,0,24,0
0,52,52,5
8,0,8,0
39,0,39,0
33,0,33,0
10,0,10,0
7,0,7,0
2,0,2,0
0,3,3,2
3,0,3,0
0,217,217,40
2,0,2,0
3,0,3,0
3,0,3,0
2,0,2,0
4,0,4,0
0,7,7,1
0,1,1,3
0,3,3,6
16,0,16,0
9,0,9,0
1,0,1,0
0,7,7,4
31,0,31,0
1,0,1,0
0,34,34,33
4,0,4,0
3,0,3,0
3,0,3,0
13,0,13,0
22,0,22,0
10,0,10,0
1,0,1,0
4,0,4,0
7,0,7,0
2,0,2,0
1,0,1,0
4,0,4,0
0,11,11,17
4,0,4,0
0,26,26,23
3,0,3,0
0,288,288,16
0,1,1,3
4,0,4,0
2,0,2,0
1,0,1,0
24,0,24,0
1,0,1,0
13,0,13,0
0,54,54,11
7,0,7,0
2,0,2,0
11,0,11,0
0,24,24,29
6,0,6,0
0,134,134,21
0,8,8,2
1,0,1,0
6,0,6,0
2,0,2,0
0,3,3,6
0,16,16,26
9,0,9,0
3,0,3,0
4,0,4,0
5,0,5,0
2,0,2,0
9,0,9,0
1,0,1,0
7,0,7,0
0,226,226,16
18,0,18,0
22,0,22,0
1,0,1,0
0,75,75,116
0,24,24,24
218,0,218,0
1,0,1,0
1,0,1,0
0,10,10,3
3,0,3,0
1,0,1,0
0,11,11,36
0,6,6,74
1,0,1,0
0,13,13,19
3,0,3,0
7,0,7,0
1,0,1,0
0,6,6,25
3,0,3,0
0,11,11,2
19,0,19,0
0,7,7,4
0,18,18,8
0,2,2,37
18,0,18,0
1,0,1,0
78,0,78,0
0,2,2,63
1,0,1,0
5,0,5,0
150,0,150,0
3,0,3,0
1,0,1,0
0,135,135,10
1,0,1,0
39,0,39,0
9,0,9,0
2,0,2,0
0,2,2,26
22,0,22,0
3,0,3,0
1,0,1,0
1,0,1,0
0,4,4,43
1,0,1,0
0,23,23,13
53,0,53,0
0,36,36,43
8,0,8,0
1,0,1,0
2,0,2,0
1,0,1,0
0,1,1,84
1,0,1,0
8,0,8,0
4,0,4,0
44,0,44,0
0,39,39,16
12,0,12,0
2,0,2,0
1,0,1,0
0,72,72,90
3,0,3,0
0,11,11,4
7,0,7,0
0,17,17,38
3,0,3,0
0,96,96,112
61,0,61,0
21,0,21,0
1,0,1,0
2,0,2,0
7,0,7,0
9,0,9,0
15,0,15,0
18,0,18,0
5,0,5,0
6,0,6,0
0,54,54,133
3,0,3,0
20,0,20,0
6,0,6,0
1,0,1,0
1,0,1,0
3,0,3,0
1,0,1,0
2,0,2,0
0,494,494,42
12,0,12,0
5,0,5,0
19,0,19,0
0,14,14,14
0,10,10,43
0,19,19,30
2,0,2,0
3,0,3,0
22,0,22,0
3,0,3,0
3,0,3,0
4,0,4,0
1,0,1,0
1,0,1,0
4,0,4,0
4,0,4,0
2,0,2,0
1,0,1,0
1,0,1,0
3,0,3,0
2,0,2,0
6,0,6,0
0,13,13,10
1,0,1,0
5,0,5,0
6,0,6,0
1,0,1,0
0,9,9,2
8,0,8,0
1,0,1,0
20,0,20,0
4,0,4,0
2,0,2,0
0,11,11,9
2,0,2,0
0,2,2,0
1,0,1,0
6,0,6,0
2,0,2,0
0,2,2,124
0,3,3,22
2,0,2,0
1,0,1,0
0,5,5,17
21,0,21,0
0,14,14,30
0,1,1,84
44,0,44,0
0,37,37,14
3,0,3,0
17,0,17,0
3,0,3,0
3,0,3,0
1,0,1,0
9,0,9,0
4,0,4,0
9,0,9,0
3,0,3,0
2,0,2,0
10,0,10,0
0,204,204,7
1,0,1,0
2,0,2,0
4,0,4,0
2,0,2,0
247,0,247,0
8,0,8,0
0,68,68,39
14,0,14,0
7,0,7,0
4,0,4,0
6,0,6,0
16,0,16,0
15,0,15,0
1,0,1,0
44,0,44,0
3,0,3,0
4,0,4,0
0,81,81,61
0,81,81,20
8,0,8,0
13,0,13,0
2,0,2,0
12,0,12,0
14,0,14,0
68,0,68,0
0,4,4,4
1,0,1,0
0,1,1,7
2,0,2,0
14,0,14,0
0,5,5,25
0,2,2,6
4,0,4,0
26,0,26,0
0,1,1,35
0,11,11,4
23,0,23,0
1,0,1,0
0,2,2,14
2,0,2,0
1170,0,1170,0
8,0,8,0
6,0,6,0
1,0,1,0
5,0,5,0
6,0,6,0
5,0,5,0
10,0,10,0
49,0,49,0
1,0,1,0
9,0,9,0
45,0,45,0
0,7,7,16
30,0,30,0
6,0,6,0
0,3,3,11
1,0,1,0
0,4,4,4
7,0,7,0
1,0,1,0
0,17,17,11
0,66,66,55
1,0,1,0
0,17,17,1
2,0,2,0
1,0,1,0
30,0,30,0
1,0,1,0
1,0,1,0
2,0,2,0
2,0,2,0
0,3,3,3
33,0,33,0
1,0,1,0
71,0,71,0
26,0,26,0
0,1,1,14
34,0,34,0
40,0,40,0
11,0,11,0
2,0,2,0
5,0,5,0
2,0,2,0
3,0,3,0
7,0,7,0
2,0,2,0
0,4,4,106
14,0,14,0
19,0,19,0
1,0,1,0
0,2,2,18
4,0,4,0
35,0,35,0
0,20,20,20
3,0,3,0
205,0,205,0
144,0,144,0
6,0,6,0
0,18,18,4
8,0,8,0
1,0,1,0
5,0,5,0
2,0,2,0
4,0,4,0
3,0,3,0
0,1,1,21
0,6,6,6
58,0,58,0
0,4,4,16
8,0,8,0
69,0,69,0
0,7,7,7
2,0,2,0
5,0,5,0
2,0,2,0
1,0,1,0
47,0,47,0
1,0,1,0
2,0,2,0
2,0,2,0
2,0,2,0
4,0,4,0
17,0,17,0
6,0,6,0
11,0,11,0
1,0,1,0
2,0,2,0
5,0,5,0
1,0,1,0
5,0,5,0
0,3,3,6
0,1,1,13
4,0,4,0
13,0,13,0
0,9,9,30
2,0,2,0
8,0,8,0
3,0,3,0
1,0,1,0
17,0,17,0
1,0,1,0
0,69,69,36
0,3,3,5
2,0,2,0
29,0,29,0
6,0,6,0
5,0,5,0
0,129,129,123
102,0,102,0
0,9,9,21
76,0,76,0
0,8,8,5
1,0,1,0
0,10,10,1
1,0,1,0
0,40,40,17
4,0,4,0
0,4,4,0
2,0,2,0
0,2,2,6
0,7,7,49
0,31,31,14
10,0,10,0
28,0,28,0
1,0,1,0
3,0,3,0
8,0,8,0
0,1,1,5
0,5,5,1
2,0,2,0
4,0,4,0
5,0,5,0
1,0,1,0
10,0,10,0
0,6,6,0
0,8,8,3
4,0,4,0
5,0,5,0
8,0,8,0
1,0,1,0
1389,0,1389,0
0,11,11,32
18,0,18,0
2,0,2,0
0,21,21,10
7,0,7,0
29,0,29,0
0,1,1,5
0,88,88,23
33,0,33,0
4,0,4,0
1,0,1,0
2,0,2,0
6,0,6,0
2,0,2,0
0,6,6,8
3,0,3,0
2,0,2,0
3,0,3,0
19,0,19,0
0,172,172,15
421,0,421,0
2,0,2,0
22,0,22,0
7,0,7,0
4,0,4,0
3,0,3,0
3,0,3,0
166,0,166,0
3,0,3,0
17,0,17,0
1,0,1,0
3,0,3,0
28,0,28,0
10,0,10,0
158,0,158,0
0,7,7,60
1,0,1,0
6,0,6,0
0,2,2,2
4,0,4,0
5,0,5,0
11,0,11,0
53,0,53,0
8,0,8,0
1,0,1,0
51,0,51,0
15,0,15,0
25,0,25,0
1,0,1,0
62,0,62,0
0,2,2,41
2,0,2,0
0,24,24,7
1,0,1,0
1,0,1,0
3,0,3,0
3,0,3,0
1,0,1,0
5,0,5,0
32,0,32,0
4,0,4,0
0,5,5,0
7,0,7,0
0,19,19,5
12,0,12,0
1,0,1,0
4,0,4,0
8,0,8,0
0,13,13,57
7,0,7,0
9,0,9,0
0,36,36,31
4,0,4,0
0,12,12,31
1,0,1,0
1,0,1,0
1,0,1,0
0,4,4,3
1,0,1,0
19,0,19,0
0,22,22,1
8,0,8,0
4,0,4,0
11,0,11,0
0,8,8,23
2,0,2,0
1,0,1,0
8,0,8,0
0,7,7,5
0,17,17,23
20,0,20,0
1,0,1,0
3,0,3,0
207,0,207,0
1,0,1,0
1,0,1,0
7,0,7,0
3,0,3,0
0,7,7,8
5,0,5,0
0,7,7,52
7,0,7,0
2,0,2,0
2,0,2,0
0,7,7,1
0,1,1,1
203,0,203,0
2,0,2,0
0,19,19,38
38,0,38,0
77,0,77,0
38,0,38,0
1,0,1,0
1,0,1,0
4,0,4,0
2,0,2,0
0,19,19,0
3,0,3,0
4,0,4,0
53,0,53,0
2,0,2,0
1,0,1,0
17,0,17,0
108,0,108,0
218,0,218,0
0,6,6,32
6,0,6,0
18,0,18,0
1,0,1,0
5,0,5,0
0,255,255,13
274,0,274,0
10,0,10,0
4,0,4,0
9,0,9,0
1,0,1,0
2,0,2,0
0,5,5,8
1,0,1,0
2,0,2,0
6,0,6,0
2,0,2,0
0,2,2,1
1,0,1,0
0,29,29,12
0,248,248,28
1,0,1,0
0,89,89,25
5,0,5,0
0,2,2,39
0,6,6,0
2,0,2,0
0,1,1,82
1,0,1,0
0,12,12,2
0,6,6,17
0,3,3,7
1,0,1,0
0,25,25,25
28,0,28,0
1,0,1,0
1,0,1,0
6,0,6,0
1,0,1,0
4,0,4,0
2,0,2,0
3,0,3,0
2,0,2,0
4,0,4,0
0,27,27,8
2,0,2,0
4,0,4,0
0,6,6,80
0,1,1,5
5,0,5,0
8,0,8,0
10,0,10,0
5,0,5,0
3,0,3,0
14,0,14,0
5,0,5,0
3,0,3,0
0,19,19,28
0,1,1,21
1,0,1,0
0,37,37,1
0,4,4,0
4,0,4,0
4,0,4,0
0,1,1,27
40,0,40,0
4,0,4,0
9,0,9,0
2,0,2,0
3,0,3,0
4,0,4,0
0,8,8,14
1,0,1,0
3,0,3,0
0,11,11,0
22,0,22,0
3,0,3,0
12,0,12,0
0,69,69,105
0,142,142,75
5,0,5,0
7,0,7,0
0,54,54,53
1,0,1,0
1,0,1,0
1,0,1,0
2,0,2,0
7,0,7,0
0,1,1,0
10,0,10,0
2,0,2,0
0,37,37,20
4,0,4,0
0,7,7,13
0,102,102,63
0,2,2,2
3,0,3,0
17,0,17,0
6,0,6,0
0,8,8,1
3,0,3,0
23,0,23,0
49,0,49,0
1,0,1,0
2,0,2,0
4,0,4,0
0,17,17,3
4,0,4,0
6,0,6,0
2,0,2,0
0,15,15,80
1,0,1,0
6,0,6,0
1,0,1,0
1,0,1,0
3,0,3,0
0,68,68,53
8,0,8,0
9,0,9,0
2,0,2,0
465,0,465,0
0,22,22,66
14,0,14,0
1,0,1,0
1,0,1,0
3,0,3,0
5,0,5,0
0,221,221,51
0,1,1,0
3,0,3,0
3,0,3,0
0,6,6,10
3,0,3,0
1,0,1,0
0,2,2,9
3,0,3,0
9,0,9,0
0,41,41,140
1,0,1,0
1,0,1,0
0,6,6,3
38,0,38,0
2,0,2,0
38,0,38,0
1,0,1,0
5,0,5,0
1,0,1,0
0,15,15,33
47,0,47,0
1,0,1,0
56,0,56,0
2,0,2,0
1,0,1,0
0,15,15,34
0,1,1,70
1,0,1,0
1,0,1,0
1,0,1,0
5,0,5,0
0,1,1,27
0,58,58,49
19,0,19,0
1,0,1,0
1,0,1,0
0,2,2,147
2,0,2,0
0,5,5,65
0,4,4,5
1,0,1,0
8,0,8,0
0,8,8,10
4,0,4,0
13,0,13,0
1,0,1,0
1,0,1,0
1,0,1,0
4,0,4,0
12,0,12,0
0,2,2,1
39,0,39,0
1,0,1,0
0,3,3,19
1,0,1,0
0,1,1,16
4,0,4,0
0,2,2,2
70,0,70,0
1,0,1,0
3,0,3,0
0,33,33,16
0,24,24,28
1,0,1,0
3,0,3,0
2,0,2,0
9,0,9,0
3,0,3,0
4,0,4,0
1,0,1,0
4,0,4,0
1,0,1,0
1,0,1,0
0,13,13,1
2,0,2,0
0,5,5,3
0,5,5,34
2,0,2,0
0,7,7,3
4,0,4,0
11,0,11,0
28,0,28,0
6,0,6,0
34,0,34,0
5,0,5,0
6,0,6,0
2,0,2,0
2,0,2,0
3,0,3,0
1,0,1,0
3,0,3,0
0,52,52,27
0,9,9,1
24,0,24,0
3,0,3,0
196,0,196,0
14,0,14,0
7,0,7,0
0,2,2,20
2,0,2,0
1,0,1,0
1,0,1,0
1,0,1,0
3,0,3,0
60,0,60,0
0,1,1,0
74,0,74,0
0,3,3,1
2,0,2,0
22,0,22,0
1,0,1,0
2,0,2,0
6,0,6,0
2,0,2,0
1,0,1,0
0,22,22,36
3,0,3,0
14,0,14,0
2,0,2,0
3,0,3,0
38,0,38,0
4,0,4,0
0,181,181,33
0,1,1,9
0,4,4,54
1,0,1,0
2,0,2,0
1,0,1,0
22,0,22,0
1,0,1,0
7,0,7,0
0,2,2,7
2,0,2,0
0,54,54,0
16,0,16,0
0,128,128,77
10,0,10,0
17,0,17,0
2,0,2,0
1,0,1,0
0,208,208,24
0,89,89,37
3,0,3,0
12,0,12,0
3,0,3,0
1,0,1,0
3,0,3,0
0,24,24,22
33,0,33,0
15,0,15,0
20,0,20,0
2,0,2,0
6,0,6,0
3,0,3,0
5,0,5,0
0,4,4,2
0,3,3,36
1,0,1,0
5,0,5,0
13,0,13,0
1,0,1,0
1,0,1,0
0,71,71,23
0,2,2,3
0,24,24,88
2,0,2,0
4,0,4,0
4,0,4,0
1,0,1,0
3,0,3,0
2,0,2,0
0,7,7,9
0,25,25,17
0,8,8,2
2,0,2,0
3,0,3,0
3,0,3,0
5,0,5,0
2,0,2,0
2,0,2,0
97,0,97,0
9,0,9,0
4,0,4,0
0,5,5,4
2,0,2,0
29,0,29,0
0,3,3,3
1,0,1,0
2,0,2,0
0,9,9,5
1,0,1,0
0,15,15,3
3,0,3,0
0,86,86,116
74,0,74,0
0,111,111,43
27,0,27,0
2,0,2,0
11,0,11,0
0,2,2,1
0,10,10,186
2,0,2,0
10,0,10,0
11,0,11,0
35,0,35,0
1,0,1,0
4,0,4,0
4,0,4,0
7,0,7,0
2,0,2,0
2,0,2,0
5,0,5,0
21,0,21,0
2,0,2,0
1,0,1,0
0,23,23,9
30,0,30,0
7,0,7,0
2,0,2,0
0,1,1,82
1,0,1,0
2,0,2,0
1,0,1,0
653,0,653,0
6,0,6,0
1,0,1,0
0,14,14,126
2,0,2,0
1,0,1,0
0,275,275,12
1,0,1,0
0,2,2,0
6,0,6,0
10,251,261,7
1,0,1,0
1,0,1,0
3,0,3,0
1,0,1,0
3,0,3,0
0,7,7,13
0,1,1,10
12,0,12,0
2,0,2,0
0,185,185,19
2,0,2,0
1,0,1,0
26,0,26,0
0,3,3,19
0,70,70,6
10,0,10,0
7,0,7,0
1,0,1,0
2,0,2,0
25,0,25,0
1,0,1,0
6,0,6,0
0,17,17,14
2,0,2,0
83,0,83,0
3,0,3,0
30,0,30,0
28,0,28,0
0,4,4,4
0,6,6,5
0,15,15,11
1,0,1,0
0,1,1,4
7,0,7,0
11,0,11,0
0,9,9,0
1,0,1,0
0,1,1,41
13,0,13,0
1,0,1,0
0,22,22,15
2,0,2,0
0,14,14,4
2,0,2,0
0,15,15,9
1,0,1,0
3,0,3,0
21,0,21,0
3,0,3,0
0,11,11,27
394,0,394,0
59,0,59,0
8,0,8,0
116,0,116,0
0,7,7,22
1,0,1,0
38,0,38,0
1,0,1,0
0,211,211,2
2,0,2,0
1,0,1,0
1,0,1,0
7,0,7,0
3,0,3,0
1,0,1,0
5,0,5,0
1,0,1,0
8,0,8,0
2,0,2,0
3,0,3,0
2,0,2,0
0,34,34,13
3,0,3,0
13,0,13,0
0,1,1,22
2,0,2,0
2,0,2,0
0,6,6,30
0,2,2,39
1,0,1,0
13,0,13,0
7,0,7,0
0,2,2,38
0,2,2,169
0,248,248,10
0,128,128,8
1,0,1,0
3,0,3,0
0,5,5,20
3,0,3,0
8,0,8,0
0,6,6,7
2,0,2,0
0,3,3,0
20,0,20,0
2,0,2,0
0,23,23,47
1,0,1,0
1,0,1,0
1,0,1,0
1,0,1,0
36,0,36,0
1,0,1,0
74,0,74,0
7,0,7,0
15,0,15,0
2,0,2,0
1,0,1,0
6,0,6,0
17,0,17,0
0,1,1,10
0,27,27,18
0,15,15,31
11,0,11,0
0,2,2,13
2,0,2,0
6,0,6,0
0,1,1,5
1,0,1,0
0,1,1,16
2,0,2,0
3,0,3,0
3,0,3,0
34,0,34,0
8,0,8,0
3,0,3,0
3,0,3,0
3,0,3,0
29,0,29,0
4,0,4,0
2,0,2,0
4,0,4,0
2,0,2,0
1,0,1,0
7,0,7,0
0,3,3,5
52,0,52,0
0,11,11,0
9,0,9,0
1,0,1,0
1,0,1,0
1,0,1,0
2,0,2,0
1,0,1,0
0,17,17,48
1,0,1,0
0,29,29,10
2,0,2,0
9,0,9,0
2,0,2,0
3,0,3,0
2,0,2,0
2,0,2,0
2,0,2,0
32,0,32,60
3,0,3,0
0,2,2,5
0,8,8,0
3,0,3,0
1,0,1,0
0,2,2,74
2,0,2,0
7,0,7,0
0,22,22,25
1,0,1,0
0,2,2,51
8,0,8,0
0,8,8,14
0,45,45,18
31,0,31,0
19,0,19,0
0,2,2,0
1,0,1,0
0,10,10,12
0,47,47,121
5,0,5,0
0,34,34,11
0,5,5,11
3,0,3,0
0,48,48,1
7,0,7,0
23,0,23,0
2,0,2,0
2,0,2,0
0,7,7,1
2,0,2,0
2,0,2,0
0,55,55,17
81,0,81,0
64,0,64,0
40,0,40,0
1,0,1,0
1,0,1,0
2,0,2,0
68,0,68,0
19,0,19,0
7,0,7,0
1,0,1,0
1,0,1,0
19,0,19,0
7,0,7,0
1,0,1,0
3,0,3,0
6,0,6,0
5,0,5,0
3,0,3,0
1,0,1,0
2,0,2,0
2,0,2,0
3,0,3,0
0,76,76,43
15,0,15,0
0,3,3,9
2,0,2,0
1,0,1,0
1,0,1,0
0,1,1,7
2,0,2,0
1,0,1,0
1,0,1,0
1,0,1,0
2,0,2,0
14,0,14,0
45,0,45,0
0,180,180,12
0,3,3,5
1,0,1,0
1,0,1,0
2,0,2,0
5,0,5,0
1,0,1,0
1,0,1,0
6,0,6,0
4,0,4,0
1,0,1,0
1,0,1,0
0,11,11,11
25,0,25,0
0,1,1,75
1,0,1,0
0,8,8,1
4,0,4,0
21,0,21,0
2,0,2,0
3,0,3,0
4,0,4,0
22,0,22,0
2,0,2,0
11,0,11,0
4,0,4,0
4,0,4,0
18,0,18,0
6,0,6,0
0,2,2,51
0,1,1,1
0,7,7,2
0,1,1,0
0,20,20,12
2,0,2,0
1,0,1,0
0,5,5,26
114,0,114,0
2,0,2,0
0,5,5,20
83,0,83,0
1,0,1,0
2,0,2,0
0,2,2,59
0,3,3,1
0,329,329,193
1,0,1,0
6,0,6,0
0,6,6,75
3,0,3,0
15,0,15,0
4,0,4,0
9,0,9,0
2,0,2,0
2,0,2,0
1,0,1,0
0,3,3,0
0,2,2,37
1,0,1,0
99,0,99,0
1,0,1,0
4,0,4,0
1,0,1,0
0,1,1,9
1,0,1,0
0,128,128,17
2,0,2,0
33,0,33,0
2,0,2,0
0,29,29,121
38,0,38,0
0,77,77,63
2,0,2,0
1,0,1,0
0,2,2,4
1,0,1,0
0,9,9,29
1,0,1,0
0,1,1,6
0,38,38,31
1,489,490,48
3,0,3,0
2,0,2,0
4,0,4,0
0,14,14,30
10,0,10,0
1,0,1,0
0,9,9,50
3,0,3,0
0,13,13,7
19,0,19,0
0,6,6,2
7,0,7,0
1,0,1,0
2,0,2,0
100,0,100,0
0,1,1,0
0,214,214,10
210,0,210,0
2,0,2,0
0,50,50,14
11,0,11,0
50,0,50,0
10,0,10,0
1,0,1,0
0,38,38,4
47,0,47,0
0,10,10,10
1,0,1,0
125,0,125,0
3,0,3,0
0,5,5,44
26,0,26,0
1,0,1,0
1,0,1,0
2,0,2,0
7,0,7,0
0,2,2,4
0,2,2,0
0,55,55,39
3,0,3,0
0,67,67,42
12,0,12,0
1,0,1,0
31,0,31,0
2,0,2,0
0,6,6,0
14,0,14,0
6,0,6,0
1,0,1,0
0,68,68,53
0,5,5,27
6,0,6,0
1,0,1,0
5,0,5,0
8,0,8,0
16,0,16,0
10,0,10,0
3,0,3,0
2,0,2,0
0,5,5,20
0,517,517,3
7,0,7,0
1,0,1,0
19,0,19,0
0,2,2,1
6,0,6,0
6,0,6,0
4,0,4,0
3,0,3,0
34,0,34,0
2,0,2,0
4,0,4,0
4,0,4,0
6,0,6,0
2,0,2,0
0,5,5,4
2,0,2,0
0,1,1,15
0,3,3,0
12,0,12,0
2,0,2,0
6,0,6,0
2,0,2,0
92,0,92,0
48,0,48,0
5,0,5,0
0,37,37,33
0,4,4,25
119,0,119,0
0,9,9,2
0,13,13,10
0,30,30,32
6,0,6,0
3,0,3,0
4,0,4,0
0,7,7,4
8,0,8,0
7,0,7,0
1,0,1,0
3,0,3,0
0,1,1,8
4,0,4,0
8,0,8,0
1,0,1,0
1,0,1,0
4,0,4,0
4,0,4,0
1,0,1,0
0,29,29,48
2,0,2,0
0,1,1,6
7,0,7,0
3,0,3,0
2,0,2,0
19,0,19,0
4,0,4,0
1,0,1,0
1,0,1,0
4,0,4,0
4,0,4,0
2,0,2,0
1,0,1,0
0,4,4,0
2,0,2,0
13,0,13,0
3,0,3,0
1,0,1,0
1,0,1,0
0,91,91,7
1,0,1,0
0,11,11,13
0,19,19,5
350,0,350,0
1,0,1,0
10,0,10,0
4,0,4,0
1,0,1,0
3,0,3,0
11,0,11,0
1,0,1,0
1,0,1,0
0,35,35,13
0,4,4,11
2,0,2,0
2,0,2,0
29,0,29,0
0,2,2,17
3,0,3,0
2,0,2,0
20,0,20,0
0,69,69,18
11,0,11,0
0,5,5,7
6,0,6,0
4,0,4,0
4,0,4,0
29,0,29,0
1,0,1,0
1,0,1,0
7,0,7,0
32,0,32,0
1,0,1,0
60,0,60,0
1,0,1,0
1,0,1,0
8,0,8,0
4,0,4,0
0,7,7,3
2,0,2,0
0,1,1,77
3,0,3,0
0,15,15,10
11,0,11,0
17,0,17,0
2,0,2,0
1,0,1,31
1,0,1,0
1,0,1,0
4,0,4,0
87,0,87,0
2,0,2,0
0,4,4,13
1,0,1,0
4,0,4,0
1,0,1,0
0,4,4,17
0,2,2,25
0,57,57,65
5,0,5,0
17,0,17,0
3,0,3,0
11,0,11,0
2,0,2,0
2,0,2,0
1,0,1,0
0,7,7,0
0,3,3,22
0,1,1,1
3,0,3,0
0,5,5,19
3,0,3,0
1,0,1,0
1,0,1,0
22,0,22,0
1,0,1,0
0,14,14,1
3,0,3,0
0,1,1,19
2,0,2,0
13,0,13,0
0,31,31,10
0,5,5,12
2,0,2,0
0,7,7,29
1,0,1,0
0,12,12,11
4,0,4,0
4,0,4,0
0,16,16,14
3,0,3,0
1,0,1,0
0,1,1,4
1,0,1,0
0,26,26,0
0,7,7,18
1,0,1,0
0,274,274,28
121,0,121,0
33,0,33,0
17,0,17,0
0,1,1,0
0,8,8,7
16,0,16,0
1,0,1,0
2,0,2,0
1,0,1,0
9,0,9,0
9,0,9,0
5,0,5,0
1,0,1,0
5,0,5,0
0,9,9,14
38,0,38,0
1,0,1,0
0,65,65,74
0,1,1,11
1,0,1,0
3,0,3,0
4,0,4,0
5,0,5,0
0,4,4,5
2,0,2,0
15,0,15,0
1,0,1,0
1,0,1,0
2,0,2,0
16,0,16,0
1,0,1,0
0,5,5,8
12,0,12,0
4,0,4,0
0,3,3,5
0,132,132,21
3,0,3,0
9,0,9,0
10,0,10,0
0,94,94,77
0,43,43,88
4,0,4,0
0,28,28,0
1,0,1,0
0,86,86,55
65,0,65,0
5,0,5,0
12,0,12,0
2,0,2,0
1,0,1,0
0,1,1,3
1,0,1,0
1,0,1,0
0,3,3,2
1,0,1,0
3,0,3,0
1,0,1,0
1,0,1,0
0,27,27,0
117,0,117,0
0,1,1,229
5,0,5,0
0,1,1,0
2,0,2,0
1,0,1,0
3,0,3,0
0,98,98,16
0,9,9,82
2,0,2,0
0,11,11,2
0,1,1,24
14,0,14,0
1,0,1,0
2,0,2,0
0,2,2,4
0,13,13,0
4,0,4,0
0,20,20,4
1,0,1,0
0,15,15,19
1,0,1,0
1,0,1,0
7,0,7,0
2,0,2,0
3,0,3,0
2,0,2,0
25,0,25,0
1,0,1,0
0,8,8,6
2,0,2,0
3,0,3,0
3,0,3,0
23,0,23,0
1,0,1,0
1,0,1,0
17,0,17,0
6,0,6,0
0,5,5,20
7,0,7,0
0,1,1,40
3,0,3,0
1,0,1,0
5,0,5,0
0,5,5,16
2,0,2,0
0,5,5,3
0,1,1,30
17,0,17,0
5,0,5,0
0,1,1,8
4,0,4,0
12,0,12,0
6,0,6,0
2,0,2,0
7,0,7,0
13,0,13,0
0,9,9,0
0,77,77,39
2,0,2,0
0,44,44,11
0,10,10,1
1,0,1,0
0,4,4,14
4,0,4,0
0,1,1,21
1,0,1,0
0,7,7,17
1,0,1,0
1,0,1,0
0,16,16,33
14,0,14,0
29,0,29,0
3,0,3,0
85,0,85,0
1,0,1,0
2,0,2,0
1,0,1,0
0,5,5,4
18,0,18,0
3,0,3,0
1,0,1,0
1,0,1,0
19,0,19,0
3,0,3,0
0,560,560,49
0,50,50,54
8,0,8,0
131,0,131,0
9,0,9,0
18,0,18,0
0,3,3,5
0,49,49,18
11,0,11,0
2,0,2,0
9,0,9,0
1,0,1,0
10,0,10,0
2,0,2,0
0,2,2,23
18,0,18,0
2,0,2,0
13,0,13,0
3,0,3,0
23,0,23,0
7,0,7,0
0,24,24,23
2,0,2,0
4,0,4,0
6,0,6,0
3,0,3,0
3,0,3,0
6,0,6,0
0,86,86,14
10,0,10,0
0,1,1,4
14,0,14,0
2,0,2,0
0,86,86,8
17,0,17,0
10,0,10,0
3,0,3,0
3,0,3,0
6,0,6,0
0,155,155,147
3,0,3,0
0,1,1,31
4,0,4,0
10,0,10,0
1,0,1,0
1,0,1,0
6,0,6,0
0,6,6,53
2,0,2,0
3,0,3,0
1,0,1,0
1,0,1,0
2,0,2,0
3,0,3,0
18,0,18,0
1,0,1,0
1,0,1,0
0,2,2,166
6,0,6,0
0,16,16,0
0,1,1,6
3,0,3,0
32,0,32,0
5,0,5,0
4,0,4,0
7,0,7,0
3,0,3,0
0,78,78,0
5,0,5,0
17,0,17,0
4,0,4,0
3,0,3,0
10,0,10,0
3,0,3,0
5,0,5,0
5,0,5,0
2,0,2,0
1,0,1,0
101,0,101,0
2,0,2,0
0,3,3,55
7,0,7,0
6,0,6,0
1,0,1,0
0,12,12,26
9,0,9,0
0,10,10,11
4,0,4,0
0,175,175,43
4,0,4,0
1,0,1,0
3,0,3,0
2,0,2,0
2,0,2,0
3,0,3,0
0,1,1,7
2,0,2,0
2,0,2,0
0,177,177,42
174,0,174,0
29,0,29,0
1,0,1,0
0,10,10,18
0,10,10,40
3,0,3,0
1,0,1,0
0,1,1,3
2,0,2,0
0,1,1,1
35,0,35,0
1,0,1,0
4,0,4,0
0,50,50,45
4,0,4,0
13,0,13,0
0,1,1,4
108,0,108,0
0,10,10,67
5,0,5,0
0,9,9,17
4,0,4,0
0,10,10,7
0,11,11,8
1,0,1,0
1,0,1,0
0,12,12,35
6,0,6,0
0,2,2,26
0,18,18,21
1,0,1,0
0,5,5,22
1,0,1,0
1,0,1,0
2,0,2,0
0,6,6,16
0,8,8,112
1,0,1,0
4,0,4,0
12,0,12,0
2,0,2,0
1,0,1,0
1,0,1,0
2,0,2,0
0,9,9,39
5,0,5,0
2,0,2,0
17,0,17,0
0,1,1,9
4,0,4,0
5,0,5,0
10,0,10,0
5,0,5,0
4,0,4,0
2,0,2,0
2,0,2,0
2,0,2,0
1,0,1,0
11,0,11,0
11,0,11,0
2,0,2,0
1,0,1,0
1,0,1,0
0,63,63,2
62,0,62,0
3,0,3,0
0,1,1,1
0,2,2,6
0,2,2,155
1,0,1,0
3,0,3,0
1,0,1,0
7,0,7,0
3,0,3,0
2,0,2,0
16,0,16,0
1,0,1,0
2,0,2,0
1,0,1,0
1,0,1,0
0,8,8,0
10,0,10,0
11,0,11,0
7,0,7,0
3,0,3,0
2,0,2,0
3,0,3,0
27,0,27,0
0,5,5,4
0,9,9,8
0,71,71,75
0,8,8,13
1,0,1,0
2,0,2,0
3,0,3,0
0,24,24,16
278,0,278,0
0,42,42,21
0,24,24,15
0,8,8,3
4,0,4,0
113,0,113,0
6,0,6,0
1,0,1,0
2,0,2,0
0,1,1,13
2,0,2,0
2,0,2,0
0,1,1,2
0,1,1,2
5,0,5,0
2,0,2,0
2,0,2,0
18,0,18,0
0,13,13,30
3,0,3,0
5,0,5,0
4,0,4,0
18,0,18,0
0,20,20,47
0,2,2,0
17,0,17,0
0,3,3,9
17,0,17,0
0,10,10,11
6,0,6,0
2,0,2,0
0,188,188,91
0,2,2,3
70,0,70,0
2,0,2,0
3,0,3,0
0,3,3,17
5,0,5,0
2,0,2,0
4,0,4,0
6,0,6,0
30,0,30,0
12,0,12,0
1,0,1,0
10,0,10,0
3,0,3,0
1,0,1,0
0,81,81,23
2,0,2,0
0,203,203,9
0,122,122,16
2,0,2,0
5,0,5,0
35,0,35,0
20,0,20,0
3,0,3,0
1,0,1,0
1,0,1,0
9,0,9,0
0,5,5,55
8,0,8,0
0,198,198,36
36,0,36,0
0,2,2,1
1,0,1,0
0,1,1,55
0,2,2,8
2,0,2,0
223,0,223,0
1,0,1,0
0,2,2,17
1,0,1,0
0,16,16,10
2,0,2,0
1,0,1,0
2,0,2,0
2,0,2,0
0,168,168,0
0,2,2,18
0,4,4,3
0,6,6,7
6,0,6,0
9,0,9,0
4,0,4,0
1,0,1,0
2,0,2,0
2,0,2,0
74,0,74,0
0,3,3,19
11,0,11,0
9,0,9,0
4,0,4,0
8,0,8,0
0,13,13,1
0,33,33,61
0,48,48,31
57,0,57,0
0,7,7,6
0,3,3,63
13,0,13,0
1,0,1,0
1,0,1,0
0,6,6,11
4,0,4,0
22,0,22,0
0,56,56,73
1,0,1,0
0,3,3,4
3,0,3,0
0,2,2,4
80,0,80,0
0,2,2,0
3,0,3,0
2,0,2,0
1,0,1,0
12,0,12,0
0,7,7,65
53,0,53,0
11,0,11,0
0,9,9,3
7,0,7,0
1,0,1,0
2,0,2,0
3,0,3,0
0,13,13,20
3,0,3,0
10,0,10,0
1,0,1,0
4,0,4,0
2,0,2,0
2,0,2,0
44,0,44,0
8,0,8,0
0,14,14,12
0,70,70,14
18,0,18,0
19,0,19,0
2,0,2,0
5,0,5,0
3,0,3,0
65,0,65,0
13,0,13,0
9,0,9,0
10,0,10,0
1,0,1,0
5,0,5,0
11,0,11,0
0,375,375,97
0,10,10,5
1,0,1,0
5,0,5,0
7,0,7,0
2,0,2,0
0,7,7,27
5,0,5,0
4,0,4,0
19,0,19,0
1,0,1,0
0,26,26,0
2,0,2,0
2,0,2,0
51,0,51,0
0,24,24,9
1,0,1,0
0,24,24,0
0,269,269,39
0,1,1,2
2,0,2,0
0,10,10,45
5,0,5,0
2,0,2,0
0,3,3,4
0,3,3,2
25,0,25,0
0,6,6,0
2,0,2,0
4,0,4,0
0,3,3,27
4,0,4,0
0,11,11,26
0,54,54,4
67,0,67,0
2,0,2,0
1,0,1,0
6,0,6,0
3,0,3,0
2,0,2,0
1,0,1,0
0,7,7,12
1,0,1,0
20,0,20,0
3,0,3,0
2,0,2,0
6,0,6,0
1,0,1,0
10,0,10,0
5,0,5,0
0,4,4,5
7,0,7,0
1,0,1,0
12,0,12,0
0,12,12,51
7,0,7,0
4,0,4,0
3,0,3,0
5,0,5,0
7,0,7,0
0,2,2,33
17,0,17,0
0,17,17,18
2,0,2,0
0,21,21,7
0,3,3,2
2,0,2,0
0,3,3,110
0,6,6,0
2,0,2,0
5,0,5,0
1,0,1,0
2,0,2,0
0,9,9,9
9,0,9,0
0,116,116,17
0,6,6,1
7,0,7,0
6,0,6,0
52,0,52,0
0,19,19,42
2,0,2,0
0,90,90,32
0,3,3,0
31,0,31,0
0,32,32,11
11,0,11,0
1,0,1,0
1,0,1,0
0,60,60,12
1,0,1,0
1,0,1,0
0,2,2,13
0,17,17,16
22,0,22,0
0,8,8,11
1,0,1,0
0,1,1,1
1,0,1,0
1,0,1,0
1,0,1,0
3,0,3,0
15,0,15,0
2,0,2,0
2,0,2,0
5,0,5,0
64,0,64,0
58,0,58,0
15,0,15,0
1,0,1,0
13,0,13,0
197,0,197,0
1,0,1,0
11,0,11,0
1,0,1,0
4,0,4,0
0,43,43,13
8,0,8,0
60,0,60,0
0,15,15,20
2,0,2,0
3,0,3,0
9,0,9,0
0,5,5,40
24,0,24,0
2,0,2,0
1,0,1,0
2,0,2,0
38,0,38,0
47,0,47,0
0,5,5,10
16,0,16,0
39,0,39,0
0,4,4,21
5,0,5,0
0,35,35,24
29,0,29,0
9,0,9,0
0,2,2,6
3,0,3,0
9,0,9,0
3,0,3,0
2,0,2,0
2,0,2,0
7,0,7,0
3,0,3,0
0,72,72,52
7,0,7,0
2,0,2,0
0,3,3,46
0,10,10,45
10,0,10,0
4,0,4,0
71,0,71,0
20,0,20,0
2,0,2,0
11,0,11,0
46,0,46,0
1,0,1,0
0,85,85,35
5,0,5,0
5,0,5,0
0,5,5,7
11,0,11,0
0,70,70,33
8,0,8,0
6,0,6,0
1,0,1,0
0,26,26,29
0,6,6,34
0,96,96,14
4,0,4,0
5,0,5,0
27,0,27,0
1,0,1,0
6,0,6,0
6,0,6,0
1,0,1,0
0,1,1,64
8,0,8,0
10,0,10,0
2,0,2,0
3,0,3,0
34,0,34,0
0,304,304,20
1,0,1,0
6,0,6,0
1,0,1,0
0,4,4,9
1,0,1,0
1,0,1,0
6,0,6,0
3,0,3,0
0,6,6,11
4,0,4,0
0,66,66,5
4,0,4,60
4,0,4,0
4,0,4,0
4,0,4,0
0,3,3,4
68,0,68,0
11,0,11,0
0,2,2,0
2,0,2,0
13,0,13,0
1,0,1,0
2,0,2,0
3,0,3,0
15,0,15,0
1,0,1,0
2,0,2,0
1,0,1,0
0,40,40,5
5,0,5,0
0,5,5,7
3,0,3,0
1,0,1,0
26,0,26,0
0,4,4,8
2,0,2,0
2,0,2,0
2,0,2,0
0,7,7,21
34,0,34,0
0,30,30,0
5,0,5,0
11,0,11,0
0,10,10,11
0,5,5,7
3,0,3,0
0,1,1,3
0,15,15,21
12,0,12,0
4,0,4,0
0,7,7,8
0,5,5,6
1,0,1,0
1,0,1,0
2,0,2,0
0,3,3,1
1,0,1,0
2,0,2,0
1,0,1,0
75,0,75,0
0,1,1,13
37,0,37,0
0,272,272,39
0,46,46,171
0,2,2,6
1,0,1,0
0,1,1,5
50,0,50,0
0,2,2,8
9,0,9,0
0,4,4,10
1,0,1,0
2,0,2,0
0,99,99,22
0,57,57,17
0,4,4,1
3,0,3,0
26,0,26,0
5,0,5,0
1,0,1,0
9,0,9,0
0,14,14,20
9,0,9,0
20,0,20,0
6,0,6,0
124,0,124,0
2,0,2,0
0,32,32,39
2,0,2,0
1,0,1,0
1,0,1,0
0,314,314,169
66,0,66,0
8,0,8,0
9,0,9,0
70,0,70,0
6,0,6,0
3,0,3,0
12,0,12,0
37,0,37,0
1,0,1,0
0,14,14,7
1,0,1,0
0,81,81,4
0,22,22,54
46,0,46,0
47,0,47,0
9,0,9,0
0,4,4,2
2,0,2,0
5,0,5,0
2,0,2,0
0,43,43,36
0,24,24,10
1,0,1,0
3,0,3,0
1,0,1,0
24,0,24,0
0,3,3,8
5,0,5,0
0,5,5,88
11,0,11,0
2,0,2,0
0,1,1,0
13,0,13,0
0,39,39,12
82,0,82,0
2,0,2,0
0,41,41,99
1,0,1,0
2,0,2,0
1,0,1,0
0,5,5,13
1,0,1,0
0,7,7,9
0,2,2,14
4,0,4,0
1,0,1,0
2,0,2,0
1,0,1,0
1,0,1,0
1,0,1,0
2,0,2,0
0,470,470,13
9,0,9,0
1,0,1,0
0,1,1,1
31,0,31,0
3,0,3,0
1,0,1,0
1,0,1,0
3,0,3,0
0,43,43,18
43,0,43,0
3,0,3,0
1,0,1,0
453,0,453,0
0,2,2,7
1,0,1,0
0,8,8,0
0,12,12,2
2,0,2,0
0,34,34,20
7,0,7,0
3,0,3,0
1,0,1,0
1,0,1,0
1,0,1,0
0,16,16,15
27,0,27,0
0,10,10,29
0,4,4,25
2,0,2,0
0,1,1,2
2,0,2,0
2,0,2,0
5,0,5,0
1,0,1,0
1,0,1,0
0,2,2,0
33,0,33,0
1,0,1,0
0,5,5,9
1,0,1,0
2,0,2,0
0,9,9,5
1,0,1,0
1,0,1,0
0,6,6,28
1,0,1,0
1,0,1,0
0,6,6,16
11,0,11,0
1,0,1,0
1,0,1,0
0,13,13,30
1,0,1,0
0,13,13,0
0,7,7,2
1,0,1,0
3,0,3,0
15,0,15,0
21,0,21,0
11,0,11,0
6,0,6,0
13,0,13,0
3,0,3,0
3,0,3,0
0,1,1,3
42,0,42,0
0,6,6,0
22,0,22,0
1,0,1,0
2,0,2,0
1,0,1,0
0,5,5,0
19,0,19,0
1,0,1,0
13,0,13,0
4,0,4,0
5,0,5,0
6,0,6,0
2,0,2,0
16,0,16,0
54,0,54,0
2,0,2,0
2,0,2,0
1,0,1,0
3,0,3,0
3,0,3,0
0,17,17,4
33,0,33,0
0,7,7,8
22,0,22,0
0,16,16,1
6,0,6,0
2,0,2,0
0,4,4,5
2,0,2,0
9,0,9,0
10,0,10,0
139,0,139,0
3,0,3,0
10,0,10,0
3,0,3,0
3,0,3,0
23,0,23,0
6,0,6,0
3,0,3,0
9,0,9,0
0,2,2,65
1,0,1,0
4,0,4,0
1,0,1,0
1,0,1,0
18,0,18,0
0,7,7,20
2,0,2,0
2,0,2,0
2,0,2,0
0,1,1,11
48,0,48,0
1,0,1,0
0,18,18,0
13,0,13,0
10,0,10,0
3,0,3,0
1,0,1,0
31,0,31,0
13,0,13,0
15,0,15,0
15,0,15,0
3,0,3,0
0,32,32,25
8,0,8,0
7,0,7,0
4,0,4,0
1,0,1,0
4,0,4,0
20,0,20,0
6,0,6,0
46,0,46,0
0,2,2,2
6,0,6,0
2,0,2,0
3,0,3,0
1,0,1,0
2,0,2,0
5,0,5,0
1,0,1,0
1,0,1,0
1,0,1,0
24,0,24,0
1,0,1,0
9,0,9,0
0,1,1,13
0,3,3,2
2,0,2,0
14,0,14,0
2,0,2,0
1,0,1,0
2,0,2,0
18,0,18,0
11,0,11,0
4,0,4,0
0,2,2,8
0,21,21,0
2,0,2,0
1,0,1,0
1,0,1,84
1,0,1,0
0,11,11,1
1,0,1,0
0,2,2,3
0,33,33,6
1,0,1,0
1,0,1,0
8,0,8,0
4,0,4,0
0,1,1,2
7,0,7,0
7,0,7,0
12,0,12,0
4,0,4,0
1,0,1,0
2,0,2,0
11,0,11,0
3,0,3,0
1,0,1,0
0,6,6,16
1,0,1,0
0,18,18,0
1,0,1,0
1,0,1,0
1,0,1,0
1,0,1,0
0,7,7,128
7,0,7,0
1,0,1,0
6,0,6,0
0,69,69,85
1,0,1,0
31,0,31,0
4,0,4,0
7,0,7,0
0,1,1,6
0,23,23,90
1,0,1,0
2,0,2,0
0,57,57,32
0,13,13,2
11,0,11,0
1,0,1,0
2,0,2,0
17,0,17,0
9,0,9,0
8,0,8,0
3,0,3,0
0,4,4,0
4,0,4,0
2,0,2,0
0,41,41,32
3,0,3,0
0,40,40,4
2,0,2,0
20,0,20,0
1,0,1,0
6,0,6,0
0,22,22,70
1,0,1,0
0,2,2,29
0,8,8,11
3,0,3,0
5,0,5,0
2,0,2,0
1,0,1,0
2,0,2,0
1,0,1,0
0,3,3,1
1,0,1,0
13,0,13,0
87,0,87,0
5,0,5,0
1,0,1,0
1,0,1,0
6,0,6,0
4,0,4,0
1,0,1,0
0,374,374,23
0,6,6,44
0,3,3,15
2,0,2,0
1,0,1,0
6,0,6,0
8,0,8,0
0,1,1,3
1,0,1,0
16,0,16,0
3,0,3,0
0,4,4,10
51,0,51,0
2,0,2,0
5,0,5,0
0,19,19,15
0,1,1,0
5,0,5,0
1,0,1,0
1,0,1,0
2,0,2,0
0,1,1,13
6,0,6,0
26,0,26,0
0,3,3,16
0,2,2,48
1,0,1,0
16,0,16,0
18,0,18,0
0,25,25,11
10,0,10,0
0,30,30,40
4,0,4,0
3,0,3,0
6,0,6,0
3,0,3,0
0,348,348,7
6,0,6,0
0,8,8,51
0,1,1,1
6,0,6,0
1,0,1,0
5,0,5,0
10,0,10,0
0,2,2,1
7,0,7,0
0,1,1,24
1,0,1,0
20,0,20,0
3,0,3,0
10,0,10,0
5,0,5,0
5,0,5,0
19,0,19,0
0,30,30,21
18,0,18,0
1,0,1,0
9,0,9,0
19,0,19,0
7,0,7,0
0,4,4,10
0,39,39,26
0,36,36,86
0,13,13,9
5,0,5,0
0,81,81,7
0,4,4,3
6,0,6,0
0,1,1,6
0,6,6,12
7,0,7,0
0,122,122,14
2,0,2,0
0,10,10,0
3,0,3,0
1,0,1,0
2,0,2,0
271,0,271,0
2,0,2,0
9,0,9,0
1,0,1,0
11,0,11,0
0,103,103,14
3,0,3,0
2,0,2,0
1,0,1,0
0,1,1,2
0,71,71,92
1,0,1,0
1,0,1,0
9,0,9,0
4,0,4,0
0,1,1,5
17,0,17,0
1,0,1,0
2,0,2,0
4,0,4,0
17,0,17,0
7,0,7,0
1,0,1,0
26,0,26,0
0,16,16,4
1,0,1,0
3,0,3,0
2,0,2,0
0,15,15,12
5,0,5,0
5,0,5,0
1,0,1,0
4,0,4,0
5,0,5,0
0,1,1,12
1,0,1,0
0,55,55,41
0,3,3,2
4,0,4,0
1,0,1,0
37,0,37,0
0,2,2,4
1,0,1,0
2,0,2,0
2,0,2,0
5,0,5,0
0,47,47,1
1,0,1,0
14,0,14,0
7,0,7,0
23,0,23,0
59,0,59,0
3,0,3,0
36,0,36,0
0,34,34,14
5,0,5,0
38,0,38,0
3,0,3,0
11,0,11,0
1,0,1,0
32,0,32,0
4,0,4,0
0,1,1,0
6,0,6,0
58,0,58,0
0,2,2,32
10,0,10,0
0,39,39,19
3,0,3,0
275,0,275,0
2,0,2,0
15,0,15,0
4,0,4,0
21,0,21,0
0,1,1,0
2,0,2,0
0,13,13,5
0,617,617,18
32,0,32,0
0,18,18,37
1,0,1,0
1,0,1,0
2,0,2,0
0,2,2,1
3,0,3,0
0,5,5,0
2,0,2,0
5,0,5,0
0,16,16,36
2,0,2,0
10,0,10,0
9,0,9,0
0,2,2,15
0,7,7,62
1,0,1,0
0,3,3,4
2,0,2,0
2,0,2,0
0,3,3,39
0,11,11,4
25,0,25,0
0,2,2,24
13,0,13,0
0,28,28,32
4,0,4,0
0,3,3,42
0,20,20,14
8,0,8,0
1,0,1,0
5,0,5,0
4,0,4,0
2,0,2,0
10,0,10,0
5,0,5,0
6,0,6,0
10,0,10,0
3,0,3,0
2,0,2,0
0,15,15,22
0,52,52,45
40,0,40,0
2,0,2,0
8,0,8,0
0,15,15,1
2,0,2,0
1,0,1,0
3,0,3,0
2,0,2,0
0,31,31,110
5,0,5,0
1,0,1,0
2,0,2,0
7,0,7,0
0,35,35,15
0,3,3,2
4,0,4,0
1,0,1,0
5,0,5,0
0,3,3,30
2,0,2,0
4,0,4,0
2,0,2,0
19,0,19,0
0,3,3,9
13,0,13,0
2,0,2,0
0,6,6,2
9,0,9,0
1,0,1,0
1,0,1,0
1,0,1,0
8,0,8,0
3,0,3,0
0,28,28,96
5,0,5,0
15,0,15,0
4,0,4,0
0,13,13,40
14,0,14,0
30,0,30,0
0,16,16,43
0,3,3,8
104,0,104,0
0,11,11,37
0,7,7,22
1,0,1,0
2,0,2,0
0,1,1,192
0,33,33,47
14,0,14,0
1,0,1,0
0,5,5,39
0,4,4,10
1,0,1,0
1,0,1,0
0,83,83,19
1,0,1,0
1,0,1,0
1,0,1,0
5,0,5,0
0,76,76,305
4,0,4,0
0,1,1,0
5,0,5,0
0,6,6,56
62,0,62,0
1,0,1,0
1,0,1,0
0,2,2,2
0,54,54,47
26,0,26,0
0,2,2,46
4,0,4,0
2,0,2,0
1,0,1,0
24,0,24,0
3,0,3,0
0,103,103,36
3,0,3,0
1,0,1,0
1,0,1,0
5,0,5,0
2,0,2,0
0,25,25,38
3,0,3,0
2,0,2,0
0,4,4,28
1,0,1,0
0,72,72,44
5,0,5,0
0,6,6,33
2,0,2,0
3,0,3,0
4,0,4,0
0,14,14,3
2,0,2,0
2,0,2,0
69,0,69,0
4,0,4,0
3,0,3,0
3,0,3,0
3,0,3,0
1,0,1,0
0,21,21,34
3,0,3,0
0,14,14,8
0,2,2,15
6,0,6,0
1,0,1,0
3,0,3,0
1,0,1,0
0,93,93,16
5,0,5,0
2,0,2,0
5,0,5,0
0,2,2,1
1,0,1,0
5,0,5,0
2,0,2,0
1,0,1,0
2,0,2,0
0,4,4,22
6,0,6,0
32,0,32,0
0,3,3,14
1,0,1,0
2,0,2,0
8,0,8,0
4,0,4,0
6,0,6,0
1,0,1,0
1,0,1,0
2,0,2,0
1,0,1,0
3,0,3,0
0,9,9,12
1,0,1,0
7,0,7,0
1,0,1,0
0,27,27,13
19,0,19,0
0,2,2,5
2,0,2,0
1,0,1,0
0,4,4,1
1,0,1,0
5,0,5,0
1,0,1,0
0,1,1,2
7,0,7,0
0,2,2,3
2,0,2,0
1,0,1,0
4,0,4,0
6,0,6,0
0,316,316,20
1,0,1,0
0,14,14,0
0,5,5,66
9,0,9,0
0,1,1,1
7,0,7,0
1,0,1,0
1,0,1,0
1,0,1,0
4,0,4,0
6,0,6,0
4,0,4,0
69,0,69,0
12,0,12,0
0,3,3,11
0,6,6,1
19,0,19,0
0,2,2,69
1,0,1,0
1,0,1,0
0,68,68,96
12,0,12,0
1,0,1,0
0,14,14,0
6,0,6,0
0,38,38,35
34,0,34,0
2,0,2,0
23,0,23,0
1,0,1,0
3,0,3,0
0,93,93,4
7,0,7,0
0,3,3,2
12,0,12,0
8,0,8,0
0,1,1,7
1,0,1,0
4,0,4,0
17,0,17,0
1,0,1,0
0,4,4,11
3,0,3,0
96,0,96,0
1,0,1,0
1,0,1,0
1,0,1,0
36,0,36,0
6,0,6,0
6,0,6,0
35,0,35,0
9,0,9,0
0,31,31,32
7,0,7,0
0,40,40,11
8,0,8,0
0,4,4,12
16,0,16,0
0,4,4,77
1,0,1,0
1,0,1,0
23,0,23,0
0,1,1,40
1,0,1,0
420,0,420,0
0,66,66,53
478,0,478,0
1,0,1,0
1,0,1,0
20,0,20,0
4,0,4,0
0,9,9,1
10,0,10,0
0,3,3,56
23,0,23,0
0,60,60,55
133,0,133,0
63,0,63,0
4,0,4,0
0,27,27,40
4,0,4,0
45,0,45,0
2,0,2,0
0,6,6,2
12,0,12,0
0,52,52,100
7,0,7,0
1,0,1,0
12,0,12,0
4,0,4,0
6,0,6,0
2,0,2,0
0,7,7,5
3,0,3,0
0,1,1,53
213,0,213,0
6,0,6,0
0,52,52,26
20,0,20,0
0,1,1,1
0,39,39,49
27,0,27,0
0,10,10,1
0,2,2,82
0,1,1,10
12,0,12,0
1,0,1,0
0,15,15,16
1,0,1,0
1,0,1,0
1,0,1,0
4,0,4,0
12,0,12,0
1,0,1,0
1,0,1,0
19,0,19,0
0,39,39,55
12,0,12,0
13,0,13,0
10,0,10,0
1,4,5,17
0,3,3,12
0,137,137,20
2,0,2,0
1,0,1,0
1,0,1,0
14,0,14,0
3,0,3,0
23,0,23,0
0,152,152,32
0,4,4,28
1,0,1,0
36,0,36,0
2,0,2,0
1,0,1,0
1,0,1,0
0,2,2,9
3,0,3,0
0,64,64,1
2,0,2,0
1,0,1,0
5,0,5,0
2,0,2,0
45,0,45,0
2,0,2,0
3,0,3,0
16,0,16,0
1,0,1,0
4,0,4,0
7,0,7,0
2,0,2,0
56,0,56,0
0,33,33,9
20,0,20,0
4,0,4,0
2,0,2,0
52,0,52,0
2,0,2,0
52,0,52,0
0,6,6,2
0,7,7,8
20,0,20,0
0,8,8,8
7,0,7,0
3,0,3,0
4,0,4,0
8,0,8,0
21,0,21,0
0,3,3,1
1,0,1,0
0,9,9,0
2,0,2,0
1,0,1,0
292,0,292,0
2,0,2,0
3,0,3,0
14,0,14,0
1,0,1,0
1,0,1,0
124,0,124,0
0,7,7,16
0,1,1,34
1,0,1,0
2,0,2,0
10,0,10,0
0,39,39,1
0,9,9,8
6,0,6,0
3,0,3,0
0,11,11,56
0,113,113,23
2,0,2,0
1,0,1,0
12,0,12,0
0,3,3,8
3,0,3,0
16,0,16,0
0,4,4,3
0,6,6,0
16,0,16,0
3,0,3,0
7,0,7,0
8,0,8,0
5,0,5,0
0,5,5,81
0,3,3,9
3,0,3,0
91,0,91,0
1,0,1,0
2,0,2,0
29,0,29,0
1,0,1,0
6,0,6,0
2,0,2,0
46,0,46,0
14,0,14,0
2,0,2,0
3,0,3,0
9,0,9,0
0,5,5,1
1,0,1,0
1,0,1,0
10,0,10,0
3,0,3,0
0,6,6,1
7,0,7,0
7,0,7,0
0,3,3,0
5,0,5,0
0,1,1,27
0,2,2,32
8,0,8,0
1,0,1,0
0,2,2,9
1,0,1,0
0,44,44,27
45,0,45,0
1,0,1,0
0,4,4,0
12,0,12,0
1,0,1,0
0,1,1,6
1,0,1,0
4,0,4,0
2,0,2,0
1,0,1,0
1,0,1,0
1,0,1,0
2,0,2,0
3,0,3,0
57,0,57,0
1,0,1,0
6,0,6,0
3,0,3,0
6,0,6,0
2,0,2,0
0,8,8,120
3,0,3,0
0,4,4,3
24,0,24,0
4,0,4,0
1,0,1,0
1,0,1,0
1,0,1,0
0,5,5,123
1,0,1,0
3,0,3,0
0,6,6,38
1,0,1,0
0,329,329,62
180,0,180,0
0,12,12,0
1,0,1,0
0,11,11,6
0,52,52,6
1,0,1,0
3,0,3,0
1,0,1,0
1,0,1,0
2,0,2,0
11,0,11,0
4,0,4,0
10,0,10,0
1,0,1,0
14,0,14,0
2,0,2,0
389,0,389,0
1,0,1,0
0,6,6,0
9,0,9,0
4,0,4,0
6,0,6,0
5,0,5,0
5,0,5,0
6,0,6,0
5,0,5,0
33,0,33,0
3,0,3,0
2,0,2,0
3,0,3,0
0,1,1,10
1,0,1,0
7,0,7,0
8,0,8,0
1,0,1,0
0,1,1,57
2,0,2,0
10,0,10,0
3,0,3,0
30,0,30,0
1,0,1,0
0,132,132,37
7,0,7,0
5,0,5,0
0,4,4,1
0,3,3,36
2,0,2,0
12,0,12,0
0,10,10,35
2,0,2,0
5,0,5,0
1,0,1,0
5,0,5,0
1,0,1,0
2,0,2,0
2,0,2,0
23,0,23,0
1,0,1,0
0,172,172,25
50,0,50,0
1,0,1,0
0,24,24,8
0,5,5,1
0,1,1,9
0,1,1,11
1,0,1,0
1,0,1,0
7,0,7,0
1,0,1,0
0,3,3,13
0,2,2,17
33,0,33,0
2,0,2,0
1,0,1,0
0,1,1,0
84,0,84,0
2,0,2,0
2,0,2,0
3,0,3,0
2,0,2,0
29,0,29,0
0,1,1,1
1,0,1,0
2,0,2,0
1,0,1,0
0,4,4,58
3,0,3,0
0,3,3,8
1,0,1,0
1,0,1,0
1,0,1,0
47,0,47,0
0,16,16,18
7,0,7,0
0,29,29,2
27,0,27,0
0,17,17,2
0,153,153,28
176,0,176,0
1,0,1,0
0,25,25,12
3,0,3,0
4,0,4,0
7,0,7,0
12,0,12,0
1,0,1,0
7,0,7,0
0,33,33,9
0,1,1,78
0,2,2,1
5,0,5,0
5,0,5,0
0,8,8,0
125,0,125,0
0,156,156,39
1,0,1,0
75,0,75,0
0,7,7,87
0,1,1,4
10,0,10,0
0,10,10,5
0,1,1,25
6,0,6,0
1,0,1,0
4,0,4,0
2,0,2,0
1,0,1,0
4,0,4,0
0,6,6,34
21,0,21,0
3,0,3,0
0,24,24,84
1,0,1,0
13,0,13,0
14,0,14,0
0,20,20,18
1,0,1,0
1,0,1,0
3,0,3,0
16,0,16,0
1,0,1,0
2,0,2,0
0,1,1,5
0,134,134,75
1,0,1,0
5,0,5,0
0,2,2,0
6,0,6,0
2,0,2,0
1,0,1,0
6,0,6,0
6,0,6,0
8,0,8,0
0,60,60,24
7,0,7,0
29,0,29,0
0,2,2,11
3,0,3,0
0,1,1,0
0,7,7,3
0,37,37,107
9,0,9,0
1,0,1,0
2,0,2,0
4,0,4,0
1,0,1,0
4,0,4,0
2,0,2,0
0,1,1,12
11,0,11,0
0,55,55,78
5,0,5,0
0,6,6,31
0,309,309,33
2,0,2,0
0,4,4,7
7,0,7,0
1,0,1,0
0,2,2,0
1,0,1,0
2,0,2,0
6,0,6,0
8,0,8,0
0,3,3,8
4,0,4,0
2,0,2,0
4,0,4,0
0,14,14,13
12,0,12,0
5,0,5,0
0,1,1,15
2,0,2,0
2,0,2,0
166,0,166,0
10,0,10,0
49,0,49,0
1,0,1,0
0,5,5,7
1,0,1,0
7,0,7,0
6,0,6,0
240,0,240,0
0,7,7,13
2,0,2,0
17,0,17,0
18,0,18,0
1,0,1,0
2,0,2,0
2,0,2,0
0,14,14,25
2,0,2,0
16,0,16,0
3,0,3,0
1,0,1,0
0,2,2,6
0,8,8,29
1,0,1,0
0,5,5,17
1,0,1,0
3,0,3,0
4,0,4,0
16,0,16,0
2,0,2,0
1,0,1,0
20,0,20,0
4,0,4,0
1,0,1,0
2,0,2,0
5,0,5,0
0,16,16,54
2,0,2,0
4,0,4,0
2,0,2,0
0,1,1,33
4,0,4,0
0,34,34,4
37,0,37,0
7,0,7,0
11,0,11,0
1,0,1,0
4,0,4,0
0,6,6,62
0,53,53,4
11,0,11,0
14,0,14,0
0,9,9,37
1,0,1,0
3,0,3,0
1,0,1,0
9,0,9,0
0,113,113,50
0,26,26,53
0,7,7,21
5,0,5,0
6,0,6,0
3,0,3,0
2,0,2,0
0,2,2,26
0,3,3,105
1,0,1,0
7,0,7,0
0,2,2,8
0,2,2,16
2,0,2,0
2,0,2,0
5,0,5,0
1,0,1,0
54,0,54,0
4,0,4,0
1,0,1,0
5,0,5,0
3,0,3,0
3,0,3,0
1,0,1,0
1,0,1,0
5,0,5,0
0,53,53,61
12,0,12,0
8,0,8,0
67,0,67,0
2,0,2,0
2,0,2,0
1,326,327,17
8,0,8,0
0,15,15,1
42,0,42,0
0,12,12,2
4,0,4,0
182,0,182,0
4,0,4,0
8,0,8,0
1,0,1,0
5,0,5,0
0,1,1,23
1,0,1,0
1,0,1,0
0,68,68,24
162,0,162,0
0,8,8,28
0,73,73,41
315,0,315,0
1,0,1,0
0,30,30,94
5,0,5,0
13,0,13,0
1,0,1,0
8,0,8,0
1,0,1,0
11,0,11,0
28,0,28,0
4,0,4,0
1,0,1,0
1,0,1,0
12,0,12,0
6,0,6,0
1,0,1,0
6,0,6,0
8,0,8,0
2,0,2,0
0,98,98,4
128,0,128,0
0,10,10,1
6,0,6,0
0,5,5,1
17,0,17,0
1,0,1,0
38,0,38,0
3,0,3,0
0,38,38,16
3,0,3,0
2,0,2,0
14,0,14,0
4,0,4,0
0,2,2,43
0,56,56,66
253,0,253,0
2,0,2,0
7,0,7,0
15,0,15,0
2,0,2,0
0,16,16,4
0,40,40,11
3,0,3,0
0,129,129,32
5,0,5,0
157,0,157,0
1,0,1,0
0,7,7,78
0,60,60,15
9,0,9,0
0,5,5,0
1,0,1,0
3,0,3,0
1,0,1,0
1,0,1,0
0,8,8,3
1,0,1,0
7,0,7,0
3,0,3,0
1,0,1,0
0,5,5,19
3,0,3,0
1,0,1,0
22,0,22,0
37,0,37,0
0,50,50,0
5,0,5,0
1,0,1,0
0,2,2,6
16,0,16,0
4,0,4,0
0,9,9,67
61,0,61,0
7,0,7,0
19,0,19,0
7,0,7,0
1,0,1,0
18,0,18,0
4,0,4,0
1,0,1,0
6,0,6,0
2,0,2,0
1,0,1,0
4,0,4,0
0,29,29,357
4,0,4,0
4,0,4,0
4,0,4,0
1,0,1,0
2,0,2,0
18,0,18,0
1,0,1,0
1,0,1,0
1,0,1,0
1,0,1,0
17,0,17,0
17,0,17,0
0,107,107,17
57,0,57,0
0,13,13,3
14,0,14,0
3,0,3,0
11,0,11,0
3,0,3,0
50,0,50,0
18,0,18,0
0,14,14,11
9,0,9,0
3,0,3,0
1,0,1,0
6,0,6,0
3,0,3,0
2,0,2,0
1,0,1,0
3,0,3,0
0,1,1,0
2,0,2,0
1,0,1,0
1,0,1,0
0,97,97,6
1,0,1,0
6,0,6,0
0,1,1,3
0,1,1,8
0,38,38,83
0,12,12,13
1,0,1,0
3,0,3,0
0,66,66,122
13,0,13,0
7,0,7,0
33,0,33,0
1,0,1,0
2,0,2,0
0,1,1,13
2,0,2,0
4,0,4,0
0,7,7,17
250,0,250,0
0,13,13,14
6,0,6,0
4,0,4,0
0,2,2,13
3,0,3,0
1,0,1,0
41,0,41,0
25,0,25,0
2,0,2,0
2,0,2,0
0,4,4,15
4,0,4,0
0,42,42,33
2,0,2,0
1,0,1,0
0,16,16,52
0,7,7,3
5,0,5,0
0,10,10,3
1,0,1,0
1,0,1,0
1,0,1,0
0,274,274,76
0,160,160,52
1,0,1,0
19,0,19,0
7,0,7,0
1,0,1,0
1,0,1,0
0,4,4,3
0,68,68,8
1,0,1,0
44,0,44,0
7,0,7,0
9,0,9,0
40,0,40,0
14,0,14,0
8,0,8,0
0,18,18,12
17,0,17,0
20,0,20,0
53,0,53,0
0,15,15,16
2,0,2,0
0,35,35,39
1,0,1,0
5,0,5,0
2,0,2,0
2,0,2,0
6,0,6,0
0,14,14,1
0,6,6,0
1,0,1,0
5,0,5,0
1,0,1,0
0,1,1,15
2,0,2,0
0,2,2,54
0,3,3,1
0,11,11,1
0,35,35,4
3,0,3,0
1,0,1,0
1,0,1,0
0,72,72,12
2,0,2,0
0,2,2,25
0,27,27,497
3,0,3,0
34,0,34,0
1,0,1,0
1,0,1,0
1,0,1,0
13,0,13,0
1,0,1,0
2,0,2,0
1,0,1,0
5,0,5,0
1,0,1,0
1,0,1,0
2,0,2,0
0,115,115,30
1,0,1,0
8,0,8,0
83,0,83,0
0,1,1,6
7,0,7,0
1,0,1,0
7,0,7,0
1,0,1,0
0,5,5,0
2,0,2,0
1,0,1,0
1,0,1,0
1,0,1,0
5,0,5,0
4,0,4,0
1,0,1,0
0,5,5,13
0,56,56,51
0,2,2,2
1,0,1,0
0,1,1,24
0,416,416,45
0,6,6,10
5,0,5,0
6,0,6,0
1,0,1,0
4,0,4,0
2,0,2,0
12,0,12,0
2,0,2,0
0,90,90,3
65,0,65,0
8,0,8,0
2,0,2,0
14,0,14,0
6,0,6,0
19,0,19,0
1,0,1,0
0,9,9,3
0,4,4,52
22,0,22,0
2,0,2,0
0,3,3,27
0,4,4,97
12,0,12,0
0,2,2,3
0,220,220,44
8,0,8,0
0,147,147,9
0,51,51,19
2,0,2,0
9,0,9,0
8,0,8,0
2,0,2,0
0,2,2,0
0,177,177,57
12,0,12,0
12,0,12,0
3,0,3,0
1,0,1,0
0,81,81,6
5,0,5,0
0,1,1,14
3,0,3,0
1,0,1,0
0,60,60,17
32,0,32,0
0,1,1,10
0,2,2,87
5,0,5,0
3,0,3,0
1,0,1,0
0,6,6,1
18,0,18,0
8,0,8,0
0,156,156,105
69,0,69,0
5,0,5,0
2,0,2,0
2,0,2,0
2,0,2,0
0,4,4,35
0,11,11,374
1,0,1,0
0,124,124,3
7,0,7,0
1,0,1,0
2,0,2,0
1,0,1,0
2,0,2,0
0,7,7,5
1,0,1,0
5,0,5,0
0,1,1,0
64,0,64,0
0,15,15,31
5,0,5,0
11,0,11,0
2,0,2,0
1,0,1,0
1,0,1,0
3,0,3,0
1,0,1,0
25,0,25,0
1,0,1,0
18,0,18,0
3,0,3,0
3,0,3,0
1,0,1,0
0,80,80,21
0,7,7,21
0,8,8,149
1,0,1,0
2,0,2,0
0,32,32,13
1,0,1,0
44,0,44,0
7,0,7,0
2,0,2,0
0,1,1,12
0,5,5,24
1,0,1,0
7,0,7,0
0,1988,1988,28
3,0,3,0
1,0,1,0
2,0,2,0
2,0,2,0
1,0,1,0
2,0,2,0
8,0,8,0
13,0,13,0
0,1,1,10
8,0,8,0
10,0,10,0
1,0,1,0
3,0,3,0
0,30,30,58
1,0,1,0
2,0,2,0
7,0,7,0
3,0,3,0
1,0,1,0
2,0,2,0
14,0,14,0
7,0,7,0
2,0,2,0
2,0,2,0
2,0,2,0
2,0,2,0
3,0,3,0
1,0,1,0
3,0,3,0
8,0,8,0
109,0,109,0
3,0,3,0
0,1,1,2
0,2,2,55
1,0,1,0
1,0,1,0
1,0,1,0
2,0,2,0
4,0,4,0
3,0,3,0
34,0,34,0
12,0,12,0
1,0,1,0
16,0,16,0
4,0,4,0
3,0,3,0
3,0,3,0
2,0,2,0
1,0,1,0
12,0,12,0
0,3,3,18
0,8,8,71
22,0,22,0
2,0,2,0
1,0,1,0
1,0,1,0
0,3,3,8
0,3,3,4
6,0,6,0
1,0,1,0
0,7,7,24
0,129,129,36
11,0,11,0
23,0,23,0
0,30,30,11
7,0,7,0
7,0,7,0
6,0,6,0
58,0,58,0
4,0,4,0
0,1,1,18
2,0,2,0
0,1,1,17
39,0,39,0
0,3,3,69
0,2,2,19
27,0,27,0
1,0,1,0
0,6,6,46
3,0,3,0
2,0,2,0
12,0,12,0
1,0,1,0
11,0,11,0
2,0,2,0
6,0,6,0
4,0,4,0
1,0,1,0
2,0,2,0
20,0,20,0
0,8,8,3
4,0,4,0
0,2,2,36
0,44,44,12
18,0,18,0
0,1,1,7
2,0,2,0
1,0,1,0
0,7,7,5
12,0,12,0
1,0,1,0
1,0,1,0
2,0,2,0
2,0,2,0
1,0,1,0
12,0,12,0
1,0,1,0
1,0,1,0
1,0,1,0
1,0,1,0
1,0,1,0
1,0,1,0
1,0,1,0
1,0,1,0
11,0,11,0
39,0,39,0
1,0,1,0
1,0,1,0
1,0,1,0
2,0,2,0
7,0,7,0
0,1,1,2
4,0,4,0
0,444,444,19
5,0,5,0
0,2,2,2
0,3,3,0
0,4,4,14
2,0,2,0
0,8,8,2
3,0,3,0
3,0,3,0
4,0,4,0
36,0,36,0
4,0,4,0
5,0,5,0
0,1,1,15
0,25,25,18
0,11,11,17
11,0,11,0
1,0,1,0
3,0,3,0
2,0,2,0
9,0,9,0
1,0,1,0
0,24,24,28
2,0,2,0
0,3,3,20
92,0,92,0
5,0,5,0
0,113,113,31
18,0,18,0
3,0,3,0
1,0,1,0
1,0,1,0
2,0,2,0
8,0,8,0
2,0,2,0
0,2,2,2
2,0,2,0
2,0,2,0
5,0,5,0
0,2,2,30
6,0,6,0
1,0,1,0
2,0,2,0
1,0,1,0
12,0,12,0
1,0,1,0
3,0,3,0
3,0,3,0
61,0,61,0
1,0,1,0
6,0,6,0
0,21,21,40
1,0,1,0
1,0,1,0
0,4,4,26
7,0,7,0
9,0,9,0
0,1,1,4
0,18,18,0
2,0,2,0
1,0,1,0
3,0,3,0
2,0,2,0
5,0,5,0
2,0,2,0
2,0,2,0
0,3,3,2
0,3,3,9
0,86,86,27
6,0,6,0
6,0,6,0
0,9,9,7
1,0,1,0
3,0,3,0
4,0,4,0
3,0,3,0
2,0,2,0
2,0,2,0
5,0,5,0
1,0,1,0
4,0,4,0
2,0,2,0
1,0,1,0
5,0,5,0
0,32,32,20
24,0,24,0
23,0,23,0
0,3,3,12
1,0,1,0
1,0,1,0
3,0,3,0
25,0,25,0
76,0,76,0
2,0,2,0
0,1,1,3
1,0,1,0
10,0,10,0
0,17,17,7
1,0,1,0
17,0,17,0
18,0,18,0
2,0,2,0
0,19,19,14
0,211,211,4
4,0,4,0
0,7,7,28
16,0,16,0
0,129,129,26
47,0,47,0
8,0,8,0
0,87,87,57
1,0,1,0
0,406,406,47
1,0,1,0
2,0,2,0
2,0,2,0
1,0,1,0
14,0,14,0
3,0,3,0
0,1,1,13
2,0,2,0
1,0,1,0
0,62,62,1
0,3,3,104
17,0,17,0
5,0,5,0
58,0,58,0
1,0,1,0
1,0,1,0
1,0,1,0
1,0,1,0
0,6,6,2
7,0,7,0
6,0,6,0
0,3,3,5
0,3,3,12
0,7,7,6
14,0,14,0
0,9,9,1
28,0,28,0
2,0,2,0
2,0,2,0
1,0,1,0
0,5,5,13
11,0,11,0
0,14,14,68
10,0,10,0
3,0,3,0
10,0,10,0
0,5,5,49
17,0,17,0
5,0,5,0
0,7,7,14
16,0,16,0
1,0,1,0
1,0,1,0
0,20,20,1
5,0,5,0
5,0,5,0
0,4,4,1
73,0,73,0
3,0,3,0
0,1,1,24
6,0,6,0
12,0,12,0
5,0,5,0
2,0,2,0
1,0,1,0
32,0,32,0
0,1,1,1
0,3,3,4
2,0,2,0
6,0,6,0
1,0,1,0
1,0,1,0
1,0,1,0
1,0,1,0
1,0,1,0
1,0,1,0
1,0,1,0
2,0,2,0
3,0,3,0
0,51,51,72
2,0,2,0
10,0,10,0
1,0,1,0
0,25,25,21
2,0,2,0
4,0,4,0
2,0,2,0
0,204,204,44
0,3,3,1
4,0,4,0
1,0,1,0
1,0,1,0
24,0,24,0
0,14,14,36
7,0,7,0
2,0,2,0
2,0,2,0
2,0,2,0
0,1,1,15
3,0,3,0
1,0,1,0
0,10,10,49
0,15,15,21
16,0,16,0
3,0,3,0
2,0,2,0
1,0,1,0
0,2,2,5
0,27,27,2
0,1,1,0
13,0,13,0
1,0,1,0
0,3,3,34
13,0,13,0
12,0,12,0
8,0,8,0
5,0,5,0
10,0,10,0
1,0,1,0
0,1,1,19
1,0,1,0
5,0,5,0
15,0,15,0
1,0,1,0
1,0,1,0
1,0,1,0
0,1,1,24
0,9,9,3
1,0,1,0
4,0,4,0
0,1,1,2
1,0,1,0
0,2,2,28
13,0,13,0
4,0,4,0
1,0,1,0
0,16,16,5
7,0,7,0
6,0,6,0
1,0,1,0
1,0,1,0
2,0,2,0
4,0,4,0
0,19,19,3
4,0,4,0
0,6,6,32
0,15,15,25
7,0,7,0
1,0,1,0
3,0,3,0
1,0,1,0
1,0,1,0
1,0,1,0
1,0,1,0
3,0,3,0
0,13,13,0
1,0,1,0
3,0,3,0
2,0,2,0
1,0,1,0
2,0,2,0
2,0,2,0
4,0,4,0
3,0,3,0
0,2,2,6
2,0,2,0
0,4,4,0
0,17,17,25
1,0,1,0
3,0,3,0
6,0,6,0
4,0,4,0
1,0,1,0
0,18,18,0
3,0,3,0
13,0,13,0
3,0,3,0
0,39,39,0
0,5,5,5
1,0,1,0
0,24,24,1
2,0,2,0
1,0,1,0
4,0,4,0
30,0,30,0
0,2,2,8
0,112,112,13
2,0,2,0
5,0,5,0
1,0,1,0
1,0,1,0
1,0,1,0
113,0,113,0
57,0,57,0
7,0,7,0
1,0,1,0
26,0,26,0
115,0,115,0
3,0,3,0
1,0,1,0
0,47,47,19
81,0,81,0
1,0,1,0
2,0,2,0
10,0,10,0
5,0,5,0
3,0,3,0
1,0,1,0
9,0,9,0
13,0,13,0
0,41,41,41
3,0,3,0
6,0,6,0
0,33,33,6
14,0,14,0
0,265,265,37
1,0,1,0
4,0,4,0
0,7,7,4
20,0,20,0
0,44,44,16
0,1,1,32
4,0,4,0
1,0,1,0
3,0,3,0
2,0,2,0
17,0,17,0
7,0,7,0
2,0,2,0
0,7,7,22
2,0,2,0
5,0,5,0
0,6,6,17
0,1,1,2
0,4,4,97
0,319,319,30
4,0,4,0
1,0,1,0
2,0,2,0
1,0,1,0
1,0,1,0
3,0,3,0
8,0,8,0
5,0,5,0
2,0,2,0
0,136,136,6
1,0,1,0
1,0,1,0
1,0,1,0
1,0,1,0
34,0,34,0
2,0,2,0
0,54,54,30
4,0,4,0
10,0,10,0
0,5,5,32
2,0,2,0
0,16,16,5
7,0,7,0
1,0,1,0
1,0,1,0
69,0,69,0
3,0,3,0
1,0,1,0
6,0,6,0
0,12,12,15
1,0,1,0
0,1,1,3
12,0,12,0
5,0,5,0
0,2,2,3
2,0,2,0
1,0,1,0
1,0,1,0
9,0,9,0
4,0,4,0
182,0,182,0
0,11,11,36
2,0,2,0
0,6,6,4
0,2,2,8
1,0,1,0
0,8,8,36
9,0,9,0
1,0,1,0
16,0,16,0
1,0,1,0
1,0,1,0
1,0,1,0
1,0,1,0
2,0,2,0
5,0,5,0
5,0,5,0
1,0,1,0
0,2,2,17
0,5,5,1
1,0,1,0
14,0,14,0
191,0,191,0
1,0,1,0
0,5,5,8
1,0,1,0
169,0,169,0
0,439,439,121
13,0,13,0
1,0,1,0
2,0,2,0
39,0,39,0
0,2,2,0
1,0,1,0
0,4,4,1
1,0,1,0
1,0,1,0
0,2,2,21
0,6,6,10
0,68,68,18
0,15,15,31
45,0,45,0
27,0,27,0
0,188,188,14
18,0,18,0
1,0,1,0
39,0,39,0
1,0,1,0
0,8,8,13
1,0,1,0
3,0,3,0
8,0,8,0
0,2,2,41
2,0,2,0
7,0,7,0
0,10,10,16
3,0,3,0
2,0,2,0
0,15,15,7
10,0,10,0
24,0,24,0
1,0,1,0
5,0,5,0
1,0,1,0
0,2,2,37
10,0,10,0
2,0,2,0
2,0,2,0
2,0,2,0
4,0,4,0
5,0,5,0
0,229,229,12
2,0,2,0
1,0,1,0
14,0,14,0
1,0,1,0
0,113,113,12
110,0,110,0
1,0,1,0
6,0,6,0
2,0,2,0
0,3,3,0
1,0,1,0
0,2,2,0
1,0,1,0
1,0,1,0
10,0,10,0
7,0,7,0
22,0,22,0
1,0,1,0
1,0,1,0
15,0,15,0
6,0,6,0
14,0,14,0
5,0,5,0
2,0,2,0
1,0,1,0
48,0,48,0
7,0,7,0
37,0,37,0
1,0,1,0
9,0,9,0
0,4,4,2
0,13,13,36
1,0,1,0
2,0,2,0
1,0,1,0
12,0,12,0
1,0,1,0
1,0,1,0
2,0,2,0
5,0,5,0
2,0,2,0
2,0,2,0
2,0,2,0
0,3,3,29
4,0,4,0
0,35,35,13
1,0,1,0
0,13,13,25
2,0,2,0
7,0,7,0
0,2,2,81
3,0,3,0
0,109,109,14
5,0,5,0
0,129,129,56
1,0,1,0
7,0,7,0
10,0,10,0
49,0,49,0
16,0,16,0
1,0,1,0
0,50,50,14
4,0,4,0
2,0,2,0
6,0,6,0
2,0,2,0
1,0,1,0
2,0,2,0
0,8,8,8
1,0,1,0
15,0,15,0
46,0,46,0
4,0,4,0
1,0,1,0
0,1,1,19
0,1,1,2
1,0,1,0
2,0,2,0
0,59,59,6
2,0,2,0
1,0,1,0
9,0,9,0
3,0,3,0
7,0,7,0
1,0,1,0
0,18,18,2
4,0,4,0
0,1,1,7
0,4,4,23
3,0,3,0
2,0,2,0
1,0,1,0
0,1,1,3
0,5,5,28
26,0,26,0
1,0,1,0
1,0,1,0
1,0,1,0
0,71,71,15
4,0,4,0
3,0,3,0
1,0,1,0
52,0,52,0
5,0,5,0
2,0,2,0
9,0,9,0
2,0,2,0
27,0,27,0
1,0,1,0
1,0,1,0
0,13,13,5
7,0,7,0
9,0,9,0
0,2,2,51
0,2,2,49
1,0,1,0
3,0,3,0
11,0,11,0
44,0,44,0
0,36,36,25
30,0,30,0
7,0,7,0
1,0,1,0
0,17,17,1
1090,0,1090,0
0,7,7,1
5,0,5,0
1,0,1,0
13,0,13,0
5,0,5,0
1,0,1,0
7,0,7,0
3,0,3,0
0,13,13,43
0,1,1,6
0,25,25,82
2,0,2,0
0,1,1,176
0,1,1,14
9,0,9,0
0,8,8,145
4,0,4,0
0,1,1,14
3,0,3,0
2,0,2,0
1,0,1,0
0,9,9,3
1,0,1,0
19,0,19,0
3,0,3,0
17,0,17,0
28,0,28,0
0,4,4,91
6,0,6,0
1,0,1,0
1,0,1,0
0,6,6,50
20,0,20,0
1,0,1,0
3,0,3,0
0,1,1,3
8,0,8,0
0,5,5,1
1,0,1,0
1,0,1,0
0,2,2,15
8,0,8,0
88,0,88,0
0,5,5,7
2,0,2,0
0,1,1,35
5,0,5,0
3,0,3,0
2,0,2,0
1,0,1,0
3,0,3,0
0,39,39,41
0,1,1,19
0,82,82,33
2,0,2,0
4,0,4,0
21,0,21,0
5,0,5,0
0,62,62,15
1,0,1,0
5,0,5,0
1,0,1,0
0,3,3,9
0,5,5,8
1,0,1,0
4,0,4,0
0,421,421,51
2,0,2,0
3,0,3,0
2,0,2,0
3,0,3,0
20,0,20,0
19,0,19,0
0,3,3,8
17,0,17,0
0,4,4,2
1,0,1,0
8,0,8,0
0,9,9,9
3,0,3,0
0,1,1,31
0,2,2,31
1,0,1,0
2,0,2,0
13,0,13,0
1,0,1,0
1,0,1,0
0,1,1,8
0,5,5,24
11,0,11,0
2,0,2,0
1,0,1,0
7,0,7,0
0,56,56,15
5,0,5,0
12,0,12,0
0,3,3,3
1,0,1,0
1,0,1,0
0,16,16,16
34,0,34,0
0,2,2,49
2,0,2,0
52,0,52,0
2,0,2,0
0,15,15,33
4,0,4,0
1,0,1,0
1,0,1,0
1,0,1,0
0,1,1,2
11,0,11,0
2,0,2,0
12,0,12,0
0,80,80,18
36,0,36,0
0,1,1,23
12,0,12,0
0,37,37,12
0,7,7,179
1,0,1,0
1,0,1,0
1,0,1,0
1,0,1,0
1,0,1,0
1,0,1,0
34,0,34,0
2,0,2,0
7,0,7,0
53,0,53,0
0,24,24,0
0,12,12,30
2,0,2,0
12,0,12,0
0,32,32,30
10,0,10,0
1,0,1,0
1,0,1,0
10,0,10,0
7,0,7,0
4,0,4,0
5,0,5,0
0,30,30,14
66,0,66,0
0,8,8,16
10,0,10,0
1,0,1,0
0,227,227,14
3,0,3,0
1,0,1,0
0,12,12,20
8,0,8,0
4,0,4,0
5,0,5,0
0,3,3,19
2,0,2,0
1,0,1,0
0,7,7,0
9,0,9,0
0,55,55,33
1,0,1,0
11,0,11,0
1,0,1,0
7,0,7,0
0,8,8,19
29,0,29,0
1,0,1,0
0,35,35,41
0,6,6,80
6,0,6,0
1,0,1,0
2,0,2,0
2,0,2,0
0,241,241,44
3,0,3,0
2,0,2,0
3,0,3,0
6,0,6,0
0,35,35,33
0,29,29,11
0,4,4,4
1,0,1,0
0,51,51,26
2,0,2,0
0,2,2,8
16,0,16,0
7,0,7,0
0,241,241,47
48,0,48,0
7,0,7,0
10,0,10,0
1,0,1,0
9,0,9,0
0,1,1,15
9,0,9,0
0,5,5,41
2,0,2,0
14,0,14,0
7,0,7,0
0,91,91,14
0,5,5,4
1,0,1,0
11,0,11,0
0,30,30,34
0,1,1,8
3,0,3,0
3,0,3,0
4,0,4,0
4,0,4,0
0,2,2,1
5,0,5,0
0,56,56,5
2,0,2,0
0,5,5,25
42,0,42,0
3,0,3,0
4,0,4,0
0,1,1,1
38,0,38,0
1,0,1,0
1,0,1,0
20,0,20,0
4,0,4,0
1,0,1,0
14,0,14,0
0,6,6,26
5,0,5,0
19,0,19,0
0,15,15,22
4,0,4,0
0,3,3,0
0,6,6,2
8,0,8,0
0,39,39,17
2,0,2,0
1,0,1,0
2,0,2,0
1,0,1,0
0,17,17,49
4,0,4,0
5,0,5,0
2,0,2,0
68,0,68,0
13,0,13,0
16,0,16,0
0,6,6,32
4,0,4,0
4,0,4,0
25,0,25,0
7,0,7,0
10,0,10,0
1,0,1,0
2,0,2,0
1,0,1,0
1,0,1,0
28,0,28,0
0,66,66,55
0,3,3,46
15,0,15,0
0,1,1,8
0,11,11,11
1,0,1,0
9,0,9,0
1,0,1,0
1,0,1,0
1,0,1,0
1,0,1,0
9,0,9,0
7,0,7,0
2,0,2,0
13,0,13,0
3,0,3,0
2,0,2,0
0,29,29,67
1,0,1,0
4,0,4,0
1,0,1,0
16,0,16,0
5,0,5,0
1,0,1,0
34,0,34,0
0,97,97,17
19,0,19,0
3,0,3,0
0,14,14,15
10,0,10,0
0,2,2,9
1,0,1,0
1,0,1,0
6,0,6,0
4,0,4,0
1,0,1,0
0,24,24,3
14,0,14,0
0,19,19,24
3,0,3,0
1,0,1,0
4,0,4,0
0,3,3,2
1,0,1,0
0,22,22,0
0,83,83,0
0,21,21,14
4,0,4,0
1,0,1,0
18,0,18,0
2,0,2,0
0,4,4,45
5,0,5,0
4,0,4,0
12,0,12,0
2,0,2,0
0,157,157,129
0,7,7,8
2,0,2,0
5,0,5,0
3,0,3,0
24,0,24,0
160,0,160,0
6,0,6,0
44,0,44,0
0,84,84,10
19,0,19,0
2,0,2,0
1,0,1,0
3,0,3,0
5,0,5,0
0,3,3,116
2,0,2,0
1,0,1,0
1,0,1,0
7,0,7,0
0,2,2,56
7,0,7,0
3,0,3,0
8,0,8,0
0,1,1,1
0,4,4,37
7,0,7,0
1,0,1,0
8,0,8,0
189,0,189,0
2,0,2,0
5,0,5,0
0,17,17,8
59,0,59,0
62,0,62,0
1,0,1,0
4,0,4,0
3,0,3,0
1,0,1,0
1,0,1,0
1,0,1,0
0,28,28,1
0,90,90,24
1,0,1,0
2,0,2,0
4,0,4,0
11,0,11,0
29,0,29,0
14,0,14,0
4,0,4,0
3,0,3,0
6,0,6,0
60,0,60,0
5,0,5,0
2,0,2,0
4,0,4,0
2,0,2,0
1,0,1,0
0,14,14,83
0,57,57,1
0,27,27,93
140,0,140,0
1,0,1,0
0,23,23,47
0,177,177,39
1,0,1,0
1,0,1,0
1,0,1,0
0,9,9,38
23,0,23,0
1,0,1,0
1,0,1,0
2,0,2,0
3,0,3,0
4,0,4,0
1,0,1,0
0,1,1,3
0,5,5,14
10,0,10,0
0,2,2,1
5,0,5,0
7,0,7,0
3,0,3,0
4,0,4,0
94,0,94,0
50,0,50,0
2,0,2,0
2,0,2,0
1,0,1,0
1,0,1,0
5,0,5,0
0,18,18,24
0,2,2,2
0,2,2,1
0,7,7,27
21,0,21,0
0,139,139,31
7,0,7,0
6,0,6,0
0,39,39,16
5,0,5,0
0,39,39,3
1,0,1,0
0,446,446,67
0,27,27,2
0,41,41,14
5,0,5,0
89,0,89,0
7,0,7,0
0,1,1,20
1,0,1,0
0,17,17,31
1,0,1,0
0,3,3,22
1,0,1,0
23,0,23,0
23,0,23,0
7,0,7,0
0,3,3,3
1,0,1,0
35,0,35,0
0,15,15,21
6,0,6,0
3,0,3,0
11,0,11,0
1,0,1,0
0,1,1,12
1,0,1,0
0,56,56,38
0,4,4,34
0,32,32,21
1,0,1,0
0,1,1,6
2,0,2,0
2,0,2,0
4,0,4,0
19,0,19,0
0,2,2,15
16,0,16,0
0,2,2,80
2,0,2,0
1,0,1,0
3,0,3,0
1,0,1,0
3,0,3,0
1,0,1,0
67,0,67,0
2,0,2,0
0,4,4,3
5,0,5,0
1,0,1,0
0,6,6,1
5,0,5,0
0,2,2,20
0,1,1,62
1,0,1,0
1,0,1,0
0,99,99,10
0,36,36,22
0,98,98,33
1,0,1,0
3,0,3,0
0,904,904,74
2,0,2,0
26,0,26,0
2,0,2,0
5,0,5,0
0,10,10,0
1,0,1,0
7,0,7,0
0,7,7,4
5,0,5,0
0,36,36,20
0,53,53,2
0,135,135,21
4,0,4,0
0,1,1,19
4,0,4,0
0,1,1,2
45,0,45,0
0,535,535,7
128,0,128,0
0,95,95,7
31,0,31,0
0,4,4,8
0,3,3,26
0,47,47,17
7,0,7,0
3,0,3,0
1,0,1,0
20,0,20,0
1,0,1,0
2,0,2,0
0,4,4,3
0,44,44,16
1,0,1,0
0,67,67,17
1,0,1,0
0,14,14,26
0,1,1,27
2,0,2,0
2,0,2,0
4,0,4,0
43,0,43,0
1,0,1,0
0,16,16,64
0,27,27,20
13,0,13,0
0,13,13,2
1,0,1,0
1,0,1,0
1,0,1,0
40,0,40,0
0,57,57,23
0,5,5,0
0,5,5,73
2,0,2,0
0,232,232,68
25,0,25,0
4,0,4,0
3,0,3,0
0,77,77,19
0,1,1,28
2,0,2,0
0,13,13,14
0,23,23,220
2,0,2,0
0,1,1,7
4,0,4,0
218,0,218,0
0,6,6,3
0,2,2,1
4,0,4,0
4,0,4,0
0,5,5,48
3,0,3,0
0,9,9,21
5,0,5,0
5,0,5,0
3,0,3,0
2,0,2,0
0,21,21,5
45,0,45,0
1,0,1,0
3,0,3,0
19,0,19,0
5,0,5,0
3,0,3,0
1,0,1,0
21,0,21,0
1,0,1,0
1,0,1,0
0,9,9,115
25,0,25,0
12,0,12,0
6,0,6,0
5,0,5,0
0,1,1,0
1,0,1,0
18,0,18,0
0,3,3,19
0,29,29,70
11,0,11,0
12,0,12,0
2,0,2,0
15,0,15,0
6,0,6,0
26,0,26,0
0,35,35,94
17,0,17,0
96,0,96,0
5,0,5,0
2,0,2,0
5,0,5,0
47,0,47,0
2,0,2,0
13,0,13,0
1,0,1,0
5,0,5,0
76,0,76,0
1,0,1,0
5,0,5,0
2,0,2,0
1,0,1,0
1,0,1,0
18,0,18,0
1,0,1,0
3,0,3,0
10,0,10,0
2,0,2,0
8,0,8,0
8,0,8,0
8,0,8,0
1,0,1,0
2,0,2,0
3,0,3,0
95,0,95,0
0,10,10,28
1,0,1,0
10,0,10,0
5,0,5,0
54,0,54,0
3,0,3,0
1,0,1,0
3,0,3,0
4,0,4,0
2,0,2,0
3,0,3,0
1,0,1,0
4,0,4,0
1,0,1,0
1,0,1,0
1,0,1,0
1,0,1,0
7,0,7,0
7,0,7,0
2,0,2,0
0,1,1,3
6,0,6,0
3,0,3,0
2,0,2,0
0,22,22,29
3,0,3,0
4,0,4,0
0,1,1,52
0,1,1,3
1,0,1,0
1,0,1,0
0,9,9,11
1,0,1,0
1,0,1,0
0,3,3,0
4,0,4,0
4,0,4,0
45,0,45,0
1,0,1,0
9,0,9,0
0,1,1,2
413,0,413,0
4,0,4,0
22,0,22,0
15,0,15,0
0,6,6,29
0,64,64,54
0,1,1,9
1,0,1,0
0,2,2,0
0,22,22,78
90,0,90,0
1,0,1,0
0,1,1,5
3,0,3,0
1,0,1,0
2,0,2,0
10,0,10,0
1,0,1,0
2,0,2,0
3,0,3,0
0,1,1,1
2,0,2,0
0,266,266,21
1,0,1,0
2,0,2,0
29,0,29,0
4,0,4,0
91,0,91,0
10,0,10,0
4,0,4,0
4,0,4,0
1,0,1,0
0,345,345,133
2,0,2,0
2,0,2,0
1,0,1,0
1,0,1,0
1,0,1,0
178,0,178,0
2,0,2,0
1,0,1,0
1,0,1,0
0,9,9,8
5,0,5,0
5,0,5,0
0,8,8,27
18,0,18,0
0,1,1,14
93,0,93,0
5,0,5,0
3,0,3,0
1,0,1,0
4,0,4,0
0,3,3,3
2,0,2,0
0,2,2,72
0,7,7,0
1,0,1,0
8,0,8,0
0,19,19,1
9,0,9,0
1,0,1,0
12,0,12,0
12,0,12,0
1,0,1,0
1,0,1,0
0,1,1,87
2,0,2,0
1,0,1,0
22,0,22,0
2,0,2,0
6,0,6,0
1,0,1,0
3,0,3,0
4,0,4,0
4,0,4,0
6,0,6,0
1,0,1,0
4,0,4,0
78,0,78,0
52,0,52,0
0,216,216,66
3,0,3,0
36,0,36,0
1,0,1,0
1,0,1,0
10,0,10,0
5,0,5,0
1,0,1,0
1,0,1,0
9,0,9,0
2,0,2,0
0,1,1,1
2,0,2,0
0,29,29,50
7,0,7,0
1,0,1,0
9,0,9,0
2,0,2,0
1,0,1,0
1,0,1,0
5,0,5,0
14,0,14,0
7,0,7,0
1,0,1,0
8,0,8,0
4,0,4,0
3,0,3,0
2,0,2,0
0,4,4,7
4,0,4,0
10,0,10,0
0,7,7,10
7,0,7,0
0,17,17,19
36,0,36,0
0,18,18,12
17,0,17,0
0,3,3,1
16,0,16,0
0,11,11,1
0,1,1,16
284,0,284,0
1,0,1,0
1,0,1,0
6,0,6,0
14,0,14,0
12,0,12,0
0,9,9,8
3,0,3,0
1,0,1,0
6,0,6,0
1,0,1,0
1,0,1,0
0,1,1,71
55,0,55,0
4,0,4,0
3,0,3,0
88,0,88,0
1,0,1,0
0,8,8,1
63,0,63,0
2,0,2,0
0,34,34,8
0,6,6,1
3,0,3,0
25,0,25,0
2,0,2,0
6,0,6,0
1,0,1,0
1,0,1,0
1,0,1,0
43,0,43,0
0,102,102,28
101,0,101,0
9,0,9,0
0,21,21,23
1,0,1,0
2,0,2,0
2,0,2,0
0,2,2,12
5,0,5,0
0,1,1,0
0,29,29,3
0,29,29,9
0,135,135,17
42,0,42,0
5,0,5,0
1,0,1,0
1,0,1,0
0,171,171,24
7,0,7,0
6,0,6,0
0,2,2,0
3,0,3,0
1,0,1,0
4,0,4,0
5,0,5,0
5,0,5,0
21,0,21,0
1,0,1,0
2,0,2,0
3,0,3,0
42,0,42,0
9,0,9,0
0,1,1,0
2,0,2,0
1,0,1,0
2,0,2,0
4,0,4,0
2,0,2,0
0,3,3,22
1,0,1,0
0,1,1,0
0,1,1,13
8,0,8,0
3,0,3,0
0,231,231,80
6,0,6,0
0,5,5,22
5,0,5,0
8,0,8,0
2,0,2,0
1,0,1,0
0,2,2,10
0,169,169,77
0,9,9,25
9,0,9,0
4,0,4,0
0,3,3,14
0,12,12,7
4,0,4,0
1,0,1,0
2,0,2,0
3,0,3,0
3,0,3,0
6,0,6,0
3,0,3,0
2,0,2,0
2,0,2,0
0,2,2,40
9,0,9,0
4,0,4,0
0,7,7,119
0,139,139,26
1,0,1,0
1,0,1,0
0,1,1,0
3,0,3,0
0,9,9,14
2,0,2,0
2,0,2,0
3,0,3,0
10,0,10,0
1,0,1,0
0,2,2,40
3,0,3,0
0,19,19,17
0,2,2,1
0,11,11,66
0,2,2,2
0,6,6,17
0,17,17,8
2,0,2,0
3,0,3,0
2,0,2,0
0,1,1,66
7,0,7,0
0,6,6,0
15,0,15,0
37,0,37,0
6,0,6,0
9,0,9,0
1,0,1,0
0,15,15,3
0,42,42,24
10,0,10,0
0,3,3,14
28,0,28,0
17,0,17,0
23,0,23,0
0,176,176,66
37,0,37,0
14,0,14,0
1,0,1,0
7,0,7,0
5,0,5,0
4,0,4,0
5,0,5,0
4,0,4,0
19,0,19,0
0,4,4,2
0,6,6,3
23,0,23,0
0,7,7,12
0,12,12,8
10,0,10,0
20,0,20,0
0,21,21,15
1,0,1,0
0,7,7,0
4,0,4,0
1,0,1,0
0,3,3,7
5,0,5,0
2,0,2,0
1,0,1,0
23,0,23,0
0,56,56,66
2,0,2,0
0,877,877,5
0,136,136,62
20,0,20,0
18,0,18,0
133,0,133,0
1,0,1,0
17,0,17,0
2,0,2,0
11,0,11,0
4,0,4,0
0,3,3,4
2,0,2,0
3,0,3,0
0,1,1,13
2,0,2,0
4,0,4,0
54,0,54,0
6,0,6,0
2,0,2,0
6,0,6,0
1,0,1,0
0,2,2,2
1,0,1,0
0,74,74,4
0,3,3,11
1,0,1,0
1,0,1,0
4,0,4,0
1,0,1,0
19,0,19,0
5,0,5,0
3,0,3,0
2,0,2,0
7,0,7,0
0,2,2,5
4,0,4,0
1,0,1,0
1,0,1,0
0,7,7,2
1,0,1,0
9,0,9,0
4,0,4,0
3,0,3,0
0,58,58,1
1,0,1,0
0,17,17,12
14,0,14,0
0,10,10,10
0,5,5,5
1,0,1,0
0,6,6,18
7,0,7,0
19,0,19,1
0,27,27,23
0,2,2,1
1,0,1,0
2,0,2,0
1,0,1,0
0,2,2,0
9,0,9,0
4,0,4,0
1,0,1,0
1,0,1,0
12,0,12,0
4,0,4,0
0,3,3,16
0,4,4,1
0,24,24,38
0,56,56,1
9,0,9,0
2,0,2,0
34,0,34,0
4,0,4,0
0,11,11,81
1,0,1,0
1,0,1,0
17,0,17,0
0,34,34,7
0,1,1,51
5,0,5,0
15,0,15,0
25,0,25,0
1,0,1,0
111,0,111,0
13,0,13,0
0,10,10,0
6,0,6,0
10,0,10,0
0,31,31,83
8,0,8,0
0,25,25,5
0,39,39,37
1,0,1,0
0,234,234,11
510,0,510,0
1,0,1,0
3,0,3,0
11,0,11,0
1,0,1,0
1,0,1,0
10,0,10,0
0,15,15,5
7,0,7,0
0,18,18,56
7,0,7,0
3,0,3,0
8,0,8,0
34,0,34,0
5,0,5,0
1,0,1,0
31,0,31,0
2,0,2,0
124,0,124,0
1,0,1,0
1,0,1,0
2,0,2,0
10,0,10,0
0,2,2,13
1,0,1,0
12,0,12,0
41,0,41,0
0,16,16,9
1,0,1,0
0,1,1,10
0,6,6,5
3,0,3,0
0,31,31,5
4,0,4,0
7,0,7,0
6,0,6,0
0,32,32,79
2,0,2,0
2,0,2,0
36,0,36,0
1,0,1,0
6,0,6,0
2,0,2,0
36,0,36,0
4,0,4,0
2,0,2,0
7,0,7,0
0,1,1,13
2,0,2,0
27,0,27,0
0,1,1,4
1,0,1,0
2,0,2,0
0,163,163,11
20,0,20,0
0,32,32,182
0,2,2,30
1,0,1,0
1,0,1,0
15,0,15,0
33,0,33,0
5,0,5,0
2,0,2,0
0,9,9,33
0,19,19,26
6,0,6,0
0,85,85,29
6,0,6,0
3,0,3,0
0,4,4,24
17,0,17,0
5,0,5,0
0,606,606,25
3,0,3,0
4,0,4,0
7,0,7,0
10,0,10,0
2,0,2,0
44,0,44,0
1,0,1,0
3,0,3,0
0,2,2,35
0,10,10,30
1,0,1,0
2,0,2,0
0,406,406,30
7,0,7,0
17,0,17,0
60,0,60,0
3,0,3,0
30,0,30,0
19,0,19,0
3,0,3,0
10,0,10,0
3,0,3,0
3,0,3,0
1,0,1,0
0,111,111,37
0,35,35,31
88,0,88,0
1,0,1,0
1,0,1,0
1,0,1,0
6,0,6,0
2,0,2,0
0,1,1,1
138,0,138,0
0,21,21,24
1,0,1,0
11,0,11,0
0,2,2,0
5,0,5,0
8,0,8,0
4,0,4,0
1,0,1,0
41,0,41,0
1,0,1,0
3,0,3,0
17,0,17,0
6,0,6,0
7,0,7,0
3,0,3,0
0,2,2,6
1,0,1,0
1,0,1,0
1,0,1,0
0,100,100,140
1,0,1,0
15,0,15,0
12,0,12,0
24,0,24,0
3,0,3,0
0,2,2,46
4,0,4,0
4,0,4,0
15,0,15,0
5,0,5,0
2,0,2,0
2,0,2,0
5,0,5,0
4,0,4,0
7,0,7,0
3,0,3,0
1,0,1,0
1,39,40,12
46,0,46,0
7,0,7,0
0,6,6,0
7,0,7,0
10,0,10,0
12,0,12,0
4,0,4,0
1,0,1,0
13,0,13,0
3,0,3,0
8,0,8,0
1,0,1,0
2,0,2,0
1,0,1,0
14,0,14,0
2,0,2,0
4,0,4,0
7,0,7,0
3,0,3,0
1,0,1,0
8,0,8,0
1,0,1,0
2,0,2,0
0,7,7,10
1,0,1,0
11,0,11,0
0,7,7,39
5,0,5,0
4,0,4,0
6,0,6,0
5,0,5,0
4,0,4,0
1,0,1,0
0,8,8,1
2,0,2,0
0,19,19,109
1,0,1,0
4,0,4,0
4,0,4,0
0,2,2,7
0,147,147,21
1,0,1,0
1,0,1,0
0,3,3,1
35,0,35,0
35,0,35,0
2,0,2,0
8,0,8,0
7,0,7,0
1,0,1,0
2,0,2,0
49,0,49,0
3,0,3,0
0,1,1,104
7,0,7,0
0,93,93,45
10,0,10,0
11,0,11,0
2,0,2,0
1,0,1,0
0,20,20,22
113,0,113,0
19,0,19,0
1,0,1,0
0,14,14,92
2,0,2,0
0,1,1,7
4,0,4,0
8,0,8,0
6,0,6,0
2,0,2,0
6,0,6,0
1,0,1,0
0,13,13,31
0,21,21,29
3,0,3,0
7,0,7,0
1,0,1,0
4,0,4,0
8,0,8,0
1,0,1,0
6,0,6,0
6,0,6,0
1,0,1,0
1,0,1,0
3,0,3,0
8,0,8,0
0,1,1,1
10,0,10,0
0,2,2,33
10,0,10,0
33,0,33,0
0,55,55,69
71,0,71,0
8,0,8,0
0,12,12,5
14,0,14,0
1,0,1,0
35,0,35,0
0,9,9,13
8,0,8,0
0,1,1,8
2,0,2,0
0,47,47,17
2,0,2,0
30,0,30,0
0,1,1,7
3,0,3,0
0,2,2,3
8,0,8,0
0,4,4,3
2,0,2,0
1,0,1,0
15,0,15,0
5,0,5,0
130,0,130,0
2,0,2,0
1,0,1,0
4,0,4,0
0,20,20,18
1,0,1,0
0,3,3,0
455,0,455,0
1,0,1,0
0,12,12,33
0,2,2,0
1,0,1,0
2,0,2,0
0,8,8,57
0,2,2,1
5,0,5,0
1,0,1,0
0,136,136,34
0,1346,1346,3
1348,0,1348,0
6,0,6,0
117,0,117,0
7,0,7,0
1,0,1,0
8,0,8,0
22,0,22,0
18,0,18,0
0,2,2,18
2,0,2,0
1,0,1,0
4,0,4,0
23,0,23,0
1,0,1,0
1,0,1,0
2,0,2,0
2,0,2,0
10,0,10,0
10,0,10,0
35,0,35,0
0,118,118,10
1,0,1,0
3,0,3,0
4,0,4,0
25,0,25,0
4,0,4,0
2,0,2,0
0,120,120,22
3,0,3,0
8,0,8,0
5,0,5,0
45,0,45,0
47,0,47,0
6,0,6,0
0,138,138,30
81,0,81,0
2,0,2,0
1,0,1,0
1,0,1,0
11,0,11,0
1,0,1,0
74,0,74,0
1,0,1,0
1,0,1,0
2,0,2,0
20,0,20,0
1,0,1,0
0,16,16,11
0,3,3,59
29,0,29,0
6,0,6,0
0,5,5,23
1,0,1,0
3,0,3,0
0,6,6,53
66,0,66,0
148,0,148,0
4,0,4,0
5,0,5,0
17,0,17,0
21,0,21,0
1,0,1,0
0,29,29,34
0,1,1,3
1,0,1,0
2,0,2,0
0,28,28,63
2,0,2,0
22,0,22,0
5,0,5,0
2,0,2,0
1,0,1,0
10,0,10,0
1,0,1,0
12,0,12,0
0,2,2,455
33,0,33,0
0,15,15,24
1,0,1,0
0,5,5,54
0,2,2,7
23,0,23,0
0,40,40,25
0,232,232,54
0,189,189,168
0,132,132,57
10,0,10,0
3,0,3,0
1,0,1,0
213,0,213,0
0,5,5,34
2,0,2,0
2,0,2,0
8,0,8,0
4,0,4,0
10,0,10,0
14,0,14,0
6,0,6,0
1,0,1,0
1,0,1,0
1,0,1,0
1,0,1,0
2,0,2,0
11,0,11,0
59,0,59,0
3,0,3,0
1,0,1,0
0,38,38,1
2,0,2,0
0,13,13,2
5,0,5,0
0,3,3,0
2,0,2,0
0,1,1,9
3,0,3,0
1,0,1,0
3,0,3,0
7,0,7,0
2,0,2,0
1,0,1,0
5,0,5,0
1,0,1,0
1,0,1,0
1,0,1,0
1,0,1,0
2,0,2,0
0,2,2,25
4,0,4,0
2,0,2,0
0,2,2,12
4,0,4,0
16,0,16,0
8,0,8,0
3,0,3,0
0,39,39,9
0,27,27,9
2,0,2,0
2,0,2,0
11,0,11,0
1,0,1,0
19,0,19,0
1,0,1,0
10,0,10,0
11,0,11,0
1,0,1,0
1,0,1,0
0,135,135,12
2,0,2,0
3,0,3,0
1,0,1,0
3,0,3,0
0,1,1,25
0,18,18,5
15,0,15,0
0,157,157,18
1,0,1,0
0,2,2,197
1,0,1,0
14,0,14,0
3,0,3,0
36,0,36,0
0,45,45,29
16,0,16,0
0,5,5,85
2,0,2,0
18,0,18,0
1,0,1,0
0,11,11,7
0,23,23,26
4,0,4,0
8,0,8,0
3,0,3,0
0,4,4,24
0,4,4,5
1,0,1,0
32,0,32,0
0,1,1,6
1,0,1,0
23,0,23,0
0,16,16,0
1,0,1,0
4,0,4,0
2,0,2,0
6,0,6,0
0,2,2,16
3,0,3,0
2,0,2,0
2,0,2,0
0,2,2,13
0,17,17,28
6,0,6,0
11,0,11,0
5,0,5,0
1,0,1,0
0,56,56,20
2,0,2,0
1,0,1,0
20,0,20,0
0,1,1,22
0,3,3,5
16,0,16,0
1,0,1,0
0,2,2,2
59,0,59,0
0,2,2,3
59,0,59,0
0,32,32,80
8,0,8,0
1,0,1,0
4,0,4,0
3,0,3,0
2,0,2,0
1,0,1,0
3,0,3,0
0,6,6,11
3,0,3,0
2,0,2,0
2,0,2,0
0,3,3,134
1,0,1,0
2,0,2,0
1,0,1,0
0,1,1,12
3,0,3,0
0,6,6,21
0,7,7,1
1,0,1,0
1,0,1,0
7,0,7,0
8,0,8,0
0,5,5,14
4,0,4,0
9,0,9,0
6,0,6,0
0,460,460,15
4,0,4,0
0,19,19,6
0,6,6,60
18,0,18,0
1,0,1,0
150,0,150,0
3,0,3,0
1,0,1,0
2,0,2,0
12,0,12,0
0,254,254,9
27,0,27,0
15,0,15,0
0,62,62,41
1,0,1,0
38,0,38,0
0,5,5,18
19,0,19,0
1,0,1,0
1,0,1,0
16,0,16,0
4,0,4,0
2,0,2,0
3,0,3,0
7,0,7,0
3,0,3,0
1,0,1,0
6,0,6,0
6,0,6,0
8,0,8,0
2,0,2,0
5,0,5,0
7,0,7,0
2,0,2,0
9,0,9,0
0,3,3,16
0,22,22,5
6,0,6,0
7,0,7,0
0,1,1,1
5,0,5,0
8,0,8,0
6,0,6,0
0,30,30,43
2,0,2,0
1,0,1,0
10,0,10,0
1,0,1,0
0,3,3,2
8,0,8,0
2,0,2,0
0,240,240,3
0,2,2,60
0,5,5,25
0,99,99,36
1,0,1,0
5,0,5,0
3,0,3,0
3,0,3,0
11,0,11,0
4,0,4,0
13,0,13,0
9,0,9,0
2,0,2,0
0,5,5,7
7,0,7,0
1,0,1,0
1,0,1,0
1,0,1,0
1,0,1,0
2,0,2,0
3,0,3,0
8,0,8,0
1,0,1,0
3,0,3,0
0,31,31,4
0,1,1,1
0,257,257,51
7,0,7,0
1,0,1,0
0,2,2,8
1,0,1,0
1,0,1,0
5,0,5,0
1,0,1,0
1,0,1,0
0,2,2,28
31,0,31,0
2,0,2,0
3,0,3,0
3,0,3,0
12,0,12,0
5,0,5,0
33,0,33,0
5,0,5,0
18,0,18,0
2,0,2,0
0,67,67,8
2,0,2,0
4,0,4,0
1,0,1,0
22,0,22,0
0,54,54,16
24,0,24,0
3,0,3,0
1,0,1,0
1,0,1,0
1,0,1,0
0,1,1,7
0,70,70,12
3,0,3,0
5,0,5,0
1,0,1,0
0,4,4,11
32,0,32,0
18,0,18,0
285,0,285,0
11,0,11,0
3,0,3,0
1,0,1,0
4,0,4,0
0,19,19,1
12,0,12,0
3,0,3,0
2,0,2,0
25,0,25,0
1,0,1,0
1,0,1,0
0,7,7,8
0,1,1,0
3,0,3,0
1,0,1,0
12,0,12,0
1,0,1,0
2,0,2,0
15,0,15,0
20,0,20,0
22,0,22,0
21,0,21,0
8,0,8,0
0,14,14,11
1,0,1,0
1,0,1,0
23,0,23,0
0,1,1,10
1,0,1,0
1,0,1,0
0,2,2,4
4,0,4,0
0,6,6,1
0,22,22,7
4,0,4,0
0,5,5,9
0,425,425,55
43,0,43,0
2,0,2,0
59,0,59,0
1,0,1,0
0,7,7,11
1,0,1,0
13,0,13,0
4,0,4,0
0,1,1,5
0,2,2,52
0,11,11,2
3,0,3,0
1,0,1,0
0,5,5,0
0,1,1,5
4,0,4,0
3,0,3,0
6,0,6,0
15,0,15,0
10,0,10,0
3,0,3,0
0,29,29,16
3,0,3,0
36,0,36,0
6,0,6,0
0,20,20,4
24,0,24,0
5,0,5,0
0,38,38,8
0,50,50,142
0,3,3,82
3,0,3,0
0,6,6,2
0,47,47,3
3,0,3,0
16,0,16,0
5,0,5,0
16,0,16,0
13,0,13,0
3,0,3,0
2,0,2,0
0,20,20,40
8,0,8,0
4,0,4,0
0,4,4,28
45,0,45,0
0,1,1,1
23,0,23,0
1,0,1,0
1,0,1,0
97,0,97,0
0,11,11,29
1,0,1,0
0,237,237,5
3,0,3,0
1,0,1,0
2,0,2,0
0,1,1,43
0,5,5,2
1,0,1,0
1,0,1,0
0,64,64,68
0,39,39,21
27,0,27,0
78,0,78,0
2,0,2,0
2,0,2,0
3,0,3,0
0,627,627,190
7,0,7,0
2,0,2,0
0,30,30,21
0,77,77,33
3,0,3,0
15,0,15,0
1,0,1,0
2,0,2,0
21,0,21,0
0,2,2,13
4,0,4,0
3,0,3,0
0,2,2,20
1,0,1,0
0,28,28,20
3,0,3,0
88,0,88,0
1,0,1,0
0,17,17,0
0,52,52,44
1,0,1,0
9,0,9,0
3,0,3,0
0,73,73,12
72,0,72,0
5,0,5,0
0,1,1,3
1,0,1,0
1,0,1,0
0,4,4,14
1,0,1,0
2,0,2,0
0,1,1,24
3,0,3,0
3,0,3,0
0,25,25,33
22,0,22,0
0,120,120,132
114,0,114,0
15,0,15,0
4,0,4,0
15,0,15,0
0,68,68,71
1,0,1,0
1,0,1,0
1,0,1,0
10,0,10,0
0,13,13,14
1,0,1,0
1,0,1,0
11,0,11,0
17,0,17,0
22,0,22,0
3,0,3,0
0,13,13,32
5,0,5,0
10,0,10,0
0,1,1,16
0,24,24,0
17,0,17,0
0,6,6,107
0,3,3,15
2,0,2,0
1,0,1,0
0,9,9,88
15,0,15,0
5,0,5,0
1,0,1,0
0,28,28,21
13,0,13,0
0,2,2,1
10,0,10,0
5,0,5,0
0,1,1,4
5,0,5,0
3,0,3,0
0,7,7,5
49,0,49,0
1,0,1,0
5,0,5,0
4,0,4,0
0,2,2,24
27,0,27,0
0,1,1,4
4,0,4,0
1,0,1,0
0,12,12,8
4,0,4,0
4,0,4,0
5,0,5,0
2,0,2,0
7,0,7,0
1,0,1,0
0,3,3,54
0,82,82,3
2,0,2,0
0,55,55,49
0,5,5,0
113,0,113,0
1,0,1,0
13,0,13,0
1,0,1,0
0,23,23,17
8,0,8,0
0,77,77,12
16,0,16,0
3,0,3,0
1,0,1,0
1,0,1,0
4,0,4,0
3,0,3,0
24,0,24,0
1,0,1,0
59,0,59,0
0,1,1,0
29,0,29,0
38,0,38,0
4,0,4,0
3,0,3,0
3,0,3,0
454,0,454,0
0,36,36,65
8,0,8,0
1,0,1,0
0,1,1,0
0,145,145,69
0,42,42,12
13,0,13,0
10,0,10,0
1,0,1,0
2,0,2,0
22,0,22,0
11,0,11,0
0,247,247,42
1,0,1,0
1,0,1,0
1,0,1,0
3,0,3,0
0,4,4,15
2,0,2,0
1,0,1,0
3,0,3,0
6,0,6,0
0,2,2,43
5,0,5,0
12,0,12,0
4,0,4,0
7,0,7,0
1,0,1,0
1,0,1,0
0,9,9,76
2,0,2,0
0,5,5,12
7,0,7,0
133,0,133,0
0,1,1,30
13,0,13,0
1,0,1,0
2,0,2,0
2,0,2,0
1,0,1,0
5,0,5,0
6,0,6,0
3,0,3,0
2,0,2,0
3,0,3,0
0,9,9,36
0,30,30,28
0,2,2,53
4,0,4,0
2,0,2,0
0,1,1,11
0,21,21,8
0,7,7,2
21,0,21,0
0,21,21,5
1,0,1,0
76,0,76,0
189,0,189,0
0,1,1,22
1,0,1,0
32,0,32,0
3,0,3,0
7,0,7,0
2,0,2,0
0,66,66,22
2,0,2,0
0,76,76,23
7,0,7,0
12,0,12,0
0,5,5,1
0,14,14,6
4,0,4,0
0,6,6,6
8,0,8,0
0,17,17,8
1,0,1,0
0,5,5,111
8,0,8,0
1,0,1,0
0,1,1,0
2,0,2,0
2,0,2,0
5,0,5,0
6,0,6,0
0,26,26,3
0,26,26,33
0,2,2,0
1,0,1,0
2,0,2,0
2,0,2,0
149,0,149,0
0,6,6,3
1,0,1,0
2,0,2,0
8,0,8,0
1,0,1,0
0,7,7,8
2,0,2,0
1,0,1,0
10,0,10,0
10,0,10,0
1,0,1,0
11,0,11,0
2,0,2,0
2,0,2,0
26,0,26,0
0,41,41,15
20,0,20,0
0,3,3,19
0,1,1,60
83,0,83,0
1,0,1,0
1,0,1,0
5,0,5,0
7,0,7,0
0,28,28,7
0,12,12,47
4,0,4,0
8,0,8,0
2,0,2,0
2,0,2,0
0,5,5,31
103,0,103,0
56,0,56,0
107,0,107,0
7,0,7,0
1,0,1,0
10,0,10,0
11,0,11,0
0,48,48,5
4,0,4,0
1,0,1,0
5,0,5,0
2,0,2,0
0,15,15,184
0,3,3,5
14,0,14,0
3,0,3,0
15,0,15,0
1,0,1,0
0,1,1,30
1,0,1,0
2,0,2,0
2,0,2,0
0,3,3,12
0,1,1,0
4,0,4,0
0,25,25,0
2,0,2,0
0,22,22,77
10,0,10,0
1,0,1,0
1,0,1,0
4,0,4,0
9,0,9,0
7,0,7,0
5,0,5,0
4,0,4,0
0,1,1,34
1,0,1,0
9,0,9,0
0,8,8,15
0,20,20,6
15,0,15,0
0,47,47,48
1,0,1,0
7,0,7,0
1,0,1,0
81,0,81,0
1,0,1,0
0,34,34,3
13,0,13,0
6,0,6,0
4,0,4,0
2,0,2,0
0,287,287,319
9,0,9,0
7,0,7,0
1,0,1,0
8,0,8,0
1,0,1,0
12,0,12,0
2,0,2,0
1,0,1,0
0,2,2,21
21,0,21,0
0,119,119,60
3,0,3,0
1,0,1,0
0,12,12,9
5,0,5,0
2,0,2,0
150,0,150,0
3,0,3,0
0,4,4,8
2,0,2,0
3,0,3,0
4,0,4,0
1,0,1,0
12,0,12,0
4,0,4,0
0,4,4,24
0,13,13,11
12,0,12,0
5,0,5,0
3,0,3,0
7,0,7,0
0,12,12,10
4,0,4,0
1,0,1,0
2,0,2,0
4,0,4,0
12,0,12,0
5,0,5,0
1,0,1,0
6,0,6,0
1,0,1,0
1,0,1,0
3,0,3,0
1,0,1,0
10,0,10,0
1,0,1,0
2,0,2,0
0,3,3,13
0,2,2,106
2,0,2,0
3,0,3,0
1,0,1,0
13,0,13,0
0,16,16,7
5,0,5,0
0,3,3,1
2,0,2,0
1,0,1,0
3,0,3,0
1,0,1,0
0,70,70,5
0,2,2,18
15,0,15,0
6,0,6,0
3,0,3,0
0,200,200,31
7,0,7,0
2,0,2,0
1,0,1,0
6,0,6,0
7,0,7,0
1,0,1,0
16,0,16,0
0,10,10,3
0,2,2,0
1,0,1,0
0,30,30,12
28,0,28,0
5,0,5,0
2,0,2,0
4,0,4,0
0,21,21,28
2,0,2,0
0,8,8,5
3,0,3,0
0,3,3,3
10,0,10,0
1,0,1,0
1,0,1,0
1,0,1,0
0,6,6,1
3,0,3,0
0,43,43,18
0,3,3,2
3,0,3,0
1,0,1,0
0,9,9,29
3,0,3,0
0,15,15,37
2,2,4,3
0,14,14,21
107,0,107,0
18,0,18,0
0,1065,1065,45
0,19,19,19
4,0,4,0
9,0,9,0
2,0,2,0
0,2,2,0
4,0,4,0
6,0,6,0
0,2,2,24
1,0,1,0
1,0,1,0
0,5,5,4
2,0,2,0
3,0,3,0
0,4,4,6
52,0,52,0
2,0,2,0
23,0,23,0
6,0,6,0
2,0,2,0
1,0,1,0
1,0,1,0
0,17,17,15
0,5,5,18
3,0,3,0
0,3,3,2
1,0,1,0
1,0,1,0
21,0,21,0
51,0,51,0
2,0,2,0
6,0,6,0
1,0,1,0
0,66,66,76
24,0,24,0
2,0,2,0
4,0,4,0
0,4,4,1
6,0,6,0
4,0,4,0
1,0,1,0
18,0,18,0
1,0,1,0
1,0,1,0
1,0,1,0
0,20,20,20
3,0,3,0
1,0,1,0
11,0,11,0
1,0,1,0
8,0,8,0
2,0,2,0
8,0,8,0
12,0,12,0
1,0,1,0
0,4,4,7
5,0,5,0
2,0,2,0
4,0,4,0
4,0,4,0
5,0,5,0
19,0,19,0
3,0,3,0
1,0,1,0
3,0,3,0
25,0,25,0
1,0,1,0
1,0,1,0
1,0,1,0
0,1,1,8
17,0,17,0
0,44,44,38
0,110,110,131
86,0,86,0
5,0,5,0
0,849,849,42
0,9,9,102
1,0,1,0
2,0,2,0
12,0,12,0
1,0,1,0
5,0,5,0
1,0,1,0
1,0,1,0
0,75,75,10
1,0,1,0
3,0,3,0
72,0,72,0
0,6,6,12
1,0,1,0
0,25,25,11
2,0,2,0
12,0,12,0
4,0,4,0
2,0,2,0
3,0,3,0
14,0,14,0
0,2,2,0
4,132,136,40
10,0,10,0
0,227,227,9
233,0,233,0
0,2,2,0
0,6,6,15
1,0,1,0
2,0,2,0
2,0,2,0
2,0,2,0
1,0,1,0
3,0,3,0
1,0,1,0
0,67,67,17
8,0,8,0
4,0,4,0
0,13,13,54
1,0,1,0
2,0,2,0
2,0,2,0
5,0,5,0
0,45,45,13
1,0,1,0
6,0,6,0
0,432,432,103
71,0,71,0
36,0,36,0
0,8,8,5
5,0,5,0
1,0,1,0
0,6,6,12
20,0,20,0
20,0,20,0
6,0,6,0
1,0,1,0
0,4,4,0
3,0,3,0
8,0,8,0
10,0,10,0
1,0,1,0
1,0,1,0
0,4,4,2
0,3,3,24
0,3,3,4
4,0,4,0
0,10,10,6
0,7,7,7
8,0,8,0
1,0,1,0
4,0,4,0
1,0,1,0
24,0,24,0
3,0,3,0
0,2,2,22
28,0,28,0
14,0,14,0
9,0,9,0
3,0,3,0
2,0,2,0
80,0,80,0
1,0,1,0
4,0,4,0
0,3,3,3
5,0,5,0
3,0,3,0
1,0,1,0
0,9,9,45
3,0,3,0
3,0,3,0
1,0,1,0
5,0,5,0
6,0,6,0
0,2,2,1
17,0,17,0
18,0,18,0
0,2,2,13
1,0,1,0
12,0,12,0
0,12,12,1
261,0,261,0
0,1,1,10
2,0,2,0
2,0,2,0
14,0,14,0
0,3,3,5
6,0,6,0
0,6,6,22
1,0,1,0
1,0,1,0
59,0,59,0
0,25,25,18
11,0,11,0
7,0,7,0
0,34,34,22
55,0,55,0
1,0,1,0
4,0,4,0
0,4,4,55
1,0,1,0
8,0,8,0
1,0,1,0
0,10,10,83
0,3,3,15
1,0,1,0
0,5,5,5
5,0,5,0
4,0,4,0
4,0,4,0
2,0,2,0
7,0,7,0
24,0,24,0
2,0,2,0
0,7,7,61
3,0,3,0
0,78,78,19
2,0,2,0
5,0,5,0
1,0,1,0
20,0,20,0
1,0,1,0
1,0,1,0
11,0,11,0
0,5,5,29
0,1295,1295,39
1,0,1,0
57,0,57,0
5,0,5,0
3,0,3,0
17,0,17,0
0,2,2,2
0,28,28,56
4,0,4,0
0,114,114,56
0,39,39,15
5,0,5,0
5,0,5,0
10,0,10,0
2,0,2,0
5,0,5,0
1,0,1,0
3,0,3,0
0,32,32,30
3,0,3,0
1,0,1,0
3,0,3,0
0,15,15,10
1,0,1,0
139,0,139,0
0,1,1,65
0,745,745,36
0,6,6,6
9,0,9,0
0,19,19,3
0,162,162,75
3,0,3,0
2,0,2,0
3,0,3,0
0,7,7,3
14,0,14,0
2,0,2,0
6,0,6,0
1,0,1,0
1,0,1,0
1,0,1,0
3,0,3,0
54,0,54,0
4,0,4,0
7,0,7,0
1,0,1,0
17,0,17,0
11,0,11,0
1,0,1,0
2,0,2,0
1,0,1,0
0,2,2,83
0,4,4,19
2,0,2,0
28,0,28,0
1,0,1,0
0,5,5,14
3,0,3,0
1,0,1,0
0,7,7,3
1,0,1,0
3,0,3,0
4,0,4,0
0,2,2,0
0,5,5,16
1,0,1,0
1,0,1,0
1,0,1,0
0,7,7,43
0,30,30,18
0,185,185,40
1,0,1,0
2,0,2,0
2,0,2,0
0,1,1,0
0,13,13,8
4,0,4,0
1,0,1,0
0,4,4,162
2,0,2,0
0,28,28,3
6,0,6,0
1,0,1,0
30,0,30,0
6,0,6,0
1,0,1,0
14,0,14,0
0,11,11,12
14,0,14,0
0,1,1,2
8,0,8,0
3,0,3,0
0,2,2,8
0,3,3,4
1,0,1,0
2,0,2,0
4,0,4,0
2,0,2,0
0,6,6,47
50,0,50,0
28,0,28,0
18,0,18,0
1,0,1,0
1,0,1,0
4,0,4,0
3,0,3,0
0,13,13,119
3,0,3,0
8,0,8,0
0,7,7,1
3,0,3,0
1,0,1,0
1,0,1,0
0,2,2,6
3,0,3,0
4,0,4,0
2,0,2,0
1,0,1,0
9,0,9,0
0,1,1,58
0,22,22,30
3,0,3,0
1,0,1,0
3,0,3,0
33,0,33,0
7,0,7,0
2,0,2,0
2,0,2,0
7,0,7,0
4,0,4,0
4,0,4,0
1,0,1,0
3,0,3,0
7,0,7,0
3,0,3,0
2,0,2,0
2,0,2,0
0,1,1,29
0,6,6,8
4,0,4,0
11,0,11,0
0,37,37,33
0,25,25,6
2,0,2,0
1,0,1,0
2,0,2,0
10,0,10,0
8,0,8,0
5,0,5,0
1,0,1,0
1,0,1,0
0,17,17,4
9,0,9,0
41,0,41,0
0,10,10,307
1,0,1,0
2,0,2,0
0,7,7,0
23,0,23,0
4,0,4,0
0,6,6,50
0,2,2,3
4,0,4,0
2,0,2,0
2,0,2,0
6,0,6,0
8,0,8,0
1,0,1,0
3,0,3,0
4,0,4,0
15,0,15,0
0,52,52,16
1,0,1,0
1,0,1,0
3,0,3,0
7,0,7,0
1,0,1,0
0,1,1,12
1,0,1,0
1,0,1,0
27,0,27,0
3,0,3,0
3,0,3,0
3,0,3,0
3,0,3,0
2,0,2,0
15,0,15,0
1,0,1,0
0,2,2,9
3,0,3,0
2,0,2,0
0,35,35,9
11,0,11,0
0,2,2,21
4,0,4,0
11,0,11,0
1,0,1,0
0,4,4,10
4,0,4,0
0,68,68,66
7,0,7,0
5,0,5,0
2,0,2,0
0,1,1,118
0,110,110,18
11,0,11,0
8,0,8,0
1,0,1,0
1,0,1,0
5,0,5,0
14,0,14,0
0,252,252,2
28,0,28,0
3,0,3,0
0,2,2,34
15,0,15,0
0,8,8,78
8,0,8,0
1,0,1,0
4,0,4,0
4,0,4,0
0,108,108,32
0,2,2,29
4,0,4,0
2,0,2,0
0,6,6,15
1,0,1,0
0,3,3,41
1,0,1,0
1,0,1,0
1,0,1,0
0,4,4,10
1,0,1,0
2,0,2,0
1,0,1,0
3,0,3,0
8,0,8,0
19,0,19,0
1,0,1,0
6,0,6,0
2,0,2,0
0,62,62,17
0,11,11,16
3,0,3,0
1,0,1,0
0,1,1,11
1,0,1,0
1,0,1,0
7,0,7,0
1,0,1,0
0,14,14,26
1,0,1,0
6,0,6,0
2,0,2,0
7,0,7,0
7,0,7,0
0,2,2,12
0,4,4,9
0,55,55,8
30,0,30,0
1,0,1,0
9,0,9,0
10,0,10,0
1,0,1,0
16,0,16,0
2,0,2,0
0,5,5,115
0,2,2,50
1,0,1,0
2,0,2,0
0,1,1,5
1,0,1,0
0,20,20,5
21,0,21,0
9,0,9,0
1,0,1,0
1,0,1,0
1,0,1,0
0,1,1,187
0,13,13,68
1,0,1,0
2,0,2,0
7,0,7,0
2,0,2,0
286,0,286,0
0,320,320,110
0,1,1,7
52,0,52,0
1,0,1,0
0,8,8,0
0,3,3,7
0,5,5,6
8,0,8,0
0,1,1,7
2,0,2,0
5,0,5,0
1,0,1,0
0,1,1,0
0,2,2,22
1,0,1,0
0,1,1,16
6,0,6,0
3,0,3,0
2,0,2,0
10,0,10,0
3,0,3,0
21,0,21,0
0,263,263,12
1,0,1,0
5,0,5,0
4,0,4,0
2,0,2,0
5,0,5,0
27,0,27,0
0,1,1,218
0,40,40,1
0,7,7,9
14,0,14,0
12,0,12,0
1,0,1,0
173,0,173,0
0,2,2,0
1,0,1,0
3,0,3,0
7,0,7,0
5,0,5,0
0,103,103,16
2,0,2,0
1,33,34,15
28,0,28,0
9,0,9,0
1,0,1,0
13,0,13,0
0,3,3,9
0,20,20,6
2,0,2,0
0,5,5,86
30,0,30,0
0,67,67,1
64,0,64,0
2,0,2,0
1,0,1,0
9,0,9,0
5,0,5,0
9,0,9,0
1,0,1,0
67,0,67,0
0,1,1,3
0,8,8,5
6,0,6,0
1,0,1,0
1,0,1,0
1,0,1,0
1,0,1,0
1,0,1,0
0,14,14,27
1,0,1,0
0,2,2,17
3,0,3,0
5,0,5,0
0,1,1,39
1,0,1,0
1,0,1,0
0,36,36,45
2,0,2,0
0,3,3,2
5,0,5,0
8,0,8,0
0,13,13,1
17,0,17,0
0,1,1,1
10,0,10,0
2,0,2,0
0,3,3,123
4,0,4,0
5,0,5,0
1,0,1,0
2,0,2,0
5,0,5,0
3,0,3,0
42,0,42,0
16,0,16,0
2,0,2,0
1,0,1,0
26,0,26,0
4,0,4,0
2,0,2,0
0,61,61,84
10,0,10,0
0,17,17,4
1,0,1,0
3,0,3,0
0,4,4,2
1,0,1,0
0,22,22,29
2,0,2,0
1,0,1,0
0,23,23,10
1,0,1,0
0,15,15,86
46,0,46,0
0,142,142,125
1,0,1,0
3,0,3,0
2,0,2,0
0,139,139,72
13,0,13,0
5,0,5,0
0,16,16,59
1,0,1,0
1,0,1,0
4,0,4,0
1,0,1,0
75,0,75,0
7,0,7,0
1,0,1,0
2,0,2,0
1,0,1,0
1,0,1,0
1,0,1,0
17,0,17,0
12,0,12,0
20,0,20,0
1,0,1,0
3,0,3,0
81,0,81,0
3,0,3,0
2,0,2,0
6,0,6,0
1,0,1,0
0,24,24,32
2,0,2,0
2,0,2,0
1,0,1,0
2,0,2,0
9,0,9,0
23,0,23,0
0,6,6,35
3,0,3,0
9,0,9,0
0,5,5,12
0,4,4,0
10,0,10,0
2,0,2,0
21,0,21,0
5,0,5,0
4,0,4,0
1,0,1,0
0,6,6,14
16,0,16,0
3,0,3,0
2,0,2,0
1,0,1,0
0,12,12,12
1,0,1,0
8,0,8,0
2,0,2,0
0,8,8,97
3,0,3,0
0,16,16,68
2,0,2,0
2,0,2,0
1,0,1,0
0,6,6,3
0,49,49,19
16,0,16,0
8,0,8,0
2,0,2,0
0,5,5,103
1,0,1,0
6,0,6,0
1,0,1,0
1,0,1,0
1,0,1,0
0,1,1,0
0,4,4,14
3,0,3,0
0,4,4,7
0,2,2,63
0,3,3,39
1,0,1,0
2,0,2,0
2,0,2,0
1,0,1,0
1,0,1,0
1,0,1,0
1,0,1,0
4,0,4,0
43,0,43,0
5,0,5,0
8,0,8,0
5,0,5,0
0,149,149,59
46,0,46,0
7,0,7,0
0,17,17,68
2,0,2,0
3,0,3,0
5,0,5,0
1,0,1,0
0,2,2,35
1,0,1,0
1,0,1,0
2,0,2,0
1,0,1,0
0,4,4,3
2,0,2,0
8,0,8,0
113,0,113,0
1,0,1,0
3,0,3,0
4,0,4,0
1,0,1,0
8,0,8,0
3,0,3,0
2,0,2,0
0,26,26,26
1,0,1,0
0,565,565,118
49,0,49,0
1,0,1,0
3,0,3,0
9,0,9,0
1,0,1,0
2,0,2,0
0,6,6,10
4,0,4,0
2,0,2,0
15,0,15,0
2,0,2,0
8,0,8,0
2,0,2,0
11,0,11,0
3,0,3,0
0,35,35,21
17,0,17,0
2,0,2,0
2,0,2,0
0,4,4,162
3,0,3,0
0,1,1,0
72,0,72,0
13,0,13,0
0,1,1,3
1,0,1,0
1,0,1,0
2,0,2,0
1,0,1,0
19,0,19,0
14,0,14,0
1,0,1,0
1,0,1,0
3,0,3,0
2,0,2,0
42,0,42,0
20,0,20,0
0,72,72,5
0,13,13,11
0,2,2,34
1,0,1,0
3,0,3,0
2,0,2,0
0,14,14,7
0,3,3,3
1,0,1,0
8,0,8,0
2,0,2,0
1,0,1,0
16,0,16,0
0,1,1,12
11,0,11,0
1,0,1,0
4,0,4,0
1,0,1,0
2,0,2,0
0,13,13,19
1,0,1,0
0,2,2,53
2,0,2,0
1,0,1,0
10,0,10,0
1,0,1,0
1,0,1,0
6,0,6,0
1,0,1,0
0,46,46,1
137,0,137,0
1,0,1,0
0,175,175,40
149,0,149,0
0,1,1,10
1,0,1,0
1,0,1,0
1,0,1,0
1,0,1,0
1,0,1,0
1,0,1,0
81,0,81,0
1,0,1,0
95,0,95,0
1,0,1,0
0,57,57,39
7,0,7,0
0,1,1,5
0,2,2,2
7,0,7,0
3,0,3,0
1,0,1,0
1,0,1,0
24,0,24,0
0,60,60,43
0,10,10,46
72,0,72,0
0,7,7,0
9,0,9,0
9,0,9,0
0,11,11,16
1,0,1,0
1,0,1,0
1,0,1,0
1,0,1,0
1,0,1,0
0,14,14,5
30,0,30,0
25,0,25,0
0,3,3,19
1,0,1,0
1,0,1,0
3,0,3,0
1,0,1,0
1,0,1,0
0,1,1,2
3,0,3,0
1,0,1,0
18,0,18,0
0,3,3,24
16,0,16,0
1,0,1,0
1,0,1,0
1,0,1,0
1,0,1,0
1,0,1,0
12,0,12,0
23,0,23,0
21,0,21,0
67,0,67,0
10,0,10,0
9,0,9,0
0,13,13,85
2,0,2,0
4,0,4,0
1,0,1,0
1,0,1,0
2,0,2,0
6,0,6,0
1,0,1,0
0,12,12,0
5,0,5,0
1,0,1,0
7,0,7,0
1,0,1,0
4,0,4,0
2,0,2,0
2,0,2,0
0,127,127,10
5,0,5,0
1,0,1,0
3,0,3,0
0,5,5,2
107,0,107,0
11,0,11,0
0,39,39,30
1,0,1,0
5,0,5,0
0,26,26,3
2,0,2,0
75,0,75,0
1,0,1,0
8,0,8,0
0,206,206,52
4,0,4,0
4,0,4,0
0,1,1,79
0,14,14,32
2,0,2,0
1,0,1,0
13,0,13,0
5,0,5,0
1,0,1,0
2,0,2,0
0,1,1,10
0,26,26,254
0,83,83,92
0,7,7,15
4,0,4,0
0,397,397,69
6,0,6,0
1,0,1,0
2,0,2,0
7,0,7,0
29,0,29,0
16,0,16,0
6,0,6,0
3,0,3,0
2,0,2,0
2,0,2,0
1,0,1,0
0,1,1,148
6,0,6,0
8,0,8,0
0,2,2,0
51,0,51,0
2,0,2,0
3,0,3,0
19,0,19,0
3,0,3,0
5,0,5,0
4,0,4,0
0,52,52,16
2,0,2,0
8,0,8,0
0,92,92,22
2,0,2,0
48,0,48,0
2,0,2,0
9,0,9,0
9,0,9,0
2,0,2,0
1,0,1,0
14,0,14,0
17,0,17,0
21,0,21,0
0,425,425,110
2,0,2,0
74,0,74,0
46,0,46,0
106,0,106,0
2,0,2,0
9,0,9,0
3,0,3,0
0,14,14,4
0,4,4,1
5,0,5,0
6,0,6,0
2,0,2,0
43,0,43,0
0,217,217,10
0,1,1,6
1,0,1,0
3,0,3,0
25,0,25,0
1,0,1,0
0,4,4,2
1,0,1,0
0,2,2,0
3,0,3,0
0,19,19,35
1,0,1,0
2,0,2,0
9,0,9,0
0,14,14,3
1,0,1,0
0,1,1,35
13,0,13,0
3,0,3,0
0,19,19,20
3,0,3,0
5,0,5,0
4,0,4,0
8,0,8,0
2,0,2,0
1,0,1,0
0,2,2,79
2,0,2,0
1,0,1,0
1,0,1,0
3,0,3,0
1,0,1,0
1,0,1,0
4,0,4,0
0,9,9,3
0,1,1,0
15,0,15,0
0,1,1,3
1,0,1,0
0,1,1,6
3,0,3,0
6,0,6,0
0,1,1,38
1,0,1,0
64,0,64,0
4,0,4,0
2,0,2,0
1,0,1,0
3,0,3,0
4,0,4,0
3,0,3,0
2,0,2,0
5,0,5,0
1,0,1,0
6,0,6,0
0,1,1,4
2,0,2,0
4,0,4,0
3,0,3,0
8,0,8,0
2,0,2,0
2,0,2,0
0,2,2,3
1,0,1,0
0,23,23,6
5,0,5,0
3,0,3,0
2,0,2,0
7,0,7,0
3,0,3,0
0,14,14,27
3,0,3,0
19,0,19,0
0,1,1,0
1,0,1,0
81,0,81,0
4,0,4,0
1,0,1,0
2,0,2,0
3,0,3,0
0,4,4,0
13,0,13,0
0,6,6,18
6,0,6,0
0,2,2,0
2,0,2,0
1,0,1,0
1,0,1,0
1,0,1,0
2,0,2,0
3,0,3,0
7,0,7,0
0,72,72,26
4,0,4,0
0,6,6,0
10,0,10,0
5,0,5,0
1,0,1,0
58,0,58,0
53,0,53,0
0,112,112,12
7,0,7,0
0,4,4,31
17,0,17,0
3,0,3,0
0,1338,1338,40
0,2,2,4
4,0,4,0
0,2,2,17
1,0,1,0
1,0,1,0
1359,0,1359,0
4,0,4,0
3,0,3,0
1,0,1,0
4,0,4,0
64,0,64,0
2,0,2,0
1,0,1,0
0,7,7,3
0,6,6,0
11,0,11,0
1,0,1,0
2,0,2,0
0,1,1,31
7,0,7,0
2,0,2,0
2,0,2,0
1,0,1,0
0,96,96,25
1,0,1,0
3,0,3,0
23,0,23,0
5,0,5,0
3,0,3,0
1,0,1,0
0,5,5,26
2,0,2,0
1,0,1,0
0,7,7,14
23,0,23,0
2,0,2,0
2,0,2,0
0,31,31,21
0,13,13,9
3,0,3,0
2,0,2,0
3,0,3,0
0,83,83,4
1,0,1,0
2,0,2,0
0,7,7,20
0,4,4,0
47,0,47,0
67,0,67,0
2,0,2,0
0,1,1,1
4,0,4,0
2,0,2,0
4,0,4,0
4,0,4,0
2,0,2,0
9,0,9,0
32,0,32,0
0,1,1,22
1,0,1,0
25,0,25,0
1,0,1,0
2,0,2,0
1,0,1,0
0,6,6,8
6,0,6,0
0,9,9,17
4,0,4,0
0,1,1,90
19,0,19,0
4,0,4,0
13,0,13,0
3,0,3,0
9,0,9,0
5,0,5,0
2,0,2,0
1,0,1,0
0,1,1,35
9,0,9,0
2,0,2,0
2,0,2,0
1,0,1,0
24,0,24,0
0,732,732,42
0,5,5,0
1,0,1,0
33,0,33,0
125,0,125,0
1,0,1,0
0,15,15,12
1,0,1,0
0,8,8,96
1,0,1,0
0,4,4,0
1,0,1,0
2,0,2,0
0,5,5,18
1,0,1,0
1,0,1,0
19,0,19,0
0,1,1,12
6,0,6,0
2,0,2,0
0,7,7,7
4,0,4,0
1,0,1,0
1,0,1,0
1,0,1,0
7,0,7,0
10,0,10,0
0,1,1,131
5,0,5,0
17,0,17,0
4,0,4,0
1,0,1,0
3,0,3,0
0,4,4,3
0,4,4,174
1,0,1,0
1,0,1,0
0,105,105,112
4,0,4,0
1,0,1,0
10,0,10,0
15,0,15,0
2,0,2,0
0,5,5,37
13,0,13,0
0,9,9,34
0,12,12,30
0,14,14,35
3,0,3,0
0,3,3,128
2,0,2,0
2,0,2,0
1,0,1,0
1,0,1,0
7,0,7,0
16,0,16,0
1,0,1,0
6,0,6,0
395,0,395,0
0,14,14,0
0,2,2,22
1,0,1,0
0,130,130,14
54,0,54,0
5,0,5,0
65,0,65,0
18,0,18,0
3,0,3,0
1,0,1,0
0,14,14,46
4,0,4,0
2,0,2,0
1,0,1,0
1,0,1,0
0,4,4,71
9,0,9,0
3,0,3,0
0,123,123,1
5,0,5,0
1,0,1,0
1,0,1,0
8,0,8,0
4,0,4,0
2,0,2,0
0,37,37,33
9,0,9,0
6,0,6,0
38,0,38,0
0,5,5,32
46,0,46,0
6,0,6,0
0,61,61,21
5,0,5,0
46,0,46,0
1,0,1,0
1,0,1,0
61,0,61,0
2,0,2,0
8,0,8,0
0,1,1,8
0,146,146,56
0,44,44,11
8,0,8,0
3,0,3,0
0,85,85,3
8,0,8,0
3,0,3,0
7,0,7,0
1,0,1,0
4,0,4,0
1,0,1,0
2,0,2,0
0,135,135,61
12,0,12,0
8,0,8,0
1,0,1,0
1,0,1,0
4,0,4,0
0,3,3,10
1,0,1,0
459,0,459,0
0,4,4,26
0,4,4,0
2,0,2,0
14,0,14,0
3,0,3,0
1,0,1,0
0,46,46,11
5,0,5,0
0,3,3,16
7,0,7,0
22,0,22,0
34,0,34,0
240,0,240,0
8,0,8,0
13,0,13,0
0,6,6,0
0,3,3,21
3,0,3,0
0,44,44,20
315,0,315,0
2,0,2,0
7,0,7,0
21,0,21,0
17,0,17,0
1,0,1,0
42,0,42,0
1,0,1,0
2,0,2,0
5,0,5,0
4,0,4,0
0,3,3,3
1,0,1,0
0,948,948,125
1,0,1,0
1,0,1,0
1,0,1,0
3,0,3,0
0,3,3,79
81,0,81,0
1,0,1,0
5,0,5,0
2,0,2,0
1,0,1,0
0,2,2,24
0,189,189,3
0,14,14,0
4,0,4,0
0,136,136,19
4,0,4,0
0,66,66,31
3,0,3,0
0,220,220,1
0,9,9,6
1,0,1,0
2,0,2,0
0,9,9,91
17,0,17,0
14,0,14,0
0,2,2,12
11,0,11,0
3,0,3,0
46,0,46,0
1,0,1,0
2,0,2,0
0,39,39,1
1,0,1,0
7,0,7,0
2,0,2,0
13,0,13,0
2,0,2,0
24,0,24,0
1,0,1,0
2,0,2,0
4,0,4,0
13,0,13,0
0,7,7,2
102,0,102,0
6,0,6,0
0,4,4,6
1,0,1,0
5,0,5,0
243,0,243,0
29,0,29,0
1,0,1,0
105,0,105,0
2,0,2,0
1,0,1,0
60,0,60,0
0,5,5,8
4,0,4,0
2,0,2,0
1,0,1,0
2,0,2,0
2,0,2,0
0,30,30,51
16,0,16,0
3,0,3,0
145,0,145,0
2,0,2,0
2,0,2,0
3,0,3,0
9,0,9,0
1,0,1,0
2,0,2,0
0,2,2,10
34,0,34,0
2,0,2,0
0,11,11,1
13,0,13,0
2,0,2,0
10,0,10,0
1,0,1,0
4,0,4,0
1,0,1,0
0,5,5,1
50,0,50,0
2,0,2,0
3,0,3,0
0,6,6,4
4,0,4,0
1,0,1,0
7,0,7,0
0,1,1,28
1,0,1,0
5,0,5,0
4,0,4,0
2,0,2,0
1,0,1,0
2,0,2,0
0,1,1,4
0,19,19,4
1,0,1,0
3,0,3,0
1,0,1,0
8,0,8,0
11,0,11,0
1,0,1,0
1,0,1,0
3,0,3,0
9,0,9,0
0,5,5,2
2,0,2,0
0,1,1,0
6,0,6,0
7,0,7,0
1,0,1,0
3,0,3,0
0,2,2,0
27,0,27,0
3,0,3,0
0,3,3,36
0,20,20,5
5,0,5,0
3,0,3,0
115,0,115,0
1,0,1,0
1,0,1,0
3,0,3,0
61,0,61,0
1,0,1,0
0,2,2,12
0,2,2,1
1,0,1,0
2,0,2,0
0,3,3,27
14,0,14,0
0,1005,1005,173
5,0,5,0
0,7,7,127
0,5,5,14
0,1,1,0
1,0,1,0
1,0,1,0
75,0,75,0
9,0,9,0
1,0,1,0
45,0,45,0
1,0,1,0
3,0,3,0
0,11,11,46
6,0,6,0
2,0,2,0
3,0,3,0
0,11,11,44
3,0,3,0
0,177,177,111
5,0,5,0
11,0,11,0
7,0,7,0
6,0,6,0
2,0,2,0
4,0,4,0
1,0,1,0
22,0,22,0
0,4,4,4
16,0,16,0
3,0,3,0
0,9,9,105
9,0,9,0
7,0,7,0
5,0,5,0
0,5,5,14
1,0,1,0
0,1,1,64
5,0,5,0
0,28,28,29
13,0,13,0
2,0,2,0
1,0,1,0
22,0,22,0
0,58,58,23
0,4,4,1
1,0,1,0
1,0,1,0
1,0,1,0
1,0,1,0
2,0,2,0
1,0,1,0
1,0,1,0
18,0,18,0
2,0,2,0
0,5,5,8
3,0,3,0
9,0,9,0
0,32,32,57
3,0,3,0
0,441,441,28
2,0,2,0
2,0,2,0
10,0,10,0
5,0,5,0
1,0,1,0
5,0,5,0
29,0,29,0
0,26,26,8
2,0,2,0
20,0,20,0
66,0,66,0
14,0,14,0
19,0,19,0
34,0,34,0
2,0,2,0
1,0,1,0
0,113,113,51
3,0,3,0
1,0,1,0
0,4,4,46
1,0,1,0
1,0,1,0
0,7,7,81
6,0,6,0
0,1,1,1
1,0,1,0
0,93,93,97
72,0,72,0
1,0,1,0
5,0,5,0
0,14,14,0
147,0,147,0
0,17,17,12
0,1,1,99
1,0,1,0
1,0,1,0
2,0,2,0
0,1,1,7
0,21,21,4
21,0,21,0
4,0,4,0
0,5,5,2
1,0,1,0
15,0,15,0
7,0,7,0
3,0,3,0
1,0,1,0
2,0,2,0
3,0,3,0
5,0,5,0
10,0,10,0
5,0,5,0
3,0,3,0
15,0,15,0
15,0,15,0
0,7,7,3
3,0,3,0
2,0,2,0
26,0,26,0
0,43,43,26
20,0,20,0
3,0,3,0
1,0,1,0
0,5,5,10
6,0,6,0
3,0,3,0
28,0,28,0
1,0,1,0
1,0,1,0
1,0,1,0
2,0,2,0
9,0,9,0
12,0,12,0
28,0,28,0
4,0,4,0
0,5,5,3
2,0,2,0
3,0,3,0
0,1,1,1
1,0,1,0
7,0,7,0
6,0,6,0
7,0,7,0
2,0,2,0
1,0,1,0
8,0,8,0
3,0,3,0
31,0,31,0
9,0,9,0
2,0,2,0
3,0,3,0
5,0,5,0
4,0,4,0
4,0,4,0
18,0,18,0
0,13,13,5
1,0,1,0
1,0,1,0
18,0,18,0
4,0,4,0
0,4,4,8
0,8,8,23
2,0,2,0
0,8,8,9
1,0,1,0
3,0,3,0
1,0,1,0
0,2,2,2
8,0,8,0
2,0,2,0
1,0,1,0
0,6,6,5
29,0,29,0
3,0,3,0
14,0,14,0
1,0,1,0
0,130,130,12
22,0,22,0
0,5,5,52
1,0,1,0
0,1,1,13
1,0,1,0
20,0,20,0
2,0,2,0
0,52,52,8
0,1,1,48
3,0,3,0
12,0,12,0
0,6,6,6
5,0,5,0
3,0,3,0
0,10,10,115
22,0,22,0
0,3,3,16
5,0,5,0
0,35,35,109
56,0,56,0
0,40,40,11
0,1,1,12
10,0,10,0
1,0,1,0
0,28,28,8
4,0,4,0
9,0,9,0
1,0,1,0
0,329,329,31
2,0,2,0
2,0,2,0
1,0,1,0
0,1,1,29
2,0,2,0
0,2,2,17
0,1,1,2
1,0,1,0
2,0,2,0
0,2,2,4
1,0,1,0
1,0,1,0
0,1,1,2
7,0,7,0
33,0,33,0
0,412,412,7
1,0,1,0
6,0,6,0
3,0,3,0
12,0,12,0
5,0,5,0
1,0,1,0
4,0,4,0
101,0,101,0
5,0,5,0
1,0,1,0
2,0,2,0
0,41,41,4
1,0,1,0
4,0,4,0
2,0,2,0
1,0,1,0
2,0,2,0
1,0,1,0
6,0,6,0
1,0,1,0
17,0,17,0
9,0,9,0
0,134,134,20
80,0,80,0
3,0,3,0
0,17,17,16
50,0,50,0
0,61,61,53
27,0,27,0
65,0,65,0
2,0,2,0
0,213,213,37
18,0,18,0
14,0,14,0
5,0,5,0
14,0,14,0
12,0,12,0
0,48,48,3
1,0,1,0
0,2,2,17
5,0,5,0
35,0,35,0
1,0,1,0
5,0,5,0
10,0,10,0
1,0,1,0
0,17,17,42
5,0,5,0
22,0,22,0
14,0,14,0
3,0,3,0
0,25,25,23
0,21,21,90
21,0,21,0
0,1,1,85
2,0,2,0
6,0,6,0
3,0,3,0
0,4,4,25
1,0,1,0
3,0,3,0
0,14,14,7
0,30,30,31
1,0,1,0
4,0,4,0
1,0,1,0
9,0,9,0
7,0,7,0
9,0,9,0
0,6,6,6
3,0,3,0
0,10,10,20
1,0,1,0
12,0,12,0
5,0,5,0
0,4,4,18
7,0,7,0
0,2,2,1
8,0,8,0
195,0,195,0
0,8,8,24
1,0,1,0
3,0,3,0
4,0,4,0
8,0,8,0
7,0,7,0
0,65,65,35
9,0,9,0
37,0,37,0
3,0,3,0
6,0,6,0
14,0,14,0
0,1,1,0
3,0,3,0
0,49,49,0
3,0,3,0
3,0,3,0
43,0,43,0
0,3,3,1
3,0,3,0
0,4,4,0
0,13,13,9
8,0,8,0
0,14,14,25
26,0,26,0
2,0,2,0
2,0,2,0
2,0,2,0
1,0,1,0
0,2,2,54
3,0,3,0
1,0,1,0
45,0,45,0
15,0,15,0
1,0,1,0
0,2,2,11
0,1,1,0
2,0,2,0
7,0,7,0
0,240,240,102
30,0,30,0
1,0,1,0
0,24,24,28
53,0,53,0
0,7,7,13
1,0,1,0
0,4,4,11
1,79,80,21
22,0,22,0
1,0,1,0
15,0,15,0
0,21,21,104
0,9,9,4
0,2,2,2
48,0,48,0
29,0,29,0
2,0,2,0
7,0,7,0
4,0,4,0
2,0,2,0
4,0,4,0
2,0,2,0
22,0,22,0
0,1,1,0
10,0,10,0
1,0,1,0
21,0,21,0
5,0,5,0
1,0,1,0
5,0,5,0
2,0,2,0
1,0,1,0
2,0,2,0
18,0,18,0
24,0,24,0
4,0,4,0
3,0,3,0
0,1,1,4
0,174,174,120
2,0,2,0
0,8,8,1
85,0,85,0
7,0,7,0
0,2,2,4
1,0,1,0
0,166,166,147
0,12,12,37
12,0,12,0
0,6,6,3
0,1,1,3
13,0,13,0
18,0,18,0
10,0,10,0
0,1,1,20
17,0,17,0
0,43,43,14
2,0,2,0
1,0,1,0
2,0,2,0
0,1,1,3
2,0,2,0
2,0,2,0
6,0,6,0
1,0,1,0
2,0,2,0
1,0,1,0
2,0,2,0
5,0,5,0
0,7,7,22
2,0,2,0
2,0,2,0
24,0,24,0
2,0,2,0
1,0,1,0
1,0,1,0
0,1,1,25
1,0,1,0
0,1,1,23
19,0,19,0
1,0,1,0
0,567,567,124
32,0,32,0
0,111,111,14
2,0,2,0
0,4,4,16
1,0,1,0
1,0,1,0
3,0,3,0
3,0,3,0
12,0,12,0
0,52,52,9
23,0,23,0
5,0,5,0
12,0,12,0
1,0,1,0
3,0,3,0
3,0,3,0
4,0,4,0
11,0,11,0
1,0,1,0
2,0,2,0
2,0,2,0
4,0,4,0
2,0,2,0
1,0,1,0
0,4,4,0
0,7,7,27
5,0,5,0
1,0,1,0
2,0,2,0
1,0,1,0
4,0,4,0
9,0,9,0
4,0,4,0
0,3,3,16
0,4,4,75
28,0,28,0
3,0,3,0
7,0,7,0
1,0,1,0
1,0,1,0
4,0,4,0
0,11,11,222
3,0,3,0
1,0,1,0
2,0,2,0
1,0,1,0
1,0,1,0
0,3,3,1
14,0,14,0
0,3,3,25
1,0,1,0
5,0,5,0
0,66,66,30
1,0,1,0
2,0,2,0
4,0,4,0
1,0,1,66
0,13,13,32
21,0,21,0
0,1,1,0
9,0,9,0
2,0,2,0
0,1,1,1
0,3,3,56
16,0,16,0
0,46,46,25
20,0,20,0
44,0,44,0
5,0,5,0
1,0,1,0
1,0,1,0
9,0,9,0
4,0,4,0
0,153,153,7
4,0,4,0
0,149,149,16
64,0,64,0
1,0,1,0
47,0,47,0
22,0,22,0
0,26,26,14
17,0,17,0
0,7,7,34
18,0,18,0
0,1,1,0
6,0,6,0
1,0,1,0
1,0,1,0
4,0,4,0
6,0,6,0
0,2,2,16
1,0,1,0
1,0,1,0
2,0,2,0
9,0,9,0
88,0,88,0
0,12,12,84
12,0,12,0
1,0,1,0
2,0,2,0
1,0,1,0
9,0,9,0
4,0,4,0
2,0,2,0
0,2,2,10
1,0,1,0
2,0,2,0
5,0,5,0
0,8,8,6
1,0,1,0
55,0,55,0
2,0,2,0
5,0,5,0
2,0,2,0
0,6,6,26
6,0,6,0
3,0,3,0
1,0,1,0
1,0,1,0
2,0,2,0
1,0,1,0
1,0,1,0
1,0,1,0
2,0,2,0
0,24,24,40
16,0,16,0
8,0,8,0
25,0,25,0
5,0,5,0
0,20,20,97
5,0,5,0
0,1,1,4
1,0,1,0
154,0,154,0
2,0,2,0
26,0,26,0
6,0,6,0
3,0,3,0
0,5,5,52
2,0,2,0
0,30,30,35
2,0,2,0
2,0,2,0
2,0,2,0
3,0,3,0
3,0,3,0
0,3,3,0
3,0,3,0
1,0,1,0
1,0,1,0
4,0,4,0
7,0,7,0
0,48,48,37
3,0,3,0
0,23,23,27
4,0,4,0
10,0,10,0
1,0,1,0
1,0,1,0
0,2,2,11
1,0,1,0
1,0,1,0
13,0,13,0
3,0,3,0
1,0,1,0
0,225,225,81
8,0,8,0
3,0,3,0
0,48,48,8
2,0,2,0
2,0,2,0
1,0,1,0
4,0,4,0
4,0,4,0
1,0,1,0
1,0,1,0
0,47,47,28
7,0,7,0
0,36,36,27
38,0,38,0
1,0,1,0
2,0,2,0
9,0,9,0
16,0,16,0
8,0,8,0
0,4,4,0
1,0,1,0
18,0,18,0
12,0,12,0
1,0,1,0
0,54,54,12
8,0,8,0
3,0,3,0
0,1,1,68
0,125,125,15
0,24,24,21
18,0,18,0
28,0,28,0
3,0,3,0
10,0,10,0
0,30,30,4
4,0,4,0
3,0,3,0
0,8,8,5
2,0,2,0
43,0,43,0
0,4,4,0
0,91,91,49
43,0,43,0
3,0,3,0
1,0,1,0
3,0,3,0
1,0,1,0
2,0,2,0
0,3,3,0
17,0,17,0
1,0,1,0
2,0,2,0
3,0,3,0
3,0,3,0
4,0,4,0
10,0,10,0
4,0,4,0
1,0,1,0
3,0,3,0
0,3,3,4
7,0,7,0
6,0,6,0
0,19,19,0
1,0,1,0
2,0,2,0
4,0,4,0
0,1,1,1
1,0,1,0
0,1,1,134
0,1,1,25
1,0,1,0
2,0,2,0
2,0,2,0
3,0,3,0
1,0,1,0
1,0,1,0
58,0,58,0
1,0,1,0
1,0,1,0
16,0,16,0
0,5,5,2
2,0,2,0
4,0,4,0
2,0,2,0
0,8,8,3
1,0,1,0
8,0,8,0
0,45,45,35
3,0,3,0
1,0,1,0
1,0,1,0
3,0,3,0
15,0,15,0
70,0,70,0
14,0,14,0
49,0,49,0
0,15,15,18
4,0,4,0
0,16,16,3
0,26,26,44
3,0,3,0
3,0,3,0
0,4,4,0
0,2,2,12
3,0,3,0
1,0,1,0
12,0,12,0
2,0,2,0
0,3,3,18
1,0,1,0
7,0,7,0
10,0,10,0
1,0,1,0
0,5,5,4
4,0,4,0
4,0,4,0
1,0,1,0
61,0,61,0
0,1,1,23
16,0,16,0
23,0,23,0
10,0,10,0
2,0,2,0
99,0,99,0
74,0,74,0
23,0,23,0
2,0,2,0
6,0,6,0
0,6,6,4
1,0,1,0
0,3,3,118
99,0,99,0
2,0,2,0
13,0,13,0
4,0,4,0
0,8,8,8
1,0,1,0
1,0,1,0
1,0,1,0
0,3,3,4
4,0,4,0
0,6,6,16
0,2,2,0
0,6,6,33
0,95,95,15
22,0,22,0
1,0,1,0
3,0,3,0
12,0,12,0
1,0,1,0
0,4,4,1
1,0,1,0
0,9,9,13
4,0,4,0
13,0,13,0
1,0,1,0
0,2,2,3
19,0,19,0
4,0,4,0
0,1,1,15
2,0,2,0
1,0,1,0
0,15,15,7
14,0,14,0
1,0,1,0
0,15,15,39
0,23,23,31
40,0,40,0
0,2,2,2
0,11,11,13
1,0,1,0
2,0,2,0
5,0,5,0
0,84,84,13
1,0,1,0
0,62,62,1
14,0,14,0
1,0,1,0
2,0,2,0
2,0,2,0
7,0,7,0
4,0,4,0
5,0,5,0
4,0,4,0
4,0,4,0
25,634,659,6
5,0,5,0
10,0,10,0
2,0,2,0
1,0,1,0
11,0,11,0
2,0,2,0
12,0,12,0
1,0,1,0
9,0,9,0
2,0,2,0
5,0,5,0
1,0,1,0
2,0,2,0
2,0,2,0
2,0,2,0
0,4,4,14
1,0,1,0
1,0,1,0
0,1,1,10
2,0,2,0
0,309,309,3
3,0,3,0
0,37,37,43
2,0,2,0
1,0,1,0
0,26,26,15
2,0,2,0
1,0,1,0
9,0,9,0
1,0,1,0
4,0,4,0
2,0,2,0
1,0,1,0
1,0,1,0
1,0,1,0
0,2,2,23
1,0,1,0
1,0,1,0
1,0,1,0
8,0,8,0
12,0,12,0
3,0,3,0
2,0,2,0
1,0,1,0
0,355,355,115
0,56,56,76
10,0,10,0
0,3,3,7
5,0,5,0
0,2,2,1
6,0,6,0
0,16,16,22
43,0,43,0
0,37,37,3
0,3,3,36
2,0,2,0
12,0,12,0
1,0,1,0
98,0,98,0
0,1,1,8
0,27,27,0
15,0,15,0
0,2,2,1
14,0,14,0
0,18,18,217
1,0,1,0
20,0,20,0
6,0,6,0
6,0,6,0
2,0,2,0
2,0,2,0
3,0,3,0
0,2,2,1
0,5,5,18
0,6,6,18
0,47,47,58
113,0,113,0
9,0,9,0
8,0,8,0
2,0,2,0
0,17,17,8
0,1,1,0
69,0,69,0
0,2,2,1
0,1,1,24
0,78,78,1
0,380,380,22
4,0,4,0
57,0,57,0
38,0,38,0
2,0,2,0
2,0,2,0
58,0,58,0
0,19,19,3
1,0,1,0
0,2,2,39
13,0,13,0
11,0,11,0
15,0,15,0
0,10,10,0
82,0,82,0
5,0,5,0
31,0,31,0
297,0,297,0
0,2,2,34
1,0,1,0
0,14,14,59
0,23,23,16
6,0,6,0
0,12,12,23
3,0,3,0
2,0,2,0
0,6,6,34
3,0,3,0
0,3,3,4
6,0,6,0
2,0,2,0
10,0,10,0
16,0,16,0
3,0,3,0
14,0,14,0
2,0,2,0
1,0,1,0
0,315,315,32
1,0,1,0
19,0,19,0
19,0,19,0
2,0,2,0
0,1,1,26
0,1,1,31
2,0,2,0
1,0,1,0
3,0,3,0
1,0,1,0
2,0,2,0
0,3,3,2
2,0,2,0
2,0,2,0
5,0,5,0
0,9,9,8
1,0,1,0
1,0,1,0
1,0,1,0
3,0,3,0
7,0,7,0
7,0,7,0
23,0,23,0
3,0,3,0
6,0,6,0
5,0,5,0
1,0,1,0
0,1,1,2
1,0,1,0
0,4,4,14
1,0,1,0
0,1,1,10
9,0,9,0
2,0,2,0
1,0,1,0
47,0,47,0
0,6,6,30
18,0,18,0
1,0,1,0
3,0,3,0
3,0,3,0
0,3,3,1
123,0,123,0
3,0,3,0
4,0,4,0
36,0,36,0
21,0,21,0
0,62,62,31
10,0,10,0
8,0,8,0
2,0,2,0
11,0,11,0
1,0,1,0
0,11,11,10
0,1,1,180
1,0,1,0
1,0,1,0
1,0,1,0
14,0,14,0
1,0,1,0
1,0,1,0
1,0,1,0
15,0,15,0
5,0,5,0
10,0,10,0
45,0,45,0
2,0,2,0
56,0,56,0
0,5,5,0
0,46,46,136
0,4,4,1
10,0,10,0
0,4,4,61
1,0,1,0
6,0,6,0
12,0,12,0
21,0,21,0
4,0,4,0
1,0,1,0
1,0,1,0
15,0,15,0
2,0,2,0
4,0,4,0
0,76,76,44
1,0,1,0
4,0,4,0
0,9,9,12
8,0,8,0
0,7,7,1
1,0,1,0
10,0,10,0
10,0,10,0
0,3,3,0
7,0,7,0
1,0,1,0
143,0,143,0
15,0,15,0
0,77,77,12
2,0,2,0
7,0,7,0
0,6,6,22
1,0,1,0
0,9,9,0
0,16,16,13
0,6,6,84
1,0,1,0
10,0,10,0
5,0,5,0
0,76,76,21
3,0,3,0
3,0,3,0
1,0,1,0
1,0,1,0
1,0,1,0
13,0,13,0
0,14,14,27
1,0,1,0
1,0,1,0
1,0,1,0
1,0,1,0
6,0,6,0
0,1,1,6
0,1,1,33
0,70,70,35
14,0,14,0
0,2,2,7
1,0,1,0
1,0,1,0
8,0,8,0
1,0,1,0
23,0,23,0
0,4,4,10
25,0,25,0
1,0,1,0
1,0,1,0
1,0,1,0
1,0,1,0
3,0,3,0
2,0,2,0
1,0,1,0
3,0,3,0
0,18,18,8
1,0,1,0
3,0,3,0
1,0,1,0
2,0,2,0
4,0,4,0
3,0,3,0
2,0,2,0
38,0,38,0
1,0,1,0
12,0,12,0
125,0,125,0
2,0,2,0
4,0,4,0
0,6,6,90
0,2,2,0
9,0,9,0
0,19,19,15
2,0,2,0
4,0,4,0
26,0,26,0
0,12,12,3
0,259,259,22
16,0,16,0
1,0,1,0
35,0,35,0
0,2,2,64
3,0,3,0
4,0,4,0
0,5,5,9
0,1,1,7
4,0,4,0
41,0,41,0
13,0,13,0
4,0,4,0
11,0,11,0
0,31,31,16
2,0,2,0
0,43,43,5
1,0,1,0
8,0,8,0
18,0,18,0
5,0,5,0
9,0,9,0
1,0,1,0
0,1,1,15
3,0,3,0
0,2,2,62
0,3,3,3
1,0,1,0
0,2,2,8
7,0,7,0
2,0,2,0
1,0,1,0
2,0,2,0
0,1,1,3
2,0,2,0
1,0,1,0
6,0,6,0
18,0,18,0
0,57,57,83
0,14,14,21
11,0,11,0
2,0,2,0
1,0,1,0
0,5,5,2
6,0,6,0
17,0,17,0
6,0,6,0
0,16,16,124
48,0,48,0
3,0,3,0
0,25,25,15
0,23,23,11
18,0,18,0
4,0,4,0
33,0,33,0
22,0,22,0
0,8,8,44
11,0,11,0
13,0,13,0
1,0,1,0
0,2,2,22
39,0,39,0
1,0,1,0
2,0,2,0
8,0,8,0
2,0,2,0
0,67,67,42
1,0,1,0
3,0,3,0
5,0,5,0
1,0,1,0
15,0,15,0
1,0,1,0
4,0,4,0
3,0,3,0
10,0,10,0
0,9,9,12
1,0,1,0
3,0,3,0
0,5,5,20
5,0,5,0
290,0,290,0
17,0,17,0
7,0,7,0
10,0,10,0
11,0,11,0
3,0,3,0
2,0,2,0
0,10,10,11
8,0,8,0
1,0,1,0
1,0,1,0
28,0,28,0
1,0,1,0
14,0,14,0
1,0,1,0
3,0,3,0
0,1,1,6
2,0,2,0
4,0,4,0
3,0,3,0
5,0,5,0
0,41,41,28
3,0,3,0
5,0,5,0
3,0,3,0
0,144,144,24
33,0,33,0
1,0,1,0
1,0,1,0
129,0,129,0
0,6,6,147
1,0,1,0
11,0,11,0
1,0,1,0
3,0,3,0
2,0,2,0
0,9,9,55
11,0,11,0
0,15,15,68
8,0,8,0
2,0,2,0
12,0,12,0
1,0,1,0
0,444,444,4
1,0,1,0
4,0,4,0
1,0,1,0
4,0,4,0
7,0,7,0
11,0,11,0
1,0,1,0
26,0,26,0
0,5,5,18
6,0,6,0
0,65,65,109
3,0,3,0
3,0,3,0
1,0,1,0
0,23,23,24
1,0,1,0
0,7,7,13
0,3,3,5
1,0,1,0
158,0,158,0
0,1,1,1
1,0,1,0
10,0,10,0
8,0,8,0
1,0,1,0
3,0,3,0
0,15,15,24
2,0,2,0
0,3,3,3
72,0,72,0
0,37,37,19
2,0,2,0
0,10,10,18
47,0,47,0
0,1,1,31
3,0,3,0
0,21,21,0
1,0,1,0
4,0,4,0
9,0,9,0
4,0,4,0
1,0,1,0
52,0,52,0
122,0,122,0
0,220,220,24
4,0,4,0
62,0,62,0
10,0,10,0
276,0,276,0
2,0,2,0
2,0,2,0
0,4,4,11
1,0,1,0
0,8,8,3
1,0,1,0
0,13,13,16
6,0,6,0
0,26,26,7
5,0,5,0
1,0,1,0
1,0,1,0
3,0,3,0
1,0,1,0
1,0,1,0
0,40,40,6
134,0,134,0
1,0,1,0
1,0,1,0
2,0,2,0
3,0,3,0
1,0,1,0
0,3,3,5
59,0,59,0
13,0,13,0
6,0,6,0
48,0,48,0
1,0,1,0
0,20,20,30
0,1,1,2
0,1,1,9
0,4,4,15
3,0,3,0
1,0,1,0
3,0,3,0
1,0,1,0
10,0,10,0
0,11,11,3
1,0,1,0
5,0,5,0
2,0,2,0
23,0,23,0
1,0,1,0
5,0,5,0
80,0,80,0
2,0,2,0
0,6,6,7
12,0,12,0
1,0,1,0
23,0,23,0
8,0,8,0
0,1,1,32
1,0,1,0
7,0,7,0
7,0,7,0
0,2,2,30
3,0,3,0
1,0,1,0
2,0,2,0
193,0,193,0
2,0,2,0
2,0,2,0
7,0,7,0
0,100,100,18
0,4,4,1
0,6,6,75
7,0,7,0
2,0,2,0
4,0,4,0
5,0,5,0
1,0,1,0
6,0,6,0
3,0,3,0
2,0,2,0
0,27,27,38
11,0,11,0
5,0,5,0
1,0,1,0
3,0,3,0
3,0,3,0
1,0,1,0
3,0,3,0
0,76,76,97
3,0,3,0
0,2,2,20
4,0,4,0
13,0,13,0
0,1,1,1
1,0,1,0
3,0,3,0
0,13,13,7
4,0,4,0
2,0,2,0
3,0,3,0
61,0,61,0
10,0,10,0
2,0,2,0
1,0,1,0
8,0,8,0
13,0,13,0
0,1,1,14
1,0,1,0
0,25,25,42
11,0,11,0
1,0,1,0
18,0,18,0
1,0,1,0
2,0,2,0
2,0,2,0
0,1,1,0
0,12,12,6
0,12,12,38
2,0,2,0
4,0,4,0
0,9,9,11
11,0,11,0
7,0,7,0
1,0,1,0
2,0,2,0
0,293,293,72
9,0,9,0
0,1,1,16
1,0,1,0
51,0,51,0
3,0,3,0
1,0,1,0
0,6,6,33
5,0,5,0
7,0,7,0
0,22,22,103
1,0,1,0
2,0,2,0
1,0,1,0
1,0,1,0
0,1,1,3
184,0,184,0
0,1,1,14
3,0,3,0
0,2,2,41
18,0,18,0
1,0,1,0
51,0,51,0
26,0,26,0
0,17,17,20
2,0,2,0
2,0,2,0
1,0,1,0
2,0,2,0
0,10,10,23
0,2,2,6
0,25,25,0
28,0,28,0
1,0,1,0
5,0,5,0
16,0,16,17
1,0,1,0
1,0,1,0
1,0,1,0
0,52,52,0
0,16,16,2
9,0,9,0
1,0,1,0
0,4,4,81
0,21,21,9
0,24,24,20
11,0,11,0
4,0,4,0
2,0,2,0
95,0,95,0
5,0,5,0
0,71,71,19
2,0,2,0
1,0,1,0
36,0,36,0
14,0,14,0
24,0,24,0
1,0,1,0
9,0,9,0
5,0,5,0
20,0,20,0
13,0,13,0
12,0,12,0
1,0,1,0
7,0,7,0
2,0,2,0
5,0,5,0
1,0,1,0
239,0,239,0
0,9,9,5
7,0,7,0
1,0,1,0
1,0,1,0
5,0,5,0
1,0,1,0
1,0,1,0
1,0,1,0
1,0,1,0
1,0,1,0
0,1,1,8
9,0,9,0
1,0,1,0
1,0,1,0
8,0,8,0
7,0,7,0
2,0,2,0
2,0,2,0
3,0,3,0
0,1,1,0
0,3,3,13
12,0,12,0
2,0,2,0
1,0,1,0
2,0,2,0
5,0,5,0
0,1,1,0
0,23,23,26
0,2,2,27
18,0,18,0
0,9,9,7
2,0,2,0
76,0,76,0
1,0,1,0
1,0,1,0
7,0,7,0
1,0,1,0
2,0,2,0
4,0,4,0
0,1,1,3
0,5,5,12
15,0,15,0
2,0,2,0
0,2,2,1
7,0,7,0
1,0,1,0
2,0,2,0
0,1,1,5
1,0,1,0
1,0,1,0
14,0,14,0
2,0,2,0
20,0,20,0
1,0,1,0
5,0,5,0
0,24,24,54
1,0,1,0
5,0,5,0
1,0,1,0
0,5,5,7
1,0,1,0
1,0,1,0
1,0,1,0
11,0,11,0
4,0,4,0
0,3,3,6
0,8,8,23
1,0,1,0
0,13,13,14
2,0,2,0
8,0,8,0
6,0,6,0
1,0,1,0
12,0,12,0
2,0,2,0
0,1,1,11
1,0,1,0
0,5,5,118
0,11,11,1
1,0,1,0
11,0,11,0
4,0,4,0
5,0,5,0
0,17,17,6
3,0,3,0
1,0,1,0
7,0,7,0
170,0,170,0
20,0,20,0
0,5,5,0
6,0,6,0
13,0,13,0
0,8,8,5
0,2,2,4
1,0,1,0
5,0,5,0
0,2,2,25
2,0,2,0
1,0,1,0
1,0,1,0
19,0,19,0
1,0,1,0
12,0,12,0
13,0,13,0
1,0,1,0
1,0,1,0
7,0,7,0
1,0,1,0
0,1,1,3
0,3,3,8
4,0,4,0
1,0,1,0
2,0,2,0
0,12,12,1
13,0,13,0
1,0,1,0
4,0,4,0
11,0,11,0
0,73,73,0
22,0,22,0
20,0,20,0
14,0,14,0
15,0,15,0
14,0,14,0
2,0,2,0
0,8,8,15
1,0,1,0
1,0,1,0
1,0,1,0
1,0,1,0
0,2,2,28
1,0,1,0
1,0,1,0
5,0,5,0
2,0,2,0
2,0,2,0
0,2,2,68
0,2,2,0
0,51,51,26
6,0,6,0
12,0,12,0
21,0,21,0
0,1,1,4
5,0,5,0
1,0,1,0
0,52,52,10
4,0,4,0
1,0,1,0
1,0,1,0
1,0,1,0
0,17,17,0
2,0,2,0
56,0,56,0
1,0,1,0
25,0,25,0
1,0,1,0
3,0,3,0
1,0,1,0
2,0,2,0
0,2,2,5
0,3,3,35
2,0,2,0
3,0,3,0
1,0,1,0
1,0,1,0
16,0,16,0
8,0,8,0
1,0,1,0
0,1,1,25
2,0,2,0
0,23,23,18
3,0,3,0
1,0,1,0
11,0,11,0
0,17,17,7
0,1,1,8
2,0,2,0
1,0,1,0
1,0,1,0
1,0,1,0
2,0,2,0
8,0,8,0
22,0,22,0
43,0,43,0
4,0,4,0
2,0,2,0
2,0,2,0
1,0,1,0
2,0,2,0
0,3,3,2
4,0,4,0
1,0,1,0
1,0,1,0
7,0,7,0
3,0,3,0
32,0,32,0
1,0,1,0
0,2,2,5
1,0,1,0
0,8,8,4
0,1,1,36
5,0,5,0
2,0,2,0
8,0,8,0
2,0,2,0
0,2,2,122
2,0,2,0
2,0,2,0
6,0,6,0
2,0,2,0
2,0,2,0
3,0,3,0
2,0,2,0
1,0,1,0
1,0,1,0
0,2,2,12
0,23,23,12
0,2,2,12
1,0,1,0
4,0,4,0
3,0,3,0
0,7,7,5
3,0,3,0
1,0,1,0
0,17,17,84
32,0,32,0
1,0,1,0
0,82,82,56
40,0,40,0
1,0,1,0
1,0,1,0
1,0,1,0
1,0,1,0
7,0,7,0
2,0,2,0
0,3,3,27
5,0,5,0
2,0,2,0
0,16,16,1
0,4,4,52
0,356,356,46
4,0,4,0
0,1,1,10
3,0,3,0
32,0,32,0
0,2,2,42
1,0,1,0
0,11,11,94
121,0,121,0
0,248,248,9
15,0,15,0
15,0,15,0
8,0,8,0
0,2,2,6
0,1,1,6
10,0,10,0
58,0,58,0
1,0,1,0
6,0,6,0
0,2,2,69
1,0,1,0
0,17,17,15
22,0,22,0
37,0,37,0
0,36,36,17
5,0,5,0
1,0,1,0
2,0,2,0
0,38,38,10
15,0,15,0
0,11,11,23
2,0,2,0
0,1,1,10
78,0,78,0
81,0,81,0
1,0,1,0
1,0,1,0
0,1,1,16
3,0,3,0
0,68,68,26
40,0,40,0
1,0,1,0
1,0,1,0
2,0,2,0
1,0,1,0
3,0,3,0
14,0,14,0
0,6,6,6
0,3,3,77
5,0,5,0
0,20,20,121
0,2,2,6
5,0,5,0
0,1,1,21
12,0,12,0
0,8,8,33
0,6,6,9
0,12,12,49
19,0,19,0
5,0,5,0
0,262,262,12
12,0,12,0
22,0,22,0
0,17,17,30
4,0,4,0
1,0,1,0
78,0,78,0
1,0,1,0
1,0,1,0
114,0,114,0
6,0,6,0
0,43,43,3
3,0,3,0
0,2,2,77
3,0,3,0
11,0,11,0
0,2,2,11
1,0,1,0
1,0,1,0
5,0,5,0
0,6,6,21
3,0,3,0
0,17,17,33
3,0,3,0
1,0,1,0
0,15,15,18
35,0,35,0
2,0,2,0
1,0,1,0
1,0,1,0
1,0,1,0
1,0,1,0
0,1,1,10
1,0,1,0
0,1,1,3
8,0,8,0
0,41,41,55
0,4,4,102
3,0,3,0
3,0,3,0
0,1,1,19
1,0,1,0
2,0,2,0
0,31,31,95
4,0,4,0
12,0,12,0
1,0,1,0
61,0,61,0
44,0,44,0
0,5,5,22
3,0,3,0
1,0,1,0
1,0,1,0
3,0,3,0
3,0,3,0
1,0,1,0
0,19,19,5
5,0,5,0
22,0,22,0
0,5,5,6
2,0,2,0
4,0,4,0
0,44,44,76
0,3,3,3
1,0,1,0
2,0,2,0
0,1,1,39
1,0,1,0
1,0,1,0
0,3,3,23
4,0,4,0
2,0,2,0
2,0,2,0
0,11,11,1
3,0,3,0
4,0,4,0
34,0,34,0
0,2,2,6
11,0,11,0
18,0,18,0
1,0,1,0
0,1,1,20
0,6,6,11
0,203,203,13
0,3,3,31
1,0,1,0
0,38,38,62
1,0,1,0
9,0,9,0
5,0,5,0
1,0,1,0
1,0,1,0
2,0,2,0
0,21,21,17
15,0,15,0
2,0,2,0
2,0,2,0
3,0,3,0
0,1,1,34
0,1,1,3
0,20,20,41
14,0,14,0
8,0,8,0
11,0,11,0
1,0,1,0
17,0,17,0
4,0,4,0
0,1,1,18
2,0,2,0
3,0,3,0
2,0,2,0
25,0,25,0
1,0,1,0
1,0,1,0
7,0,7,0
1,0,1,0
2,0,2,0
0,24,24,13
1,0,1,0
2,0,2,0
8,0,8,0
4,0,4,0
0,7,7,5
15,0,15,0
3,0,3,0
5,0,5,0
2,0,2,0
5,0,5,0
2,0,2,0
0,47,47,65
0,3,3,8
1,0,1,0
2,0,2,0
126,0,126,0
5,0,5,0
2,0,2,0
0,2,2,30
0,33,33,6
2,0,2,0
42,0,42,0
2,0,2,0
0,4,4,1
1,0,1,0
2,0,2,0
4,0,4,0
4,0,4,0
5,0,5,0
27,0,27,0
3,0,3,0
5,0,5,0
4,0,4,0
3,0,3,0
12,0,12,0
1,0,1,0
1,0,1,0
1,0,1,0
5,0,5,0
3,0,3,0
10,0,10,0
11,0,11,0
10,0,10,0
2,0,2,0
1,0,1,0
1,0,1,0
23,0,23,0
2,0,2,0
0,17,17,2
18,0,18,0
22,0,22,0
8,0,8,0
77,0,77,0
1,0,1,0
0,3,3,24
1,0,1,0
1,0,1,0
6,0,6,0
3,0,3,0
1,0,1,0
0,24,24,1
0,31,31,21
1,0,1,0
0,1,1,7
5,0,5,0
2,0,2,0
0,6,6,15
0,94,94,21
18,0,18,0
55,0,55,0
2,0,2,0
1,0,1,0
6,0,6,0
4,0,4,0
0,2,2,15
1,0,1,0
2,0,2,0
1,0,1,0
0,6,6,45
0,9,9,3
312,0,312,0
11,0,11,0
0,2,2,25
1,0,1,0
1,0,1,0
0,162,162,10
2,0,2,0
1,0,1,0
2,0,2,0
1,0,1,0
6,0,6,0
5,0,5,0
4,0,4,0
3,0,3,0
5,0,5,0
0,6,6,16
0,17,17,41
10,0,10,0
1,0,1,0
0,1,1,14
11,0,11,0
4,0,4,0
0,1,1,20
1,0,1,0
0,2,2,15
0,486,486,45
1,0,1,0
1,0,1,0
0,7,7,0
47,0,47,0
1,0,1,0
8,0,8,0
2,0,2,0
5,0,5,0
37,0,37,0
30,0,30,0
0,7,7,36
0,4,4,20
5,0,5,0
1,0,1,0
1,0,1,0
0,2,2,72
27,0,27,0
0,26,26,4
2,0,2,0
3,0,3,0
0,1,1,0
3,0,3,0
14,0,14,0
26,0,26,0
7,0,7,0
0,8,8,3
2,0,2,0
1,0,1,0
3,0,3,0
0,7,7,4
1,0,1,0
4,0,4,0
5,0,5,0
1,0,1,0
1,0,1,0
0,38,38,3
3,0,3,0
0,13,13,14
95,0,95,0
1,0,1,0
4,0,4,0
2,0,2,0
7,0,7,0
5,0,5,0
3,0,3,0
21,0,21,0
3,0,3,0
2,0,2,0
3,0,3,0
10,0,10,0
23,0,23,0
2,0,2,0
0,1,1,4
2,0,2,0
0,4,4,34
1,0,1,0
5,0,5,0
8,0,8,0
30,0,30,0
1,0,1,0
1,0,1,0
2,0,2,0
2,0,2,0
1,0,1,0
0,3,3,79
44,0,44,0
0,3,3,5
4,0,4,0
0,2,2,6
1,0,1,0
4,0,4,0
1,0,1,0
4,0,4,0
0,4,4,5
4,0,4,0
3,0,3,0
1,0,1,0
1,0,1,0
3,0,3,0
1,0,1,0
9,0,9,0
14,0,14,0
3,0,3,0
111,0,111,0
0,1050,1050,112
0,40,40,6
1,0,1,0
12,0,12,0
0,38,38,16
2,0,2,0
0,1,1,0
2,0,2,0
0,14,14,6
9,0,9,0
4,0,4,0
7,0,7,0
1,0,1,0
2,0,2,0
12,0,12,0
0,2,2,23
2,0,2,0
6,0,6,0
3,0,3,0
0,1,1,3
15,0,15,0
1,0,1,0
0,3,3,10
1,0,1,0
4,0,4,0
9,0,9,0
0,14,14,10
1,0,1,0
3,0,3,0
4,0,4,0
1,0,1,0
1,0,1,0
8,0,8,0
3,0,3,0
26,0,26,0
4,0,4,0
17,0,17,0
7,0,7,0
1,0,1,0
1,0,1,0
1,0,1,0
2,0,2,0
2,0,2,0
0,22,22,0
32,0,32,0
3,0,3,0
3,0,3,0
0,10,10,7
9,0,9,0
2,0,2,0
0,92,92,58
0,11,11,4
16,0,16,0
1,0,1,0
4,0,4,0
5,0,5,0
15,0,15,0
0,61,61,116
3,0,3,0
1,0,1,0
1,0,1,0
4,0,4,0
5,0,5,0
2,0,2,0
7,0,7,0
1,0,1,0
3,0,3,0
3,0,3,0
2,0,2,0
0,98,98,29
3,0,3,0
1,0,1,0
7,0,7,0
2,0,2,0
1,0,1,0
0,38,38,27
3,0,3,0
1,0,1,0
1,0,1,0
0,8,8,29
0,52,52,114
6,0,6,0
0,148,148,25
19,0,19,0
1,0,1,0
1,0,1,0
0,61,61,62
0,4,4,24
2,0,2,0
9,0,9,0
1,0,1,0
1,0,1,0
9,0,9,0
20,0,20,0
2,0,2,0
7,0,7,0
0,1,1,13
0,28,28,131
18,0,18,0
4,0,4,0
9,0,9,0
28,0,28,0
2,0,2,0
5,0,5,0
1,0,1,0
3,0,3,0
1,0,1,0
60,0,60,0
0,5,5,66
3,0,3,0
23,0,23,0
80,0,80,0
2,0,2,0
8,0,8,0
0,1,1,6
1,0,1,0
3,0,3,0
1,0,1,0
4,0,4,0
1,0,1,0
0,1,1,61
2,0,2,0
0,2,2,40
1,0,1,0
0,1,1,13
2,0,2,0
2,0,2,0
0,10,10,15
9,0,9,0
11,0,11,0
10,0,10,0
1,0,1,0
12,0,12,0
2,0,2,0
1,0,1,0
7,0,7,0
5,0,5,0
1,0,1,0
0,2,2,13
3,0,3,0
2,0,2,0
0,19,19,0
3,0,3,0
6,0,6,0
0,19,19,1
11,0,11,0
59,0,59,0
1,0,1,0
1,0,1,0
3,0,3,0
0,3,3,21
0,1,1,92
2,0,2,0
3,0,3,0
6,0,6,0
1,0,1,0
0,70,70,19
82,0,82,0
1,0,1,0
20,0,20,0
8,0,8,0
4,0,4,0
1,0,1,0
94,0,94,0
1,0,1,0
1,0,1,0
0,6,6,29
1,0,1,0
0,27,27,3
0,16,16,15
8,0,8,0
3,0,3,0
4,0,4,0
1,0,1,0
2,0,2,0
9,0,9,0
10,0,10,0
0,6,6,15
50,0,50,0
1,0,1,0
2,0,2,0
0,1,1,33
2,0,2,0
4,0,4,0
2,0,2,0
1,0,1,0
4,0,4,0
0,25,25,14
13,0,13,0
3,0,3,0
2,0,2,0
0,116,116,52
4,0,4,0
3,0,3,0
7,0,7,0
14,0,14,0
162,0,162,0
3,0,3,0
5,0,5,0
0,2,2,38
11,0,11,0
4,0,4,0
0,8,8,0
19,0,19,0
2,0,2,0
6,0,6,0
11,0,11,0
2,0,2,0
0,2,2,1
8,0,8,0
2,0,2,0
1,0,1,0
17,0,17,0
3,0,3,0
1,0,1,0
9,0,9,0
0,6,6,3
0,25,25,3
0,53,53,1
0,5,5,5
3,0,3,0
0,1,1,6
11,0,11,0
26,0,26,0
0,2,2,26
1,0,1,0
51,0,51,0
1,0,1,0
2,0,2,0
2,0,2,0
0,7,7,10
0,1,1,4
0,2,2,1
2,0,2,0
11,0,11,0
5,0,5,0
1,0,1,0
3,0,3,0
1,0,1,0
0,22,22,2
16,0,16,0
2,0,2,0
0,41,41,35
0,14,14,5
1,0,1,0
8,0,8,0
6,0,6,0
0,12,12,14
2,0,2,0
20,0,20,0
0,4,4,1
3,0,3,0
6,0,6,0
5,0,5,0
24,0,24,0
0,61,61,3
1,0,1,0
1,0,1,0
0,2,2,13
1,0,1,0
5,0,5,0
6,0,6,0
1,0,1,0
0,25,25,30
4,0,4,0
19,0,19,0
25,0,25,0
0,2,2,18
4,0,4,0
2,0,2,0
0,10,10,10
50,0,50,0
1,0,1,0
0,1,1,67
2,0,2,0
4,0,4,0
2,0,2,0
6,0,6,0
0,40,40,10
0,1,1,21
11,0,11,0
1,0,1,0
2,0,2,0
2,0,2,0
1,0,1,0
5,0,5,0
1,0,1,0
0,23,23,64
1,0,1,0
0,31,31,29
9,0,9,0
0,1,1,10
1,0,1,0
0,3,3,76
0,1,1,2
30,0,30,0
2,0,2,0
9,0,9,0
0,85,85,30
34,0,34,0
5,0,5,0
8,0,8,0
2,0,2,0
43,0,43,0
4,0,4,0
2,0,2,0
1,0,1,0
1,0,1,0
3,0,3,0
43,0,43,0
1,0,1,0
5,0,5,0
1,0,1,0
1,0,1,0
7,0,7,0
3,0,3,0
0,13,13,13
6,0,6,0
10,0,10,0
72,0,72,0
20,0,20,0
63,0,63,0
11,0,11,0
5,0,5,0
4,0,4,0
0,140,140,44
161,0,161,0
70,0,70,0
0,1,1,81
3,0,3,0
0,26,26,43
1,0,1,0
56,0,56,0
4,0,4,0
0,14,14,21
7,0,7,0
1,0,1,0
0,13,13,9
1,0,1,0
4,0,4,0
2,0,2,0
12,0,12,0
145,0,145,0
1,0,1,0
1,0,1,0
3,0,3,0
14,0,14,0
0,1,1,1
0,5,5,5
0,88,88,73
5,0,5,0
30,0,30,0
0,30,30,21
0,3,3,9
0,227,227,12
8,0,8,0
3,0,3,0
18,0,18,0
0,2,2,22
3,0,3,0
4,0,4,0
1,0,1,0
1,0,1,0
0,3,3,18
0,19,19,28
0,3,3,9
1,0,1,0
2,0,2,0
0,32,32,26
11,0,11,0
0,1,1,5
17,0,17,0
4,0,4,0
0,22,22,15
8,0,8,0
1,0,1,0
16,0,16,0
1,0,1,0
2,0,2,0
0,12,12,3
0,13,13,8
124,0,124,0
6,0,6,0
0,1,1,51
1,0,1,0
6,0,6,0
17,0,17,0
2,0,2,0
0,13,13,71
2,0,2,0
2,0,2,0
6,0,6,0
1,0,1,0
2,0,2,0
2,0,2,0
12,0,12,0
5,0,5,0
0,53,53,98
4,0,4,0
1,0,1,0
1,0,1,0
12,0,12,0
6,0,6,0
0,10,10,22
1,0,1,0
0,35,35,24
2,0,2,0
7,0,7,0
2,0,2,0
4,0,4,0
0,130,130,22
4,0,4,0
1,0,1,0
41,0,41,0
0,22,22,13
21,0,21,0
2,0,2,0
2,0,2,0
56,0,56,0
4,0,4,0
35,0,35,0
3,0,3,0
4,0,4,0
0,6,6,18
3,0,3,0
3,0,3,0
3,0,3,0
1,0,1,0
0,3,3,4
0,1,1,5
75,0,75,0
1,0,1,0
3,0,3,0
1,0,1,0
16,0,16,0
0,7,7,31
6,0,6,0
0,2,2,5
3,0,3,0
56,0,56,0
9,0,9,0
1,0,1,0
1,0,1,0
5,0,5,0
0,1,1,5
1,0,1,0
1,0,1,0
7,0,7,0
7,0,7,0
0,95,95,60
1,0,1,0
2,0,2,0
0,40,40,7
8,0,8,0
0,2,2,3
6,0,6,0
2,0,2,0
8,0,8,0
2,0,2,0
5,0,5,0
18,0,18,0
175,0,175,0
46,0,46,0
1,0,1,0
1,0,1,0
0,43,43,9
0,24,24,6
40,0,40,0
0,44,44,11
1,0,1,0
0,8,8,7
4,0,4,0
0,21,21,63
0,9,9,71
3,0,3,0
6,0,6,0
4,0,4,0
1,0,1,0
15,0,15,0
3,0,3,0
1,0,1,0
1,0,1,0
2,0,2,0
13,0,13,0
0,3,3,147
0,59,59,45
9,0,9,0
3,0,3,0
0,3,3,6
3,0,3,0
0,2,2,80
2,0,2,0
0,1,1,73
2,0,2,0
0,2,2,37
3,0,3,0
1,0,1,0
0,10,10,13
49,0,49,0
0,5,5,8
3,0,3,0
2,0,2,0
1,0,1,0
2,0,2,0
0,259,259,6
2,0,2,0
0,10,10,13
4,0,4,0
6,0,6,0
2,0,2,0
0,22,22,4
7,0,7,0
3,0,3,0
0,2,2,15
30,0,30,0
6,0,6,0
8,0,8,0
0,17,17,26
4,0,4,0
0,18,18,1
87,0,87,0
34,0,34,0
1,0,1,0
0,123,123,127
89,0,89,0
50,0,50,0
4,0,4,0
1,0,1,0
0,141,141,26
25,0,25,0
33,0,33,0
1,0,1,0
1,0,1,0
23,0,23,0
5,0,5,0
0,13,13,2
0,10,10,89
3,0,3,0
0,2,2,19
12,0,12,0
0,63,63,9
1,0,1,0
3,0,3,0
4,0,4,0
1,0,1,0
2,0,2,0
10,0,10,0
4,0,4,0
2,0,2,0
1,0,1,0
1,0,1,0
1,0,1,0
1,0,1,0
1,0,1,0
1,0,1,0
1,0,1,0
1,0,1,0
1,0,1,0
7,0,7,0
1,0,1,0
2,0,2,0
98,0,98,0
0,71,71,8
1,0,1,0
1,0,1,0
14,0,14,0
0,55,55,5
0,1,1,13
1,0,1,0
5,0,5,0
4,0,4,0
1,0,1,0
23,0,23,0
5,0,5,0
4,0,4,0
5,0,5,0
3,0,3,0
2,0,2,0
1,0,1,0
5,0,5,0
0,2,2,25
4,0,4,0
7,0,7,0
8,0,8,0
1,0,1,0
2,0,2,0
0,5,5,77
6,0,6,0
10,0,10,0
27,0,27,0
28,0,28,0
7,0,7,0
10,0,10,0
0,13,13,6
1,0,1,0
0,11,11,89
1,0,1,0
1,0,1,0
5,0,5,0
3,0,3,0
2,0,2,0
0,2,2,8
1,0,1,0
4,0,4,0
2,0,2,0
1,0,1,0
0,4,4,43
1,0,1,0
5,0,5,0
37,0,37,0
1,0,1,0
3,0,3,0
0,131,131,6
1,0,1,0
1,0,1,0
3,0,3,0
1,0,1,0
2,0,2,0
0,24,24,14
22,0,22,0
3,0,3,0
0,3,3,30
8,0,8,0
0,3,3,20
2,0,2,0
2,0,2,0
0,2,2,37
1,0,1,0
2,0,2,0
0,1,1,22
1,0,1,0
6,0,6,0
1,0,1,15
7,0,7,0
4,0,4,0
1,0,1,0
22,0,22,0
3,0,3,0
0,16,16,0
14,0,14,0
0,10,10,113
0,8,8,19
0,17,17,33
0,3,3,7
5,0,5,0
0,102,102,71
8,0,8,0
6,0,6,0
6,0,6,0
2,0,2,0
62,0,62,0
0,36,36,38
0,2,2,2
1,0,1,0
3,0,3,0
1,0,1,0
1,0,1,0
0,39,39,40
4,0,4,0
0,3,3,1
17,0,17,0
0,26,26,8
14,0,14,0
1,0,1,0
0,7,7,37
16,0,16,0
0,15,15,46
0,6,6,17
9,0,9,0
6,0,6,0
3,0,3,0
0,3,3,4
5,0,5,0
6,0,6,0
2,0,2,0
2,0,2,0
68,0,68,0
0,80,80,100
0,7,7,6
18,0,18,0
3,0,3,0
0,1,1,13
3,0,3,0
3,0,3,0
1,0,1,0
0,5,5,7
2,0,2,0
1,0,1,0
27,0,27,0
52,0,52,0
0,13,13,34
3,0,3,0
505,0,505,0
7,0,7,0
1,0,1,0
16,0,16,0
11,0,11,0
3,0,3,0
1,0,1,0
0,1,1,68
1,0,1,0
1,0,1,0
1,0,1,0
4,0,4,0
3,0,3,0
0,131,131,137
2,0,2,0
0,1,1,31
1,0,1,0
0,1,1,1
5,0,5,0
0,1,1,25
3,0,3,0
2,0,2,0
0,5,5,4
4,0,4,0
2,0,2,0
17,0,17,0
10,0,10,0
1,0,1,0
28,0,28,0
104,0,104,0
0,6,6,9
0,57,57,15
0,1,1,9
37,0,37,0
3,0,3,0
3,0,3,0
6,0,6,0
5,0,5,0
0,14,14,4
1,0,1,0
0,25,25,73
10,0,10,0
11,0,11,0
0,1,1,46
2,0,2,0
3,0,3,0
2,0,2,0
25,0,25,0
1,0,1,0
0,1,1,0
0,7,7,5
10,0,10,0
7,0,7,0
2,0,2,0
1,0,1,0
3,0,3,0
0,11,11,0
1,0,1,0
9,0,9,0
5,0,5,0
5,0,5,0
6,0,6,0
0,8,8,1
3,0,3,0
9,0,9,0
3,0,3,0
1,0,1,0
0,2,2,35
2,0,2,0
1,0,1,0
10,0,10,0
2,0,2,0
0,20,20,32
0,9,9,15
12,0,12,0
0,25,25,16
9,0,9,0
1,0,1,0
1,0,1,0
0,2,2,0
16,0,16,0
0,4,4,67
0,1,1,5
0,10,10,14
128,0,128,0
3,0,3,0
5,0,5,0
1,0,1,0
37,0,37,0
1,0,1,0
0,30,30,15
2,0,2,0
6,0,6,0
59,0,59,0
1,0,1,0
1,0,1,0
71,0,71,0
2,0,2,0
15,0,15,0
24,0,24,0
0,2,2,10
1,0,1,0
2,0,2,0
1,0,1,0
14,0,14,0
2,0,2,0
0,20,20,71
1,0,1,0
1,0,1,0
0,1,1,54
1,0,1,0
2,0,2,0
3,0,3,0
2,0,2,0
2,0,2,0
4,0,4,0
0,13,13,8
4,0,4,0
0,5,5,19
1,0,1,0
4,0,4,0
1,0,1,0
1,0,1,0
0,86,86,42
1,0,1,0
0,3,3,3
3,0,3,0
0,9,9,15
1,0,1,0
0,1,1,62
0,8,8,4
3,0,3,0
11,0,11,0
8,0,8,0
2,0,2,0
3,0,3,0
1,0,1,0
10,0,10,0
2,0,2,0
81,0,81,0
4,0,4,0
5,0,5,0
0,95,95,5
4,0,4,0
4,0,4,0
6,0,6,0
0,374,374,55
1,0,1,0
1,0,1,0
3,0,3,0
2,0,2,0
4,0,4,0
1,0,1,0
0,10,10,0
1,0,1,0
1,0,1,0
0,31,31,4
2,0,2,0
4,0,4,0
24,0,24,0
0,31,31,37
1,0,1,0
0,35,35,40
7,0,7,0
4,0,4,0
0,40,40,21
10,0,10,0
0,1,1,1
1,0,1,0
6,0,6,0
1,0,1,0
1,0,1,0
1,0,1,0
0,1,1,26
0,6,6,8
2,0,2,0
22,0,22,0
2,0,2,0
104,0,104,0
96,0,96,0
7,0,7,0
12,0,12,0
9,0,9,0
0,2,2,0
5,0,5,0
2,0,2,0
2,0,2,0
15,0,15,0
3,0,3,0
3,0,3,0
3,0,3,0
1,0,1,0
0,4,4,79
3,0,3,0
0,5,5,46
2,0,2,0
2,0,2,0
133,0,133,0
7,0,7,0
12,0,12,0
1,0,1,0
10,0,10,0
4,0,4,0
2,0,2,0
2,0,2,0
0,12,12,16
1,0,1,0
0,16,16,48
0,1,1,24
22,0,22,0
0,5,5,4
0,17,17,9
0,2,2,4
4,0,4,0
13,0,13,0
2,0,2,0
4,0,4,0
0,4,4,70
2,0,2,0
1,0,1,0
1,0,1,0
0,18,18,34
2,0,2,0
304,0,304,0
5,0,5,0
2,0,2,0
0,2,2,34
1,0,1,0
1,0,1,0
4,0,4,0
2,0,2,0
0,3,3,19
0,23,23,23
1,0,1,0
0,5,5,7
9,0,9,0
0,1,1,5
0,2,2,5
10,0,10,0
0,3,3,1
0,1,1,45
4,0,4,0
34,0,34,0
0,1,1,5
6,0,6,0
1,0,1,0
2,0,2,0
3,0,3,0
1,0,1,0
1,0,1,0
8,0,8,0
8,0,8,0
5,0,5,0
0,25,25,18
1,0,1,0
1,0,1,0
13,0,13,0
0,88,88,34
38,0,38,0
1,0,1,0
1,0,1,0
3,0,3,0
0,2,2,1
2,0,2,0
4,0,4,0
1,0,1,0
0,44,44,6
15,0,15,0
3,0,3,0
29,0,29,0
0,12,12,3
31,0,31,0
0,53,53,41
5,0,5,0
45,0,45,0
1,0,1,0
1,0,1,0
8,0,8,0
4,0,4,0
20,0,20,0
1,0,1,0
1,0,1,0
9,0,9,0
15,0,15,0
3,0,3,0
9,0,9,0
1,0,1,0
0,29,29,6
3,0,3,0
20,0,20,0
9,0,9,0
0,309,309,31
2,0,2,0
0,145,145,28
0,4,4,11
0,2,2,14
1,0,1,0
9,0,9,0
33,0,33,0
1,0,1,0
2,0,2,0
3,0,3,0
4,0,4,0
0,5,5,19
1,0,1,0
3,0,3,0
1,0,1,0
5,0,5,0
5,0,5,0
6,0,6,0
1,0,1,0
2,0,2,0
0,1,1,16
77,0,77,0
45,0,45,0
7,0,7,0
16,0,16,0
2,0,2,0
1,0,1,0
5,0,5,0
1,0,1,0
10,0,10,0
4,0,4,0
4,0,4,0
6,0,6,0
0,3,3,18
2,0,2,0
0,7,7,24
3,0,3,0
15,0,15,0
8,0,8,0
1,0,1,0
1,0,1,0
34,0,34,0
30,0,30,0
9,0,9,0
1,0,1,0
5,0,5,0
4,0,4,0
1,0,1,0
1,0,1,0
2,0,2,0
12,0,12,0
1,0,1,0
3,0,3,0
1,0,1,0
28,0,28,0
2,0,2,0
2,0,2,0
4,0,4,0
0,1,1,3
11,0,11,0
5,0,5,0
6,0,6,0
0,5,5,61
7,0,7,0
3,0,3,2
2,0,2,0
25,0,25,0
2,0,2,0
3,0,3,0
9,0,9,0
2,0,2,0
7,0,7,0
1,0,1,0
0,40,40,41
1,0,1,0
0,42,42,0
5,0,5,0
0,3,3,4
3,0,3,0
3,0,3,0
26,0,26,0
27,0,27,0
0,4,4,27
3,0,3,0
1,0,1,0
3,0,3,0
1,0,1,0
1,0,1,0
1,0,1,0
1,0,1,0
0,86,86,48
41,0,41,0
33,0,33,0
1,0,1,0
0,42,42,59
2,0,2,0
2,0,2,0
38,0,38,0
2,0,2,0
1,0,1,0
1,0,1,0
1,0,1,0
1,0,1,0
3,0,3,0
0,4,4,1
0,1,1,13
24,0,24,0
5,0,5,0
3,0,3,0
2,0,2,0
10,0,10,0
2,0,2,0
0,59,59,1
0,163,163,51
0,29,29,32
10,0,10,0
0,4,4,1
8,0,8,0
14,0,14,0
1,0,1,0
0,14,14,12
2,0,2,0
0,152,152,6
10,0,10,0
2,0,2,0
0,3,3,4
0,1,1,11
17,0,17,0
2,0,2,0
7,0,7,0
48,0,48,0
1,0,1,0
5,0,5,0
0,4,4,15
3,0,3,0
1,0,1,0
1,0,1,0
4,0,4,0
3,0,3,0
3,0,3,0
1,0,1,0
0,2,2,19
1,0,1,0
2,0,2,0
4,0,4,0
0,8,8,2
19,0,19,0
5,0,5,0
3,0,3,0
0,64,64,25
14,0,14,0
6,0,6,0
2,0,2,0
1,0,1,0
1,0,1,0
0,20,20,20
2,0,2,0
1,0,1,0
3,0,3,0
1,0,1,0
0,17,17,61
16,0,16,0
17,0,17,0
4,0,4,0
1,0,1,0
1,0,1,0
0,6,6,7
0,14,14,4
3,0,3,0
24,0,24,0
0,4,4,14
6,0,6,0
12,0,12,0
36,0,36,0
1,0,1,0
2,0,2,0
3,0,3,0
5,0,5,0
1,0,1,0
7,0,7,0
8,0,8,0
6,0,6,0
0,19,19,8
17,0,17,0
1,0,1,0
2,0,2,0
1,0,1,0
3,0,3,0
26,0,26,0
5,0,5,0
1,0,1,0
1,0,1,0
3,0,3,0
0,305,305,10
15,0,15,0
62,0,62,0
14,0,14,0
38,0,38,0
1,0,1,0
7,0,7,0
0,11,11,18
5,0,5,0
0,30,30,46
1,0,1,0
12,0,12,0
0,6,6,37
1,0,1,0
2,0,2,0
1,0,1,0
11,0,11,0
1,0,1,0
1,0,1,0
1,0,1,0
1,0,1,0
13,0,13,0
1,0,1,0
1,1,2,4
0,3,3,3
1,0,1,0
1,0,1,0
0,5,5,114
1,0,1,0
1,0,1,0
1,0,1,0
1,0,1,0
0,5,5,0
1,0,1,0
0,1,1,20
2,0,2,0
1,0,1,0
2,0,2,0
0,2,2,11
0,2,2,5
1,0,1,0
1,0,1,0
1,0,1,0
0,2,2,6
0,50,50,24
2,0,2,0
0,54,54,7
1,0,1,0
2,0,2,0
7,0,7,0
0,5,5,10
1,0,1,0
2,0,2,0
0,6,6,1
3,0,3,0
67,0,67,0
3,0,3,0
0,1,1,1
172,0,172,0
1,0,1,0
1,0,1,0
1,0,1,0
0,1,1,0
21,0,21,0
2,0,2,0
1,0,1,0
1,0,1,0
1,0,1,0
2,0,2,0
0,1,1,9
46,0,46,0
0,1,1,48
9,0,9,0
0,3,3,7
1,0,1,0
3,0,3,0
60,0,60,0
1,0,1,0
3,0,3,0
0,13,13,4
1,0,1,0
4,0,4,0
11,0,11,0
11,0,11,0
2,0,2,0
2,0,2,0
1,0,1,0
2,0,2,0
2,0,2,0
1,0,1,0
3,0,3,0
0,288,288,36
0,2,2,58
0,678,678,2
5,0,5,0
4,0,4,0
0,462,462,24
4,0,4,0
0,6,6,31
6,0,6,0
10,0,10,0
5,0,5,0
3,0,3,0
5,0,5,0
6,0,6,0
3,0,3,0
2,0,2,0
0,1,1,0
3,0,3,0
1,0,1,0
2,0,2,0
2,0,2,0
3,0,3,0
1,0,1,0
0,6,6,10
3,0,3,0
12,0,12,0
0,3,3,5
0,11,11,6
1,0,1,0
0,1,1,7
56,0,56,0
4,0,4,0
139,0,139,0
1,0,1,0
1,0,1,0
0,3,3,3
4,0,4,0
0,6,6,8
0,57,57,40
5,0,5,0
0,9,9,2
6,0,6,0
0,1,1,1
2,0,2,0
2,0,2,0
12,0,12,0
0,3,3,5
1,0,1,0
24,0,24,0
24,0,24,0
0,6,6,11
33,0,33,0
1,0,1,0
9,0,9,0
80,0,80,0
0,6,6,7
1,0,1,0
13,0,13,0
20,0,20,0
36,0,36,0
1,0,1,0
145,0,145,0
0,2,2,6
18,0,18,0
2,0,2,0
1,0,1,0
4,0,4,0
14,0,14,0
1,0,1,0
0,10,10,13
5,0,5,0
9,0,9,0
0,9,9,37
0,1,1,46
0,2,2,109
6,0,6,0
1,0,1,0
0,10,10,19
1,0,1,0
0,3,3,0
3,0,3,0
12,0,12,0
0,5,5,4
1,0,1,0
2,0,2,0
0,3,3,5
1,0,1,0
0,7,7,69
1,0,1,0
3,0,3,0
2,0,2,0
0,2,2,19
5,0,5,0
0,40,40,130
2,0,2,0
1,0,1,0
27,0,27,0
4,0,4,0
3,0,3,0
1,0,1,0
3,0,3,0
0,107,107,66
5,0,5,0
1,0,1,0
2,0,2,0
1,0,1,0
1,0,1,0
0,8,8,9
4,0,4,0
0,4,4,11
0,5,5,2
65,0,65,0
1,0,1,0
1,0,1,0
0,4,4,33
0,3,3,25
1,0,1,0
3,0,3,0
1,0,1,0
15,0,15,0
0,3,3,32
3,0,3,0
48,0,48,0
0,10,10,17
11,0,11,0
1,0,1,0
7,0,7,0
11,0,11,0
5,0,5,0
3,0,3,0
15,0,15,0
0,3,3,2
4,0,4,0
14,0,14,0
8,0,8,0
2,0,2,0
6,0,6,0
6,0,6,0
1,0,1,0
1,0,1,0
17,0,17,0
3,0,3,0
2,0,2,0
2,0,2,0
15,0,15,0
5,0,5,0
8,0,8,0
2,0,2,0
5,0,5,0
3,0,3,0
1,0,1,0
0,19,19,15
0,2,2,41
15,0,15,0
1,0,1,0
1,0,1,0
1,0,1,0
0,27,27,64
1,0,1,0
2,0,2,0
41,0,41,0
3,0,3,0
4,0,4,0
2,0,2,0
0,2,2,46
1,0,1,0
3,0,3,0
1,0,1,0
44,0,44,0
0,3,3,127
1,0,1,0
4,0,4,0
0,84,84,12
0,2,2,15
19,0,19,0
0,4,4,12
5,0,5,0
2,0,2,0
4,0,4,0
1,0,1,0
9,0,9,0
1,0,1,0
9,0,9,0
6,0,6,0
3,0,3,0
7,0,7,0
3,0,3,0
1,0,1,0
0,50,50,12
1,0,1,0
0,2,2,9
3,0,3,0
1,0,1,0
1,0,1,0
0,6,6,30
8,0,8,0
2,0,2,0
9,0,9,0
3,0,3,0
6,0,6,0
1,0,1,0
4,0,4,0
6,0,6,0
4,0,4,0
1,0,1,0
0,2,2,13
0,6,6,8
1,0,1,0
0,2,2,27
16,0,16,0
0,5,5,16
14,0,14,0
3,0,3,0
72,0,72,0
3,0,3,0
0,162,162,23
10,0,10,0
9,0,9,0
1,0,1,0
8,0,8,0
1,0,1,0
0,54,54,23
4,0,4,0
1,0,1,0
2,0,2,0
30,0,30,0
0,6,6,45
0,7,7,2
0,10,10,30
0,9,9,6
1,0,1,0
1,0,1,0
11,0,11,0
1,0,1,0
6,0,6,0
2,0,2,0
2,0,2,0
1,0,1,0
6,0,6,0
71,0,71,0
3,0,3,0
1,0,1,0
1,0,1,0
2,0,2,0
1,0,1,0
18,0,18,0
80,0,80,0
1,0,1,0
1,0,1,0
3,0,3,0
0,114,114,85
11,0,11,0
2,0,2,0
0,2,2,7
73,0,73,0
1,0,1,0
13,0,13,0
12,0,12,0
0,5,5,9
1,0,1,0
2,0,2,0
1,0,1,0
2,0,2,0
0,77,77,45
4,0,4,0
2,0,2,0
22,0,22,0
0,4,4,0
35,0,35,0
1,0,1,0
0,9,9,24
1,0,1,0
2,0,2,0
1,0,1,0
1,0,1,0
9,0,9,0
1,0,1,0
3,0,3,0
27,0,27,0
0,86,86,6
0,1,1,71
2,0,2,0
0,106,106,72
0,17,17,36
15,0,15,0
2,0,2,0
0,2,2,18
9,0,9,0
2,0,2,0
0,41,41,18
0,7,7,0
8,0,8,0
3,0,3,0
7,0,7,0
12,0,12,0
0,32,32,16
10,0,10,0
1,0,1,0
4,0,4,0
2,0,2,0
21,0,21,0
8,0,8,0
1,0,1,0
0,2,2,5
2,0,2,0
2,0,2,0
0,25,25,22
50,0,50,0
0,44,44,7
0,1,1,2
6,0,6,0
1,0,1,0
2,0,2,0
0,1,1,7
7,0,7,0
1,0,1,0
0,2,2,16
2,0,2,0
4,0,4,0
2,0,2,0
0,2,2,10
1,0,1,0
5,0,5,0
2,0,2,0
2,0,2,0
0,97,97,53
4,0,4,0
0,5,5,3
0,18,18,35
18,0,18,0
1,0,1,0
0,1,1,2
2,0,2,0
2,0,2,0
28,0,28,0
0,30,30,30
1,0,1,0
1,0,1,0
12,0,12,0
0,1,1,3
0,8,8,0
13,0,13,0
200,0,200,0
2,0,2,0
2,0,2,0
4,0,4,0
49,0,49,0
0,15,15,4
3,0,3,0
2,0,2,0
2,0,2,0
0,766,766,102
0,1,1,5
2,0,2,0
18,0,18,0
1,0,1,0
0,38,38,4
0,3,3,85
2,0,2,0
1,0,1,0
0,36,36,2
3,0,3,0
0,2,2,14
33,0,33,0
3,0,3,0
0,13,13,18
6,0,6,0
92,0,92,0
1,0,1,0
35,0,35,0
0,26,26,51
1,0,1,0
2,0,2,0
3,0,3,0
4,0,4,0
1,0,1,0
1,0,1,0
0,1,1,50
2,0,2,0
3,0,3,0
82,0,82,0
0,176,176,22
1,0,1,0
1,0,1,0
0,7,7,25
0,1,1,20
0,2,2,0
0,1,1,8
32,0,32,0
1,0,1,0
2,0,2,0
4,0,4,0
1,0,1,0
2,0,2,0
59,0,59,0
24,0,24,0
2,0,2,0
3,0,3,0
14,0,14,0
0,11,11,4
61,0,61,0
1,0,1,0
4,0,4,0
1,0,1,0
1,0,1,0
7,0,7,0
0,33,33,2
0,2,2,18
2,0,2,0
1,0,1,0
2,0,2,0
9,0,9,0
1,0,1,0
1,0,1,0
1,0,1,0
0,1,1,0
8,0,8,0
5,0,5,0
3,0,3,0
1,0,1,0
0,4,4,1
0,8,8,19
1,0,1,0
1,0,1,0
71,0,71,0
1,0,1,0
6,0,6,0
0,9,9,32
6,0,6,0
0,41,41,37
11,0,11,0
12,0,12,0
8,0,8,0
13,0,13,0
97,0,97,0
6,0,6,0
5,0,5,0
0,1,1,5
0,4,4,31
18,0,18,0
13,0,13,0
9,0,9,0
0,4,4,24
5,0,5,0
1,0,1,0
2,0,2,0
22,0,22,0
0,92,92,204
1,0,1,0
1,0,1,0
1,0,1,0
2,0,2,0
1,0,1,0
8,0,8,0
1,0,1,0
80,0,80,0
2,0,2,0
6,0,6,0
1,0,1,0
5,0,5,0
1,0,1,0
1,0,1,0
45,0,45,0
0,2,2,0
0,40,40,6
0,22,22,25
5,0,5,0
6,0,6,0
2,0,2,0
3,0,3,0
0,1,1,0
3,0,3,0
1,0,1,0
4,0,4,0
2,0,2,0
8,0,8,0
0,2,2,3
1,0,1,0
32,0,32,0
3,0,3,0
8,0,8,0
12,0,12,0
0,2,2,3
11,0,11,0
22,0,22,0
0,23,23,3
5,0,5,0
7,0,7,0
2,0,2,0
0,3,3,54
0,272,272,50
12,0,12,0
4,0,4,0
2,0,2,0
9,0,9,0
0,7,7,17
0,4,4,12
45,0,45,0
0,3,3,1
1,0,1,0
10,0,10,0
169,0,169,0
1,0,1,0
0,9,9,1
4,0,4,0
3,0,3,0
0,1067,1067,84
0,1,1,6
21,0,21,0
0,19,19,8
0,161,161,58
270,0,270,0
3,0,3,0
1,0,1,0
1,0,1,0
15,0,15,0
4,0,4,0
13,0,13,0
3,0,3,0
0,1,1,14
13,0,13,0
44,0,44,0
2,0,2,0
0,22,22,10
24,0,24,0
21,0,21,0
1,0,1,0
116,0,116,0
3,0,3,0
9,0,9,0
0,25,25,1
2,0,2,0
1,0,1,0
15,0,15,0
88,0,88,0
2,0,2,0
3,0,3,0
1,0,1,0
1,0,1,0
16,0,16,0
2,0,2,0
0,4,4,2
13,0,13,0
5,0,5,0
1,0,1,0
3,0,3,0
0,4,4,17
105,0,105,0
7,0,7,0
1,0,1,0
0,6,6,10
1,0,1,0
1,0,1,0
7,0,7,0
1,0,1,0
0,28,28,23
2,0,2,0
1,0,1,0
18,0,18,0
1,0,1,0
1,0,1,0
4,0,4,0
0,7,7,68
7,0,7,0
1,0,1,0
3,0,3,0
0,15,15,102
0,2,2,72
3,0,3,0
9,0,9,0
8,0,8,0
2,0,2,0
0,27,27,102
0,2,2,0
5,0,5,0
5,0,5,0
1,0,1,0
0,2,2,122
3,0,3,0
3,0,3,0
3,0,3,0
1,0,1,0
0,5,5,0
2,0,2,0
4,0,4,0
0,9,9,32
1,0,1,0
4,0,4,0
0,5,5,0
3,0,3,0
1,0,1,0
3,0,3,0
7,0,7,0
0,4,4,2
4,0,4,0
0,25,25,74
1,0,1,0
1,0,1,0
2,0,2,0
8,0,8,0
2,0,2,0
0,4,4,25
27,0,27,0
0,1,1,57
22,0,22,0
0,1,1,4
6,0,6,0
4,0,4,0
1,0,1,0
0,650,650,21
3,0,3,0
4,0,4,0
67,0,67,0
5,0,5,0
1,0,1,0
0,59,59,10
1,0,1,0
4,0,4,0
0,5,5,44
1,0,1,0
1,0,1,0
1,0,1,0
3,0,3,0
1,0,1,0
0,57,57,15
0,2,2,20
2,0,2,0
4,0,4,0
0,7,7,46
3,0,3,0
11,0,11,0
0,1,1,8
11,0,11,0
3,0,3,0
45,0,45,0
0,24,24,10
0,2,2,56
3,0,3,0
53,0,53,0
6,0,6,0
2,0,2,0
0,2,2,66
1,0,1,0
2,0,2,0
2,0,2,0
1,0,1,0
1,0,1,0
0,2,2,0
1,0,1,0
11,0,11,0
2,0,2,0
16,0,16,0
4,0,4,0
19,0,19,0
5,0,5,0
17,0,17,0
1,0,1,0
0,1,1,30
1,0,1,0
182,0,182,0
2,0,2,0
0,6,6,5
55,0,55,0
0,14,14,74
0,104,104,14
91,0,91,0
1,0,1,0
0,57,57,4
1,0,1,0
11,0,11,0
7,0,7,0
0,139,139,68
5,0,5,0
3,0,3,0
1,0,1,0
2,0,2,0
147,0,147,0
0,4,4,3
3,0,3,0
1,0,1,0
0,3,3,174
7,0,7,0
0,12,12,40
2,0,2,0
7,2,9,13
0,1,1,4
0,5,5,147
0,4,4,10
9,0,9,0
2,0,2,0
4,0,4,0
1,0,1,0
2,0,2,0
0,141,141,19
1,0,1,0
10,0,10,0
3,0,3,0
1,0,1,0
5,0,5,0
5,0,5,0
6,0,6,0
1,0,1,0
6,0,6,0
2,0,2,0
0,2,2,6
3,0,3,0
0,14,14,74
4,0,4,0
1,0,1,0
0,6,6,3
0,1,1,1
234,0,234,0
12,0,12,0
1,0,1,0
1,0,1,0
0,124,124,108
53,0,53,0
4,0,4,0
2,0,2,0
0,7,7,24
3,0,3,0
2,0,2,0
5,0,5,0
28,0,28,0
6,0,6,0
0,1,1,36
0,15,15,4
0,1,1,40
0,2,2,101
1,0,1,0
13,0,13,0
2,0,2,0
0,1,1,8
0,1,1,0
0,21,21,2
72,0,72,0
4,0,4,0
0,1,1,6
2,0,2,0
3,0,3,0
4,0,4,0
5,0,5,0
7,0,7,0
17,0,17,0
1,0,1,0
2,0,2,0
0,4,4,25
3,0,3,0
3,0,3,0
0,3,3,21
1,0,1,0
3,0,3,0
0,3,3,47
3,0,3,0
0,4,4,23
1,0,1,0
1,0,1,0
9,0,9,0
2,0,2,0
0,491,491,12
1,0,1,0
1,0,1,0
17,0,17,0
8,0,8,0
2,0,2,0
0,96,96,15
0,1,1,0
0,41,41,17
0,4,4,8
3,0,3,0
4,0,4,0
0,5,5,23
2,0,2,0
0,5,5,18
3,0,3,0
1,0,1,0
3,0,3,0
179,0,179,0
1,0,1,0
1,0,1,0
0,7,7,10
13,0,13,0
9,0,9,0
1,0,1,0
6,0,6,0
3,0,3,0
11,0,11,0
0,2,2,8
0,27,27,5
4,0,4,0
8,0,8,0
3,0,3,0
0,1,1,3
0,7,7,5
280,0,280,0
4,0,4,0
2,0,2,0
0,2,2,17
9,0,9,0
1,0,1,0
1,0,1,0
3,0,3,0
0,7,7,4
2,0,2,0
0,3,3,35
1,0,1,0
0,2,2,11
7,0,7,0
13,0,13,0
1,0,1,0
0,3,3,125
2,0,2,0
1,0,1,0
3,0,3,0
2,0,2,0
4,0,4,0
0,17,17,30
1,0,1,0
3,0,3,0
4,0,4,0
1,0,1,0
0,409,409,43
10,0,10,0
4,0,4,0
0,6,6,28
2,0,2,0
0,318,318,85
6,0,6,0
1,0,1,0
8,0,8,0
0,10,10,0
1,0,1,0
3,0,3,0
14,0,14,0
193,0,193,0
0,2,2,8
1,0,1,0
1,0,1,0
16,0,16,0
2,0,2,0
0,2,2,5
4,0,4,0
6,0,6,0
2,0,2,0
3,0,3,0
1,0,1,0
1,0,1,0
1,0,1,0
10,0,10,0
3,0,3,0
0,8,8,61
5,0,5,0
3,0,3,0
4,0,4,0
1,0,1,0
9,0,9,0
0,44,44,16
7,0,7,0
4,0,4,0
1,0,1,0
3,0,3,0
5,0,5,0
7,0,7,0
1,0,1,0
2,0,2,0
29,0,29,0
0,1,1,0
1,0,1,0
4,0,4,0
39,0,39,0
0,12,12,26
1,0,1,0
0,1,1,34
0,17,17,29
0,5,5,30
14,0,14,0
2,0,2,0
114,0,114,0
1,0,1,0
9,0,9,0
0,5,5,10
157,0,157,0
2,0,2,0
1,0,1,0
1,0,1,0
5,0,5,0
0,1,1,50
15,0,15,0
3,0,3,0
9,0,9,0
1,0,1,0
0,2,2,1
215,0,215,0
2,0,2,0
0,64,64,4
12,0,12,0
1,0,1,0
7,0,7,0
2,0,2,0
21,0,21,0
20,0,20,0
0,88,88,11
1,0,1,0
7,0,7,0
12,0,12,0
0,43,43,5
1,0,1,0
1,0,1,0
2,0,2,0
0,2,2,3
7,0,7,0
0,1,1,14
1,0,1,0
0,2,2,40
0,3,3,0
5,0,5,0
1,0,1,0
20,0,20,0
0,11,11,30
5,0,5,0
2,0,2,0
8,0,8,0
1,0,1,0
9,0,9,0
0,18,18,86
5,0,5,0
1,0,1,0
1,0,1,0
10,0,10,0
0,1,1,62
1,0,1,0
1,0,1,0
4,0,4,0
1,0,1,0
0,6,6,34
11,0,11,0
0,1,1,1
0,2,2,3
1,0,1,0
3,0,3,0
2,0,2,0
5,0,5,0
5,0,5,0
2,0,2,0
1,0,1,0
9,0,9,0
1,0,1,0
25,0,25,0
0,98,98,6
6,0,6,0
1,0,1,0
0,5,5,2
0,175,175,4
0,6,6,22
10,0,10,0
2,0,2,0
20,0,20,0
2,0,2,0
0,4,4,7
1,0,1,0
1,0,1,0
3,0,3,0
0,2,2,42
1,0,1,0
0,2,2,40
1,0,1,0
0,17,17,28
2,0,2,0
0,17,17,44
0,45,45,104
5,0,5,0
4,0,4,0
8,0,8,0
0,29,29,4
1,0,1,0
6,0,6,0
1,0,1,0
4,0,4,0
1,0,1,0
6,0,6,0
2,0,2,0
0,89,89,26
2,0,2,0
16,0,16,0
14,0,14,0
2,0,2,0
0,1,1,59
0,3,3,22
3,0,3,0
0,14,14,38
3,0,3,0
1,0,1,0
0,2,2,48
0,9,9,31
6,0,6,0
1,0,1,0
2,0,2,0
32,0,32,0
1,0,1,0
2,0,2,0
0,12,12,4
2,0,2,0
2,0,2,0
7,0,7,0
8,0,8,0
3,0,3,0
57,0,57,0
0,32,32,60
3,0,3,0
36,0,36,0
0,1,1,8
1,0,1,0
13,0,13,0
2,0,2,0
17,0,17,0
3,0,3,0
81,0,81,0
2,0,2,0
0,5,5,9
7,0,7,0
9,0,9,0
0,8,8,8
2,0,2,0
2,0,2,0
6,0,6,0
1,0,1,0
4,0,4,0
0,31,31,5
15,0,15,0
0,3,3,3
2,0,2,0
33,0,33,0
1,0,1,0
8,0,8,0
14,0,14,0
0,1,1,4
0,285,285,67
2,0,2,0
1,0,1,0
13,0,13,0
2,0,2,0
2,0,2,0
1,0,1,0
1,0,1,0
0,14,14,4
2,0,2,0
1,0,1,0
4,0,4,0
0,6,6,14
1,0,1,0
2,0,2,0
0,301,301,39
1,0,1,0
1,0,1,0
1,0,1,0
20,0,20,0
0,1,1,17
4,0,4,0
0,1,1,8
6,0,6,0
2,0,2,0
1,0,1,0
0,5,5,3
1,0,1,0
7,0,7,0
18,0,18,0
3,0,3,0
1,0,1,0
0,24,24,32
1,0,1,0
1,0,1,0
4,0,4,0
6,0,6,0
0,3,3,0
0,62,62,3
1,0,1,0
3,0,3,0
0,48,48,21
0,1,1,2
30,0,30,0
1,0,1,0
1,0,1,0
3,0,3,0
2,0,2,0
0,14,14,39
4,0,4,0
0,2,2,12
1,0,1,0
10,0,10,0
0,25,25,90
17,0,17,0
18,0,18,0
0,13,13,159
5,0,5,0
1,0,1,0
2,0,2,0
3,0,3,0
0,1,1,2
0,1,1,0
3,0,3,0
1,0,1,0
3,0,3,0
1,0,1,0
2,0,2,0
0,1,1,52
4,0,4,0
0,5,5,17
37,0,37,0
3,0,3,0
0,11,11,9
0,1,1,4
12,0,12,0
2,0,2,0
3,0,3,0
3,0,3,0
0,2,2,11
1,0,1,0
0,257,257,3
0,23,23,40
0,1,1,19
4,0,4,0
0,160,160,91
6,0,6,0
7,0,7,0
0,371,371,208
3,0,3,0
170,0,170,0
1,0,1,0
2,0,2,0
0,3,3,1
2,0,2,0
6,0,6,0
0,8,8,1
4,0,4,0
0,1,1,15
0,26,26,146
20,0,20,0
3,0,3,0
0,5,5,21
7,0,7,0
1,0,1,0
4,0,4,0
1,0,1,0
0,24,24,12
11,0,11,0
0,14,14,18
1,0,1,0
17,0,17,0
8,0,8,0
0,29,29,7
2,0,2,0
7,0,7,0
227,0,227,0
0,79,79,51
2,0,2,0
4,0,4,0
2,0,2,0
1,0,1,0
0,19,19,35
3,0,3,0
3,0,3,0
0,1,1,8
3,0,3,0
7,0,7,0
0,54,54,36
1,0,1,0
29,0,29,0
9,0,9,0
1,0,1,0
1,0,1,0
0,2,2,15
0,2,2,0
0,41,41,7
3,0,3,0
1,0,1,0
28,0,28,0
8,0,8,0
1,0,1,0
6,0,6,0
1,0,1,0
2,0,2,0
0,27,27,16
1,0,1,0
0,3,3,55
3,0,3,0
13,0,13,0
4,0,4,0
4,0,4,0
1,0,1,0
2,0,2,0
1,0,1,0
1,0,1,0
14,0,14,0
4,0,4,0
31,0,31,0
0,12,12,1
4,0,4,0
1,0,1,0
1,0,1,0
5,0,5,0
1,0,1,0
0,1,1,0
5,0,5,0
8,0,8,0
5,0,5,0
0,6,6,11
0,3,3,112
3,0,3,0
0,2,2,3
6,0,6,0
2,0,2,0
40,0,40,0
1,0,1,0
4,0,4,0
0,7,7,2
0,80,80,49
20,0,20,0
2,0,2,0
0,1,1,4
2,0,2,0
8,0,8,0
0,5,5,5
2,66,68,7
1,0,1,0
4,0,4,0
0,5,5,12
0,7,7,9
0,1,1,13
1,0,1,0
1,0,1,0
4,0,4,0
2,0,2,0
1,0,1,0
4,0,4,0
2,0,2,0
3,0,3,0
2,0,2,0
2,0,2,0
0,14,14,2
1,0,1,0
162,0,162,0
0,1,1,32
1,0,1,0
281,0,281,0
1,0,1,0
0,3,3,0
1,0,1,0
36,0,36,0
2,0,2,0
6,0,6,0
15,0,15,0
1,0,1,0
6,0,6,0
1,0,1,0
0,91,91,7
6,0,6,0
4,0,4,0
2,0,2,0
1,0,1,0
1,0,1,0
17,0,17,0
3,0,3,0
0,1,1,8
4,0,4,0
81,0,81,0
1,0,1,0
16,0,16,0
20,0,20,0
4,0,4,0
4,0,4,0
4,0,4,0
20,0,20,0
0,3,3,21
0,10,10,6
1,0,1,0
0,195,195,11
2,0,2,0
1,0,1,0
2,0,2,0
5,0,5,0
11,0,11,0
14,0,14,0
11,0,11,0
4,0,4,0
1,0,1,0
10,0,10,0
0,2,2,72
32,0,32,0
2,0,2,0
1,0,1,0
7,0,7,0
129,0,129,0
0,7,7,4
1,0,1,0
6,0,6,0
3,0,3,0
3,0,3,0
0,100,100,4
0,140,140,21
2,0,2,0
2,0,2,0
1,0,1,0
4,0,4,0
2,0,2,0
3,0,3,0
246,0,246,0
4,0,4,0
0,1,1,0
1,0,1,0
0,3,3,1
1,0,1,0
1,0,1,0
1,0,1,0
2,0,2,0
95,0,95,0
1,0,1,0
7,0,7,0
0,2,2,32
1,0,1,0
1,0,1,0
1,0,1,0
1,0,1,0
1,0,1,0
6,0,6,0
7,0,7,0
3,0,3,0
0,20,20,26
0,4,4,11
0,20,20,18
1,0,1,0
3,0,3,0
0,13,13,4
1,0,1,0
5,0,5,0
0,28,28,33
0,37,37,20
59,0,59,0
7,0,7,0
3,0,3,0
1,0,1,0
5,0,5,0
2,0,2,0
1,0,1,0
0,4,4,90
15,0,15,0
2,0,2,0
0,5,5,9
1,0,1,0
2,0,2,0
4,0,4,0
0,43,43,41
6,0,6,0
3,0,3,0
19,0,19,0
13,0,13,0
0,2,2,161
0,8,8,139
0,43,43,15
0,52,52,21
16,0,16,0
7,0,7,0
19,0,19,0
12,0,12,0
1,0,1,0
0,4,4,20
2,0,2,0
3,0,3,0
13,0,13,0
2,0,2,0
0,2,2,34
0,199,199,0
1,0,1,0
2,0,2,0
2,0,2,0
2,0,2,0
1,0,1,0
2,0,2,0
2,0,2,0
2,0,2,0
0,248,248,34
3,0,3,0
0,163,163,31
0,142,142,77
0,3,3,4
1,0,1,0
0,3,3,2
1,0,1,0
2,0,2,0
0,7,7,2
6,0,6,0
0,6,6,11
0,7,7,12
98,0,98,0
12,0,12,0
2,0,2,0
1,0,1,0
1,0,1,0
0,2,2,4
32,0,32,0
97,0,97,0
0,1,1,3
0,3,3,120
4,0,4,0
0,4,4,29
1,0,1,0
0,5,5,0
9,0,9,0
8,0,8,0
5,0,5,0
1,0,1,0
3,0,3,0
1,0,1,0
0,179,179,12
0,3,3,21
0,7,7,6
2,0,2,0
0,5,5,79
1,0,1,0
4,0,4,0
2,0,2,0
9,0,9,0
4,0,4,0
2,0,2,0
3,0,3,0
15,0,15,0
127,0,127,0
0,4,4,0
0,9,9,83
1,0,1,0
0,47,47,7
2,0,2,0
1,0,1,0
1,0,1,0
11,0,11,0
5,0,5,0
6,0,6,0
2,0,2,0
1,0,1,0
0,48,48,54
2,0,2,0
15,0,15,0
12,0,12,0
8,0,8,0
0,21,21,58
11,0,11,0
4,0,4,0
12,0,12,0
0,1,1,49
1,0,1,0
0,5,5,6
4,0,4,0
5,0,5,0
4,0,4,0
15,0,15,0
0,27,27,32
4,0,4,0
1,0,1,0
1,0,1,0
1,0,1,0
0,7,7,31
37,0,37,0
3,0,3,0
2,0,2,0
9,0,9,0
67,0,67,0
1,0,1,0
2,0,2,0
1,0,1,0
0,1,1,4
0,11,11,26
6,0,6,0
5,0,5,0
66,0,66,0
12,0,12,0
2,0,2,0
1,0,1,0
0,84,84,33
5,0,5,0
0,9,9,6
3,0,3,0
1,0,1,0
1,0,1,0
1,0,1,0
0,11,11,39
2,0,2,0
0,3,3,1
0,11,11,25
7,0,7,0
2,0,2,0
2,0,2,0
1,0,1,0
3,0,3,0
0,53,53,16
1,0,1,0
10,0,10,0
1,0,1,0
2,0,2,0
0,11,11,71
23,0,23,0
1,0,1,0
8,0,8,0
1,0,1,0
4,0,4,0
4,0,4,0
4,0,4,0
1,0,1,0
13,0,13,0
1,0,1,0
2,0,2,0
0,5,5,48
8,0,8,0
2,0,2,0
2,0,2,0
31,0,31,0
0,34,34,0
0,9,9,9
0,16,16,12
0,2,2,82
0,381,381,18
1,0,1,0
0,5,5,103
4,0,4,0
72,0,72,0
0,372,372,11
2,0,2,0
1,0,1,0
0,1,1,15
0,6,6,7
9,0,9,0
9,0,9,0
2,0,2,0
4,0,4,0
1,0,1,0
1,0,1,0
1,0,1,0
1,0,1,0
5,0,5,0
8,0,8,0
2,0,2,0
0,4,4,5
3,0,3,0
1,0,1,0
3,0,3,0
2,0,2,0
1,0,1,0
1,0,1,0
0,4,4,5
5,0,5,0
1,0,1,0
26,0,26,0
0,6,6,10
2,0,2,0
0,2,2,0
0,2,2,0
0,3,3,5
1,0,1,0
0,1,1,80
65,0,65,0
14,0,14,0
0,153,153,3
128,0,128,0
1,0,1,0
16,0,16,0
4,0,4,0
10,0,10,0
0,3,3,19
3,0,3,0
2,0,2,0
2,0,2,0
4,0,4,0
6,0,6,0
1,0,1,0
4,0,4,0
1,0,1,0
0,13,13,25
12,0,12,0
0,1,1,1
4,0,4,0
95,0,95,0
1,0,1,0
2,0,2,0
2,0,2,0
0,1,1,27
3,0,3,0
0,18,18,11
3,0,3,0
0,7,7,71
92,0,92,0
1,0,1,0
22,0,22,0
3,0,3,0
0,33,33,14
4,0,4,0
4,0,4,0
11,0,11,0
1,0,1,0
2,0,2,0
19,0,19,0
1,0,1,0
1,0,1,0
0,3,3,14
1,0,1,0
3,0,3,0
0,8,8,2
0,2,2,5
1,0,1,0
0,6,6,22
1,0,1,0
5,0,5,0
0,6,6,16
6,0,6,0
1,0,1,0
1,0,1,0
26,0,26,0
2,0,2,0
0,1,1,0
134,0,134,0
1,0,1,0
11,0,11,0
1,0,1,0
2,0,2,0
0,1,1,19
2,0,2,0
35,0,35,0
1,0,1,0
5,0,5,0
4,0,4,0
0,1,1,23
2,0,2,0
2,0,2,0
2,0,2,0
1,0,1,0
0,11,11,0
4,0,4,0
3,0,3,0
2,0,2,0
1,0,1,0
0,154,154,14
1,0,1,0
8,0,8,0
2,0,2,0
1,0,1,0
1,0,1,0
1,0,1,0
2,0,2,0
1,0,1,0
4,0,4,0
4,0,4,0
10,0,10,0
1,0,1,0
1,0,1,0
0,6,6,11
15,0,15,0
0,6,6,25
0,148,148,41
39,0,39,0
2,0,2,0
7,0,7,0
8,0,8,0
0,1,1,12
0,55,55,18
2,0,2,0
6,0,6,0
26,0,26,0
0,64,64,31
2,0,2,0
2,0,2,0
12,0,12,0
9,0,9,0
6,0,6,0
0,48,48,56
0,9,9,16
0,3,3,2
2,0,2,0
12,0,12,0
0,2,2,36
5,0,5,0
2,0,2,0
1,0,1,0
2,0,2,0
1,0,1,0
4,0,4,0
6,0,6,0
2,0,2,0
0,9,9,10
5,0,5,0
2,0,2,0
0,5,5,3
1,0,1,0
10,0,10,0
0,2,2,71
4,0,4,0
1,0,1,0
0,1,1,16
2,0,2,0
3,0,3,0
0,6,6,58
0,25,25,14
14,0,14,0
1,0,1,0
2,0,2,0
11,0,11,0
2,0,2,0
5,0,5,0
2,0,2,0
8,0,8,0
31,0,31,0
1,0,1,0
1,0,1,0
3,0,3,0
16,0,16,0
0,1,1,8
0,2,2,6
8,0,8,0
2,0,2,0
4,0,4,0
1,0,1,0
2,0,2,0
2,0,2,0
3,0,3,0
1,0,1,0
2,0,2,0
0,10,10,35
5,0,5,0
2,0,2,0
2,0,2,0
2,0,2,0
0,11,11,11
4,0,4,0
0,2,2,40
1,0,1,0
0,2,2,1
1,0,1,0
11,0,11,0
3,0,3,0
12,0,12,0
0,1,1,12
0,2,2,24
8,0,8,0
0,1,1,52
1,0,1,0
0,1,1,1
4,0,4,0
4,0,4,0
3,0,3,0
3,0,3,0
1,0,1,0
57,0,57,0
2,0,2,0
0,17,17,1
0,2,2,5
13,0,13,0
2,0,2,0
0,2,2,5
0,9,9,10
2,0,2,0
2,0,2,0
0,107,107,15
8,0,8,0
1,0,1,0
0,1,1,1
5,0,5,0
0,1,1,2
2,0,2,0
11,0,11,0
11,0,11,0
20,0,20,0
2,0,2,0
1,0,1,0
1,0,1,0
2,0,2,0
3,0,3,0
5,0,5,0
4,0,4,0
1,0,1,0
10,0,10,0
2,0,2,0
3,0,3,0
2,0,2,0
0,3,3,7
1,0,1,0
2,0,2,0
5,0,5,0
0,2,2,3
1,0,1,0
0,434,434,15
0,1,1,19
0,1,1,19
1,0,1,0
2,0,2,0
1,0,1,0
1,0,1,0
4,0,4,0
3,0,3,0
0,5,5,3
1,0,1,0
2,0,2,0
1,0,1,0
0,1,1,0
1,0,1,0
1,0,1,0
3,0,3,0
3,0,3,0
10,0,10,0
8,0,8,0
1,0,1,0
9,0,9,0
2,0,2,0
5,0,5,0
1,0,1,0
9,0,9,0
6,0,6,0
3,0,3,0
0,4,4,13
0,2,2,56
1,0,1,0
2,0,2,0
1,0,1,0
0,1,1,100
1,0,1,0
1,0,1,0
3,0,3,0
2,0,2,0
2,0,2,0
3,0,3,0
3,0,3,0
43,0,43,0
0,1,1,55
1,0,1,0
0,4,4,53
9,0,9,0
2,0,2,0
1,0,1,0
0,3,3,41
0,13,13,18
15,0,15,0
1,0,1,0
32,0,32,0
1,0,1,0
7,0,7,0
6,0,6,0
44,0,44,0
1,0,1,0
1,0,1,0
7,0,7,0
0,9,9,49
5,0,5,0
1,0,1,0
1,0,1,0
3,0,3,0
4,0,4,0
10,0,10,0
0,13,13,0
1,0,1,0
2,0,2,0
1,0,1,0
1,0,1,0
4,0,4,0
3,0,3,0
1,0,1,0
2,0,2,0
0,315,315,59
3,0,3,0
2,0,2,0
0,32,32,36
2,0,2,0
1,0,1,0
3,0,3,0
0,4,4,6
0,13,13,204
29,0,29,0
0,11,11,10
1,0,1,0
0,1,1,16
4,0,4,0
10,0,10,0
3,0,3,0
61,0,61,0
0,7,7,12
9,0,9,0
2,0,2,0
0,14,14,0
4,0,4,0
0,83,83,82
32,0,32,0
1,0,1,0
1,0,1,0
0,2,2,5
4,0,4,0
1,0,1,0
2,0,2,0
3,0,3,0
1,0,1,0
0,6,6,20
11,0,11,0
21,0,21,0
0,7,7,3
2,0,2,0
28,0,28,0
9,0,9,0
2,0,2,0
1,0,1,0
29,0,29,0
2,0,2,0
20,0,20,0
7,0,7,0
1,0,1,0
2,0,2,0
5,0,5,0
0,92,92,57
53,0,53,0
2,0,2,0
0,217,217,20
2,0,2,0
2,0,2,0
25,0,25,0
6,0,6,0
0,3,3,17
15,0,15,0
0,19,19,12
27,0,27,0
24,0,24,0
1,0,1,0
1,0,1,0
0,38,38,21
0,35,35,31
2,0,2,0
2,0,2,0
2,0,2,0
16,0,16,0
3,0,3,0
1,0,1,0
6,0,6,0
1,0,1,0
0,1,1,1
0,11,11,12
12,0,12,0
0,4,4,48
11,0,11,0
2,0,2,0
1,0,1,0
1,0,1,0
1,0,1,0
26,0,26,0
27,0,27,0
7,0,7,0
3,0,3,0
0,194,194,3
2,0,2,0
2,0,2,0
2,0,2,0
0,49,49,20
2,0,2,0
1,0,1,0
1,0,1,0
4,0,4,0
0,70,70,9
1,0,1,0
3,0,3,0
1,0,1,0
1,0,1,0
0,6,6,26
0,5,5,19
11,0,11,0
1,0,1,0
1,0,1,0
10,0,10,0
2,0,2,0
1,0,1,0
2,0,2,0
18,0,18,0
0,6,6,95
1,0,1,0
135,0,135,0
4,0,4,0
1,0,1,0
0,87,87,17
4,0,4,0
8,0,8,0
0,116,116,33
2,0,2,0
3,0,3,0
28,0,28,0
0,4,4,28
2,0,2,0
9,0,9,0
4,0,4,0
59,0,59,0
0,22,22,103
1,0,1,0
1,0,1,0
7,0,7,0
1,0,1,0
11,0,11,0
3,0,3,0
2,0,2,0
2,0,2,0
100,0,100,0
2,0,2,0
79,0,79,0
0,2,2,0
0,6,6,3
3,0,3,0
7,0,7,0
1,0,1,0
1,0,1,0
3,0,3,0
2,0,2,0
9,0,9,0
1,0,1,0
2,0,2,0
4,0,4,0
0,19,19,20
1,0,1,0
28,0,28,0
1,0,1,0
11,0,11,0
37,0,37,0
4,0,4,0
1,0,1,0
2,0,2,0
0,24,24,132
0,27,27,29
11,0,11,0
1,0,1,0
0,13,13,40
1,0,1,0
1,0,1,0
2,0,2,0
4,0,4,0
0,1,1,2
4,0,4,0
0,34,34,5
0,3,3,4
0,88,88,8
0,9,9,10
6,0,6,0
5,0,5,0
10,0,10,0
0,1,1,3
2,0,2,0
9,0,9,0
2,0,2,0
2,0,2,0
3,0,3,0
9,0,9,0
0,25,25,21
25,0,25,0
5,0,5,0
1,0,1,0
1,0,1,0
0,2,2,15
1,0,1,0
0,10,10,4
9,0,9,0
3,0,3,0
3,0,3,0
4,0,4,0
6,0,6,0
11,0,11,0
0,3,3,4
0,7,7,4
28,0,28,0
1,0,1,0
1,0,1,0
0,28,28,15
6,0,6,0
27,0,27,0
48,0,48,0
2,0,2,0
1,0,1,0
0,18,18,17
1,0,1,0
1,0,1,0
2,0,2,0
1,0,1,0
0,4,4,13
2,0,2,0
0,21,21,33
3,0,3,0
1,0,1,0
2,0,2,0
0,1,1,12
0,22,22,9
0,1,1,2
0,2,2,35
1,0,1,0
6,0,6,0
8,0,8,0
0,21,21,59
6,0,6,0
2,0,2,0
2,0,2,0
1,0,1,0
3,0,3,0
2,0,2,0
0,73,73,10
0,6,6,8
3,0,3,0
1,0,1,0
0,8,8,0
1,0,1,0
6,0,6,0
2,0,2,0
0,1,1,6
1,0,1,0
0,20,20,0
30,0,30,0
1,0,1,0
1,0,1,0
1,0,1,0
2,0,2,0
8,0,8,0
0,26,26,358
108,0,108,0
2,0,2,0
2,0,2,0
70,0,70,0
0,109,109,82
1,0,1,0
0,4,4,108
0,9,9,5
8,0,8,0
1,0,1,0
2,0,2,0
0,4,4,0
3,0,3,0
4,0,4,0
0,5,5,2
0,34,34,44
0,4,4,36
1,0,1,0
0,3,3,2
1,0,1,0
1,0,1,0
7,0,7,0
4,0,4,0
3,0,3,0
5,0,5,0
1,0,1,0
0,18,18,41
12,0,12,0
3,0,3,0
2,0,2,0
0,153,153,60
14,0,14,0
17,0,17,0
2,0,2,0
1,0,1,0
2,0,2,0
53,0,53,0
0,1,1,1
5,0,5,0
17,0,17,0
8,0,8,0
20,0,20,0
2,0,2,0
1,0,1,0
10,0,10,0
0,1,1,73
2,0,2,0
2,0,2,0
0,227,227,44
2,0,2,0
2,0,2,0
12,0,12,0
2,0,2,0
34,0,34,0
4,0,4,0
105,0,105,0
54,0,54,0
1,0,1,0
1,0,1,0
0,56,56,48
10,0,10,0
1,0,1,0
0,83,83,28
5,0,5,0
4,0,4,0
31,0,31,0
4,0,4,0
6,0,6,0
1,0,1,0
3,0,3,0
0,3,3,20
0,5,5,5
4,0,4,0
0,5,5,18
8,0,8,0
36,0,36,0
1,0,1,0
1,0,1,0
7,0,7,0
1,0,1,0
6,0,6,0
2,0,2,0
1,0,1,0
17,0,17,0
60,0,60,0
2,0,2,0
8,0,8,0
20,0,20,0
7,0,7,0
2,0,2,0
1,0,1,0
1,0,1,0
2,0,2,0
0,1,1,2
7,0,7,0
90,0,90,0
2268,0,2268,0
4,0,4,0
4,0,4,0
7,0,7,0
4,0,4,0
1,0,1,0
52,0,52,0
2,0,2,0
0,2,2,27
1,0,1,0
16,0,16,0
3,0,3,0
2,0,2,0
0,1,1,3
3,0,3,0
3,0,3,0
4,0,4,0
2,0,2,0
3,0,3,0
33,0,33,0
0,40,40,11
1,0,1,0
3,0,3,0
1,0,1,0
35,0,35,0
0,157,157,8
6,0,6,0
3,0,3,0
1,0,1,0
9,0,9,0
1,0,1,0
2,0,2,0
16,0,16,0
1,0,1,0
5,0,5,0
5,0,5,0
0,8,8,19
0,18,18,3
9,0,9,0
28,0,28,0
1,0,1,0
0,8,8,4
1,0,1,0
1,0,1,0
3,0,3,0
1,0,1,0
143,0,143,0
14,0,14,0
1,0,1,0
52,0,52,0
0,1,1,4
14,0,14,0
25,0,25,0
0,2,2,3
4,0,4,0
12,0,12,0
0,60,60,18
1,0,1,0
1,0,1,0
72,0,72,0
5,0,5,0
7,0,7,0
8,0,8,0
0,5,5,43
3,0,3,0
37,0,37,0
2,0,2,0
4,0,4,0
0,2,2,3
4,0,4,0
5,0,5,0
0,74,74,31
3,0,3,0
1,0,1,0
0,4,4,13
1,0,1,0
1,0,1,0
7,0,7,0
23,0,23,0
2,0,2,0
5,0,5,0
3,0,3,0
0,31,31,0
1,0,1,0
1,0,1,0
40,0,40,0
317,0,317,0
1,0,1,0
16,0,16,0
4,0,4,0
6,0,6,0
8,0,8,0
7,0,7,0
7,0,7,0
2,0,2,0
0,18,18,11
158,0,158,0
5,0,5,0
2,0,2,0
3,0,3,0
1,0,1,0
0,6,6,12
2,0,2,0
0,94,94,2
0,10,10,30
17,0,17,0
11,0,11,0
0,2,2,8
0,2,2,52
12,0,12,0
20,0,20,0
0,3,3,9
2,0,2,0
1,0,1,0
0,3,3,26
59,0,59,0
3,0,3,0
3,0,3,0
4,0,4,0
0,12,12,26
122,0,122,0
28,0,28,0
14,0,14,0
0,3,3,11
13,0,13,0
3,0,3,0
7,0,7,0
2,0,2,0
1,0,1,0
4,0,4,0
8,0,8,0
4,0,4,0
4,0,4,0
2,0,2,0
21,0,21,0
0,8,8,22
2,0,2,0
0,34,34,31
1,0,1,0
0,7,7,0
0,4,4,50
4,0,4,0
0,2,2,11
0,15,15,33
3,0,3,0
4,0,4,0
0,21,21,137
2,0,2,0
150,0,150,0
8,0,8,0
0,5,5,6
4,0,4,0
5,0,5,0
0,1,1,7
18,0,18,0
17,0,17,0
1,0,1,0
0,2,2,5
1,0,1,0
0,13,13,27
0,1,1,34
7,0,7,0
278,0,278,0
1,0,1,0
2,0,2,0
0,3,3,2
5,0,5,0
3,0,3,0
0,1,1,33
0,194,194,8
7,0,7,0
6,0,6,0
1,0,1,0
4,0,4,0
39,0,39,0
1,0,1,0
0,40,40,23
2,0,2,0
3,0,3,0
0,13,13,4
1,0,1,0
2,0,2,0
2,0,2,0
16,0,16,0
130,0,130,0
98,0,98,0
3,0,3,0
149,0,149,0
6,0,6,0
2,0,2,0
1,0,1,0
3,0,3,0
7,0,7,0
1,0,1,0
29,0,29,0
13,0,13,0
2,0,2,0
4,0,4,0
3,0,3,0
2,0,2,0
1,0,1,0
2,0,2,0
2,0,2,0
19,0,19,0
0,1,1,79
3,0,3,0
1,0,1,0
23,0,23,0
1,0,1,0
2,0,2,0
0,254,254,211
1,0,1,0
7,0,7,0
2,0,2,0
10,0,10,0
2,0,2,0
0,48,48,44
0,20,20,18
0,46,46,32
33,0,33,0
13,0,13,0
2,0,2,0
0,20,20,52
22,0,22,0
2,0,2,0
15,0,15,0
3,0,3,0
4,0,4,0
7,0,7,0
10,0,10,0
1,0,1,0
14,0,14,0
29,0,29,0
3,0,3,0
0,180,180,40
2,0,2,0
2,0,2,0
2,0,2,0
25,0,25,0
1,0,1,0
51,0,51,0
1,0,1,0
0,23,23,4
3,0,3,0
12,0,12,0
1,0,1,0
6,0,6,0
0,1,1,207
45,0,45,0
0,44,44,55
9,0,9,0
0,13,13,17
21,0,21,0
6,0,6,0
1,0,1,0
23,0,23,0
2,0,2,0
1,0,1,0
3,0,3,0
2,0,2,0
10,0,10,0
2,0,2,0
3,0,3,0
2,0,2,0
42,0,42,0
0,1,1,4
12,0,12,0
0,1,1,10
2,0,2,0
22,0,22,0
0,5,5,6
3,0,3,0
0,2,2,7
2,0,2,0
1,0,1,0
78,0,78,0
1,0,1,0
0,11,11,9
0,1,1,13
0,3,3,2
3,0,3,0
0,1,1,9
2,0,2,0
0,3,3,0
0,31,31,24
2,0,2,0
1,0,1,0
107,0,107,0
1,0,1,0
0,27,27,1
3,0,3,0
1,0,1,0
0,2,2,11
2,0,2,0
11,0,11,0
2,0,2,0
6,0,6,0
12,0,12,0
1,0,1,0
1,0,1,0
14,0,14,0
5,0,5,0
3,0,3,0
0,44,44,0
9,0,9,0
8,0,8,0
1,0,1,0
3,0,3,0
5,0,5,0
2,0,2,0
1,0,1,0
248,0,248,0
51,0,51,0
1,0,1,0
6,0,6,0
0,71,71,79
0,49,49,5
16,0,16,0
16,0,16,0
4,0,4,0
8,0,8,0
12,0,12,0
1,0,1,0
0,3,3,1
0,4,4,20
5,0,5,0
1,0,1,0
0,85,85,17
0,7,7,10
7,0,7,0
1,0,1,0
0,1,1,17
1,0,1,0
0,5,5,3
30,0,30,0
4,0,4,0
0,4,4,7
3,0,3,0
21,0,21,0
8,0,8,0
0,4,4,23
1,0,1,0
0,6,6,5
2,0,2,0
3,0,3,0
3,0,3,0
2,0,2,0
1,0,1,0
0,103,103,2
0,23,23,0
1,0,1,0
0,2,2,25
0,4,4,21
5,0,5,0
0,15,15,8
0,3,3,1
2,0,2,0
3,0,3,0
5,0,5,0
0,68,68,21
2,0,2,0
1,0,1,0
3,0,3,0
0,362,362,16
1,0,1,0
0,5,5,57
3,0,3,0
0,45,45,93
3,0,3,0
1,0,1,0
0,86,86,54
0,64,64,4
8,0,8,0
2,0,2,0
1,0,1,0
3,0,3,0
2,0,2,0
0,1,1,4
3,0,3,0
0,222,222,122
0,5,5,21
3,0,3,0
0,56,56,23
7,0,7,0
0,9,9,5
60,0,60,0
1,0,1,0
9,0,9,0
2,0,2,0
3,0,3,0
7,0,7,0
1,0,1,0
15,0,15,0
5,0,5,0
3,0,3,0
36,0,36,0
3,0,3,0
17,0,17,0
272,0,272,0
4,0,4,0
0,20,20,6
1,0,1,0
0,2,2,38
15,0,15,0
0,1,1,38
2,0,2,0
2,0,2,0
0,7,7,13
0,2,2,55
0,2,2,13
2,0,2,0
0,20,20,65
1,0,1,0
5,0,5,0
0,2,2,2
1,0,1,0
1,0,1,0
3,0,3,0
84,0,84,0
24,0,24,0
0,1,1,15
1,0,1,0
2,0,2,0
1,0,1,0
2,0,2,0
0,9,9,11
1,0,1,0
0,17,17,0
0,2,2,3
20,0,20,0
3,0,3,0
1,0,1,0
4,0,4,0
1,0,1,0
3,0,3,0
1,0,1,0
0,1,1,1
25,0,25,0
4,0,4,0
1,0,1,0
5,0,5,0
3,0,3,0
20,0,20,0
0,6,6,18
1,0,1,0
1,0,1,0
2,0,2,0
439,0,439,0
0,157,157,134
438,0,438,0
0,1,1,1
1,0,1,0
4,0,4,0
0,24,24,10
0,3,3,29
2,0,2,0
0,102,102,19
1,0,1,0
1,0,1,0
1,0,1,0
94,0,94,0
0,2,2,8
4,0,4,0
2,0,2,0
21,0,21,0
3,0,3,0
1,0,1,0
5,0,5,0
9,0,9,0
3,0,3,0
0,10,10,23
0,116,116,72
1,0,1,0
8,0,8,0
1,0,1,0
1,0,1,0
25,0,25,0
1,0,1,0
0,74,74,99
37,0,37,0
15,0,15,0
15,0,15,0
2,0,2,0
11,0,11,0
0,9,9,2
12,0,12,0
1,0,1,0
1,0,1,0
0,3,3,7
2,0,2,0
1,0,1,0
4,0,4,0
12,0,12,0
6,0,6,0
12,0,12,0
2,0,2,0
4,0,4,0
2,0,2,0
1,0,1,0
6,0,6,0
1,0,1,0
1,0,1,0
13,0,13,0
0,8,8,14
5,0,5,0
9,0,9,0
1,0,1,0
8,0,8,0
125,0,125,0
1,0,1,0
0,1,1,7
1,0,1,0
0,29,29,45
5,0,5,0
10,0,10,0
1,0,1,0
3,0,3,0
0,34,34,7
0,1,1,0
3,0,3,0
0,1,1,17
1,0,1,0
0,6,6,2
1,0,1,0
4,0,4,0
8,0,8,0
16,0,16,0
2,0,2,0
1,0,1,0
13,0,13,0
1,0,1,0
0,10,10,32
1,0,1,0
3,0,3,0
4,0,4,0
1,0,1,0
1,0,1,0
13,0,13,0
7,0,7,0
0,203,203,63
1,0,1,0
0,118,118,12
0,1,1,2
5,0,5,0
0,3,3,32
24,0,24,0
0,19,19,4
0,31,31,25
0,101,101,20
1,0,1,0
4,0,4,0
27,0,27,0
1,0,1,0
1,0,1,0
0,1,1,3
0,22,22,6
3,0,3,0
51,0,51,0
17,0,17,0
2,0,2,0
1,0,1,0
0,125,125,17
7,0,7,0
8,0,8,0
6,0,6,0
8,0,8,0
11,0,11,0
4,0,4,0
3,0,3,0
0,1,1,48
8,0,8,0
0,9,9,25
4,0,4,0
10,0,10,0
0,1,1,1
1,0,1,0
171,0,171,0
1,0,1,0
9,0,9,0
4,0,4,0
1,0,1,0
8,0,8,0
3,0,3,0
0,21,21,26
0,1,1,13
2,0,2,0
103,0,103,0
0,4,4,8
1,0,1,0
4,0,4,0
19,0,19,0
0,2,2,21
0,9,9,3
0,7,7,119
1,0,1,0
0,173,173,46
0,1,1,21
8,0,8,0
7,0,7,0
0,10,10,5
3,0,3,0
2,0,2,0
0,1,1,4
65,0,65,0
13,0,13,0
23,0,23,0
22,0,22,0
0,18,18,59
0,1,1,26
32,0,32,0
1,0,1,0
6,0,6,0
4,0,4,0
0,58,58,6
1,0,1,0
0,3,3,3
14,0,14,0
4,0,4,0
0,28,28,25
2,0,2,0
1,0,1,0
0,37,37,36
2,0,2,0
0,7,7,42
1,0,1,0
1,0,1,0
42,0,42,0
4,0,4,0
1,0,1,0
82,0,82,0
1,0,1,0
2,0,2,0
185,0,185,0
1,0,1,0
1,0,1,0
51,0,51,0
2,0,2,0
3,0,3,0
2,0,2,0
0,5,5,62
1,0,1,0
0,186,186,111
3,0,3,0
1,0,1,0
0,2,2,6
5,0,5,0
2,0,2,0
0,15,15,25
8,0,8,0
3,0,3,0
17,0,17,0
2,0,2,0
0,4,4,11
2,0,2,0
1,0,1,0
3,0,3,0
2,0,2,0
1,0,1,0
0,9,9,0
1,0,1,0
5,0,5,0
0,14,14,7
7,0,7,0
3,0,3,0
0,28,28,114
4,0,4,0
3,0,3,0
241,0,241,0
5,0,5,0
1,0,1,0
0,51,51,49
1,0,1,0
1,0,1,0
1,0,1,0
1,0,1,0
1,0,1,0
200,0,200,0
2,0,2,0
0,3,3,30
1,0,1,0
2,0,2,0
57,0,57,0
1,0,1,0
0,2,2,42
0,5,5,135
4,0,4,0
2,0,2,0
5,0,5,0
25,0,25,0
1,0,1,0
2,0,2,0
0,4,4,16
2,0,2,0
0,26,26,112
8,0,8,0
0,1,1,8
3,0,3,0
0,19,19,5
2,0,2,0
15,0,15,0
1,0,1,0
5,0,5,0
6,0,6,0
1,0,1,0
38,0,38,0
0,2,2,5
1,0,1,0
0,41,41,15
1,0,1,0
13,0,13,0
4,0,4,0
13,0,13,0
8,0,8,0
0,1,1,5
3,0,3,0
18,0,18,0
0,2,2,28
2,0,2,0
1,0,1,0
113,0,113,0
5,0,5,0
0,23,23,31
1,0,1,0
0,30,30,258
0,1,1,2
6,0,6,0
0,47,47,20
1,0,1,0
4,0,4,0
0,11,11,20
1,0,1,0
3,0,3,0
6,0,6,0
1,0,1,0
0,14,14,70
1,0,1,0
1,0,1,0
3,0,3,0
166,0,166,0
7,0,7,0
2,0,2,0
1,0,1,0
0,45,45,59
10,0,10,0
5,0,5,0
3,0,3,0
2,0,2,0
7,0,7,0
42,0,42,0
67,0,67,0
3,0,3,0
14,0,14,0
86,0,86,0
0,3,3,1
5,0,5,0
1,0,1,0
1,0,1,0
1,0,1,0
0,3,3,68
2,0,2,0
0,1,1,22
7,0,7,0
6,0,6,0
3,0,3,0
0,146,146,41
3,0,3,0
9,0,9,0
30,0,30,0
0,3,3,39
14,0,14,0
2,0,2,0
13,0,13,0
13,0,13,0
0,9,9,52
0,5,5,12
26,0,26,0
7,0,7,0
1,0,1,0
1,0,1,0
6,0,6,0
0,5,5,0
1,0,1,0
0,21,21,11
1,0,1,0
23,0,23,0
1,0,1,0
23,0,23,0
0,50,50,67
7,0,7,0
3,0,3,0
0,11,11,8
4,0,4,0
1,0,1,0
0,7,7,96
1,0,1,0
4,0,4,0
1,0,1,0
3,0,3,0
1,0,1,0
2,0,2,0
1,0,1,0
0,146,146,64
10,0,10,0
5,0,5,0
1,0,1,0
7,0,7,0
0,1,1,30
470,0,470,0
0,7,7,31
1,0,1,0
0,4,4,5
2,0,2,0
6,0,6,0
6,0,6,0
4,0,4,0
0,1,1,3
5,0,5,0
0,78,78,4
6,0,6,0
14,0,14,0
1,0,1,0
0,2,2,48
5,0,5,0
1,0,1,0
3,0,3,0
0,40,40,7
0,3,3,34
0,3,3,32
4,0,4,0
0,4,4,0
0,1,1,11
0,2,2,8
25,0,25,0
2,0,2,0
9,0,9,0
0,2,2,69
0,136,136,16
0,11,11,7
1,0,1,0
6,0,6,0
0,2,2,22
3,0,3,0
1,0,1,0
2,0,2,0
0,123,123,18
0,1,1,7
6,0,6,0
4,0,4,0
0,1,1,21
2,0,2,0
1,0,1,0
1,0,1,0
39,0,39,0
5,0,5,0
1,0,1,0
1,0,1,0
0,22,22,3
3,0,3,0
10,0,10,0
1,0,1,0
3,0,3,0
3,0,3,0
0,4,4,1
0,1,1,2
6,0,6,0
1,0,1,0
42,0,42,0
10,0,10,0
10,0,10,0
31,0,31,0
0,6,6,12
8,0,8,0
0,17,17,13
6,0,6,0
4,0,4,0
1,0,1,0
2,0,2,0
19,0,19,0
4,0,4,0
1,0,1,0
0,100,100,7
4,0,4,0
7,0,7,0
0,12,12,3
1,0,1,0
0,1,1,3
1,0,1,0
1,0,1,0
0,17,17,34
127,0,127,0
0,12,12,28
14,0,14,0
0,2,2,10
3,0,3,0
2,0,2,0
3,0,3,0
1,0,1,0
2,0,2,0
2,0,2,0
6,0,6,0
2,0,2,0
3,0,3,0
0,80,80,0
3,0,3,0
3,0,3,0
3,0,3,0
2,0,2,0
2,0,2,0
12,0,12,0
1,0,1,0
2,0,2,0
2,0,2,0
0,5,5,0
7,0,7,0
2,0,2,0
4,0,4,0
2,0,2,0
0,11,11,32
0,1,1,4
12,0,12,0
7,0,7,0
3,0,3,0
2,0,2,0
0,5,5,4
1,0,1,0
1,0,1,0
0,52,52,0
1,0,1,0
3,0,3,0
4,0,4,0
0,4,4,10
1,0,1,0
4,0,4,0
2,0,2,0
2,0,2,0
6,0,6,0
3,0,3,0
1,0,1,0
0,10,10,2
1,0,1,0
0,1,1,23
4,0,4,0
6,0,6,0
0,3,3,38
1,0,1,0
0,3,3,1
0,122,122,91
121,0,121,0
0,10,10,0
14,0,14,0
1,0,1,0
1,0,1,0
0,5,5,9
1,0,1,0
0,4,4,7
1,0,1,0
1,0,1,0
0,61,61,39
1,0,1,0
5,0,5,0
0,23,23,14
1,0,1,0
2,0,2,0
1,0,1,0
3,0,3,0
15,0,15,0
1,0,1,0
5,0,5,0
0,5,5,29
91,0,91,0
3,0,3,0
3,0,3,0
0,4,4,2
5,0,5,0
42,0,42,0
19,0,19,0
0,5,5,30
3,0,3,0
0,21,21,8
3,0,3,0
5,0,5,0
1,0,1,0
2,0,2,0
4,0,4,0
1,0,1,0
2,0,2,0
1,0,1,0
3,0,3,0
4,0,4,0
2,0,2,0
1,0,1,0
6,0,6,0
1,0,1,0
7,0,7,0
0,53,53,11
1,0,1,0
27,0,27,0
30,0,30,0
0,66,66,74
1,0,1,0
3,0,3,0
1,0,1,0
2,0,2,0
4,0,4,0
8,0,8,0
7,0,7,0
8,0,8,0
2,0,2,0
28,0,28,0
0,2,2,14
14,0,14,0
1,0,1,0
2,0,2,0
1,0,1,0
7,0,7,0
7,0,7,0
54,0,54,0
0,29,29,2
5,0,5,0
0,10,10,45
0,12,12,27
11,0,11,0
1,0,1,0
1,0,1,0
0,7,7,5
27,0,27,0
0,30,30,33
0,5,5,22
0,6,6,0
16,0,16,0
1,0,1,0
6,0,6,0
25,0,25,0
4,0,4,0
0,2,2,159
56,0,56,0
5,0,5,0
124,0,124,0
6,0,6,0
1,0,1,0
3,0,3,0
1,0,1,0
8,0,8,0
22,0,22,0
1,0,1,0
12,0,12,0
2,0,2,0
2,0,2,0
1,0,1,0
1,0,1,0
2,0,2,0
18,0,18,0
10,0,10,0
0,3,3,25
1,0,1,0
0,46,46,3
1,0,1,0
0,6,6,41
0,3,3,30
2,0,2,0
0,59,59,9
0,50,50,61
0,3,3,7
1,0,1,0
0,2,2,4
1,0,1,0
11,0,11,0
7,0,7,0
2,0,2,0
4,0,4,0
4,0,4,0
0,67,67,62
1,0,1,0
141,0,141,0
1,0,1,0
1,0,1,0
2,0,2,0
0,28,28,37
2,0,2,0
1,0,1,0
1,0,1,0
1,0,1,0
0,1,1,0
0,11,11,23
5,0,5,0
31,0,31,0
0,61,61,43
0,4,4,22
44,0,44,0
5,0,5,0
2,0,2,0
0,1,1,7
2,0,2,0
0,1,1,5
5,0,5,0
2,0,2,0
0,38,38,123
20,0,20,0
8,0,8,0
1,0,1,0
10,0,10,0
6,0,6,0
15,0,15,0
5,0,5,0
0,12,12,7
0,1,1,76
0,3,3,14
26,0,26,0
2,0,2,0
0,5,5,8
6,0,6,0
0,6,6,17
0,3,3,55
0,2,2,10
163,0,163,0
0,15,15,28
2,0,2,0
0,43,43,42
2,0,2,0
2,0,2,0
0,8,8,4
4,0,4,0
13,0,13,0
1,0,1,0
2,0,2,0
4,0,4,0
5,0,5,0
1,0,1,0
1,0,1,0
0,63,63,0
1,0,1,0
0,75,75,1
2,0,2,0
6,0,6,0
2,0,2,0
1,0,1,0
80,0,80,0
0,4,4,34
45,0,45,0
0,27,27,5
1,0,1,0
66,0,66,0
3,0,3,0
1,0,1,0
1,0,1,0
1,0,1,0
6,0,6,0
15,0,15,0
1,0,1,0
3,0,3,0
2,0,2,0
2,0,2,0
1,0,1,0
3,0,3,0
24,0,24,0
1,0,1,0
16,0,16,0
4,0,4,0
1,0,1,0
0,3,3,3
1,0,1,0
0,54,54,22
18,0,18,0
0,6,6,0
9,0,9,0
2,0,2,0
3,0,3,0
2,0,2,0
25,0,25,0
2,0,2,0
0,28,28,57
1,0,1,0
1,0,1,0
0,26,26,176
0,6,6,7
12,0,12,0
0,11,11,4
6,0,6,0
0,5,5,6
9,0,9,0
17,0,17,0
0,3,3,27
11,0,11,0
13,0,13,0
0,38,38,50
28,0,28,0
39,0,39,0
3,0,3,0
12,0,12,0
2,0,2,0
0,233,233,84
8,0,8,0
4,0,4,0
0,6,6,23
1,0,1,0
0,8,8,3
21,0,21,0
9,0,9,0
3,0,3,0
11,0,11,0
0,11,11,10
1,0,1,0
1,0,1,0
0,1,1,0
0,3,3,8
44,0,44,0
1,0,1,0
1,0,1,0
0,1,1,28
0,52,52,127
1,0,1,0
0,3,3,10
0,3,3,0
3,0,3,0
9,0,9,0
75,0,75,0
1,0,1,0
0,2,2,0
5,0,5,0
0,1,1,32
1,0,1,0
1,0,1,0
0,4,4,32
2,0,2,0
0,67,67,57
0,48,48,7
39,0,39,0
35,0,35,0
0,3,3,4
5,0,5,0
0,4,4,13
7,0,7,0
3,0,3,0
4,0,4,0
4,0,4,0
0,14,14,21
19,0,19,0
15,0,15,0
0,11,11,4
4,0,4,0
1,0,1,0
0,7,7,17
2,0,2,0
24,0,24,0
2,0,2,0
0,4,4,2
1,0,1,0
14,0,14,0
0,9,9,3
5,0,5,0
4,0,4,0
7,0,7,0
1,0,1,0
3,0,3,0
2,0,2,0
5,0,5,0
5,0,5,0
3,0,3,0
7,0,7,0
13,0,13,0
4,0,4,0
0,1,1,30
1,0,1,0
2,0,2,0
1,0,1,0
6,0,6,0
0,3,3,47
2,0,2,0
2,0,2,0
67,0,67,0
0,6,6,4
0,1,1,0
2,0,2,0
60,0,60,0
10,0,10,0
8,0,8,0
3,0,3,0
4,0,4,0
0,7,7,40
2,0,2,0
142,0,142,0
1,0,1,0
0,1,1,11
6,0,6,0
2,0,2,0
1,0,1,0
3,0,3,0
1,0,1,0
1,0,1,0
2,0,2,0
0,12,12,138
0,1,1,2
2,0,2,0
2,0,2,0
18,0,18,0
32,0,32,0
2,0,2,0
0,3,3,70
0,2,2,150
1,0,1,0
1,0,1,0
2,0,2,0
2,0,2,0
7,0,7,0
0,29,29,3
2,0,2,0
3,0,3,0
2,0,2,0
6,0,6,0
2,0,2,0
1,0,1,0
7,0,7,0
1,0,1,0
5,0,5,0
0,4,4,0
8,0,8,0
6,0,6,0
1,0,1,0
0,5,5,84
1,0,1,0
6,0,6,0
0,12,12,72
0,3,3,20
2,0,2,0
1,0,1,0
5,0,5,0
1,0,1,0
0,95,95,15
2,0,2,0
4,0,4,0
0,12,12,3
1,0,1,0
16,0,16,0
1,0,1,0
3,0,3,0
1,0,1,0
0,2,2,16
3,0,3,0
0,2,2,6
0,10,10,49
0,33,33,18
53,0,53,0
1,0,1,0
1,0,1,0
0,7,7,6
14,0,14,0
2,0,2,0
3,0,3,0
0,14,14,59
0,1,1,10
1,0,1,0
4,0,4,0
0,44,44,56
0,3,3,10
0,11,11,68
0,37,37,4
1,0,1,0
0,325,325,40
0,422,422,21
12,0,12,0
0,2,2,10
1,0,1,0
0,21,21,69
1,0,1,0
2,0,2,0
1,0,1,0
8,0,8,0
6,0,6,0
7,0,7,0
1,0,1,0
0,3,3,4
4,0,4,0
2,0,2,0
0,5,5,91
1,0,1,0
1,0,1,0
0,1,1,0
3,0,3,0
21,0,21,0
1,0,1,0
1,0,1,0
2,0,2,0
12,0,12,0
0,10,10,25
0,24,24,23
0,47,47,3
0,1,1,21
1,0,1,0
3,0,3,0
0,3,3,0
3,0,3,0
71,0,71,0
0,1,1,0
7,0,7,0
2,0,2,0
4,0,4,0
0,16,16,43
1,0,1,0
10,0,10,0
0,2,2,1
2,0,2,0
3,0,3,0
2,0,2,0
9,0,9,0
0,4,4,12
2,0,2,0
3,0,3,0
0,2,2,1
69,0,69,0
0,14,14,143
0,67,67,0
0,96,96,33
98,0,98,0
5,0,5,0
23,0,23,0
1,0,1,0
1,0,1,0
0,19,19,0
1,0,1,0
2,0,2,0
2,0,2,0
42,0,42,0
3,0,3,0
27,0,27,0
0,1,1,27
0,1,1,41
2,0,2,0
1,0,1,0
1,0,1,0
0,29,29,39
0,2,2,7
0,6,6,28
3,0,3,0
1,0,1,0
4,0,4,0
7,0,7,0
0,2,2,0
1,0,1,0
1,0,1,0
18,0,18,0
5,0,5,0
2,0,2,0
1,0,1,0
10,0,10,0
1,0,1,0
1,0,1,0
7,0,7,0
13,0,13,0
5,0,5,0
6,0,6,0
1,0,1,0
1,0,1,0
2,0,2,0
4,0,4,0
2,0,2,0
4,0,4,0
2,0,2,0
1,0,1,0
2,0,2,0
2,0,2,0
1,0,1,0
3,0,3,0
0,3,3,0
1,0,1,0
1,0,1,0
1,0,1,0
2,0,2,0
46,0,46,0
7,0,7,0
6,0,6,0
0,14,14,18
4,0,4,0
25,0,25,0
7,0,7,0
1,0,1,0
26,0,26,0
3,0,3,0
0,6,6,2
6,0,6,0
5,0,5,0
1,0,1,0
1,0,1,0
0,4,4,9
0,12,12,71
3,0,3,0
3,0,3,0
2,0,2,0
0,1,1,0
2,0,2,0
0,23,23,26
13,0,13,0
8,0,8,0
1,0,1,0
2,0,2,0
24,0,24,0
17,0,17,0
0,6,6,50
3,0,3,0
6,0,6,0
2,0,2,0
2,0,2,0
10,0,10,0
0,1,1,0
1,0,1,0
0,1,1,12
1,0,1,0
6,0,6,0
2,0,2,0
5,0,5,0
0,1,1,3
3,0,3,0
668,0,668,0
8,0,8,0
0,5,5,73
6,0,6,0
2,0,2,0
169,0,169,0
41,0,41,0
0,2,2,3
2,0,2,0
18,0,18,0
0,50,50,13
3,0,3,0
0,13,13,51
2,0,2,0
3,0,3,0
0,4,4,4
0,1,1,8
3,0,3,0
0,1,1,12
6,0,6,0
1,0,1,0
0,1,1,12
0,2,2,75
0,2,2,6
2,0,2,0
20,0,20,0
7,0,7,0
4,0,4,0
0,1,1,10
0,334,334,16
1,0,1,0
1,0,1,0
5,0,5,0
1,0,1,0
6,0,6,0
0,10,10,4
0,2,2,49
1,0,1,0
1,0,1,0
6,0,6,0
2,0,2,0
19,0,19,0
2,0,2,0
5,0,5,0
15,0,15,0
1,0,1,0
2,0,2,0
1,0,1,0
1,0,1,0
35,0,35,0
2,0,2,0
3,0,3,0
12,0,12,0
1,0,1,0
1,0,1,0
1,0,1,0
0,11,11,4
2,0,2,0
1,0,1,0
2,0,2,0
6,0,6,0
26,0,26,0
0,44,44,0
2,0,2,0
0,3,3,12
23,0,23,0
23,0,23,0
1,0,1,0
0,2,2,4
1,0,1,0
6,0,6,0
0,23,23,3
110,0,110,0
3,0,3,0
0,1,1,24
14,0,14,0
0,4,4,4
0,13,13,0
1,0,1,0
0,33,33,99
1,0,1,0
2,0,2,0
2,0,2,0
0,3,3,2
3,0,3,0
3,0,3,0
71,0,71,0
1,0,1,0
9,0,9,0
1,0,1,0
0,1,1,33
26,0,26,0
0,2,2,61
0,100,100,28
0,10,10,8
0,100,100,53
5,0,5,0
24,0,24,0
2,0,2,0
8,0,8,0
7,0,7,0
4,0,4,0
3,0,3,0
9,0,9,0
11,0,11,0
0,1,1,45
0,2,2,9
0,42,42,11
4,0,4,0
6,0,6,0
6,0,6,0
4,0,4,0
1,0,1,0
2,0,2,0
2,0,2,0
1,0,1,0
0,140,140,7
0,21,21,0
14,0,14,0
1,0,1,0
3,0,3,0
67,0,67,0
2,0,2,0
0,7,7,22
51,0,51,0
4,0,4,0
0,1,1,0
0,65,65,14
2,0,2,0
1,0,1,0
0,51,51,0
3,0,3,0
1,0,1,0
1,0,1,0
103,0,103,0
1,0,1,0
1,0,1,0
5,0,5,0
0,45,45,10
5,0,5,0
0,3,3,4
17,0,17,0
134,0,134,0
6,0,6,0
0,9,9,8
1,0,1,0
0,10,10,7
1,0,1,0
0,2,2,11
37,0,37,0
3,0,3,0
0,2,2,14
1,0,1,0
1,0,1,0
0,11,11,44
0,12,12,2
8,0,8,0
3,0,3,0
11,0,11,0
1,0,1,0
0,6,6,23
3,0,3,0
4,0,4,0
2,0,2,0
0,9,9,2
0,1,1,61
0,39,39,5
2,0,2,0
13,0,13,0
0,187,187,28
0,5,5,36
1,0,1,0
228,0,228,0
0,43,43,2
2,0,2,0
2,0,2,0
1,0,1,0
15,0,15,0
2,0,2,0
0,124,124,2
125,0,125,0
6,0,6,0
12,0,12,0
1,0,1,0
3,0,3,0
0,3,3,11
0,3,3,18
1,0,1,0
2,0,2,0
11,0,11,0
2,0,2,0
7,0,7,0
1,0,1,0
9,0,9,0
2,0,2,0
0,26,26,2
31,0,31,0
2,0,2,0
0,16,16,86
0,8,8,27
2,0,2,0
7,0,7,0
0,5,5,12
1,0,1,0
1,0,1,0
1,0,1,0
0,1,1,27
9,0,9,0
0,7,7,9
0,10,10,7
4,0,4,0
0,3,3,9
3,0,3,0
0,2,2,8
0,36,36,27
5,0,5,0
6,0,6,0
3,0,3,0
69,0,69,0
0,2,2,22
1,0,1,0
1,0,1,0
1,0,1,0
2,0,2,0
0,42,42,10
13,0,13,0
0,5,5,1
16,0,16,0
0,25,25,80
1,0,1,0
0,239,239,39
0,1,1,2
3,0,3,0
2,0,2,0
1,0,1,0
17,0,17,0
0,5,5,30
1,0,1,0
5,0,5,0
17,0,17,0
0,8,8,2
48,0,48,0
0,41,41,43
1,0,1,0
1,0,1,0
330,0,330,0
1,0,1,0
22,0,22,0
2,0,2,0
0,159,159,19
4,0,4,0
3,0,3,0
10,0,10,0
2,0,2,0
1,0,1,0
0,1,1,0
3,0,3,0
1,0,1,0
1,0,1,0
2,0,2,0
5,0,5,0
1,0,1,0
2,0,2,0
16,0,16,0
23,0,23,0
7,0,7,0
2,0,2,0
0,10,10,2
2,0,2,0
31,0,31,0
6,0,6,0
3,0,3,0
3,0,3,0
3,0,3,0
105,0,105,0
2,0,2,0
17,0,17,0
0,1,1,79
0,17,17,5
24,0,24,0
1,0,1,0
3,0,3,0
1,0,1,0
1,0,1,0
2,0,2,0
2,0,2,0
0,2,2,77
0,2,2,76
2,0,2,0
6,0,6,0
1,0,1,0
1,0,1,0
2,0,2,0
18,0,18,0
6,0,6,0
2,0,2,0
0,10,10,40
11,0,11,0
49,0,49,0
1,0,1,0
1,0,1,0
0,11,11,4
4,0,4,0
0,5,5,33
21,0,21,0
0,13,13,1
0,9,9,2
0,40,40,5
0,2,2,0
6,0,6,0
0,1,1,6
2,0,2,0
0,3,3,10
4,0,4,0
68,0,68,0
0,2,2,24
0,5,5,2
0,9,9,49
1,0,1,0
2,0,2,0
6,0,6,0
0,138,138,9
1,0,1,0
0,81,81,42
0,18,18,5
1,0,1,0
4,0,4,0
14,0,14,0
1,0,1,0
0,15,15,37
17,0,17,0
8,0,8,0
7,0,7,0
14,0,14,0
5,0,5,0
2,0,2,0
1,0,1,0
41,0,41,0
6,0,6,0
0,8,8,1
0,17,17,6
1,0,1,0
2,0,2,0
19,0,19,0
9,0,9,0
6,0,6,0
3,0,3,0
2,0,2,0
5,0,5,0
1,0,1,0
1,0,1,0
2,0,2,0
1,0,1,0
59,0,59,0
6,0,6,0
2,0,2,0
1,0,1,0
0,47,47,10
1,0,1,10
1,0,1,0
9,0,9,0
2,0,2,0
0,19,19,2
2,0,2,0
1,0,1,0
17,0,17,0
2,0,2,0
0,2,2,7
8,0,8,0
1,0,1,0
0,20,20,48
0,9,9,3
0,7,7,2
12,0,12,0
30,0,30,0
3,0,3,0
4,0,4,0
4,0,4,0
4,0,4,0
2,0,2,0
16,0,16,0
1,0,1,0
1,0,1,0
2,0,2,0
3,0,3,0
11,0,11,0
0,43,43,1
12,0,12,0
0,1,1,19
1,0,1,0
2,0,2,0
0,2,2,32
1,0,1,0
1,0,1,0
2,0,2,0
13,0,13,0
1,0,1,0
1,0,1,0
0,3,3,13
6,0,6,0
7,0,7,0
2,0,2,0
1,0,1,0
12,0,12,0
4,0,4,0
9,0,9,0
0,110,110,15
105,0,105,0
0,25,25,10
4,0,4,0
14,0,14,0
0,6,6,2
8,0,8,0
1,0,1,0
0,3,3,3
2,0,2,0
1,0,1,0
3,0,3,0
2,0,2,0
5,0,5,0
7,0,7,0
23,0,23,0
8,0,8,0
1,0,1,0
49,0,49,0
1,0,1,0
0,2,2,2
1,0,1,0
2,0,2,0
0,14,14,45
5,0,5,0
2,0,2,0
1,0,1,0
1,0,1,0
3,0,3,0
0,2,2,48
2,0,2,0
13,0,13,0
9,0,9,0
2,0,2,0
0,1,1,0
1,0,1,0
1,0,1,0
1,0,1,0
0,45,45,7
2,0,2,0
1,0,1,0
15,0,15,0
2,0,2,0
7,0,7,0
0,4,4,26
7,0,7,0
6,0,6,0
4,0,4,0
0,20,20,31
0,1,1,10
0,2,2,190
11,0,11,0
24,0,24,0
46,0,46,0
4,0,4,0
4,0,4,0
0,6,6,3
11,0,11,0
6,0,6,0
4,0,4,0
7,0,7,0
14,0,14,0
0,5,5,1
1,0,1,0
5,0,5,0
3,0,3,0
2,0,2,0
1,0,1,0
47,0,47,0
2,0,2,0
0,36,36,0
4,0,4,0
1,0,1,0
2,0,2,0
7,0,7,0
0,1,1,0
2,0,2,0
2,0,2,0
1,0,1,0
3,0,3,0
0,27,27,16
15,0,15,0
1,0,1,0
5,0,5,0
1,0,1,0
0,6,6,4
1,0,1,0
5,0,5,0
1,0,1,0
1,0,1,0
1,0,1,0
8,0,8,0
0,1,1,21
0,7,7,4
3,0,3,0
3,0,3,0
1,0,1,0
4,0,4,0
2,0,2,0
0,86,86,44
1,0,1,0
0,30,30,7
15,0,15,0
1,0,1,0
52,0,52,0
0,13,13,2
14,0,14,0
1,0,1,0
2,0,2,0
0,65,65,20
13,0,13,0
1,0,1,0
35,0,35,0
1,0,1,0
77,0,77,0
0,3,3,75
2,0,2,0
2,0,2,0
1,0,1,0
7,0,7,0
0,16,16,32
1,0,1,0
6,0,6,0
4,0,4,0
13,0,13,0
0,1,1,9
3,0,3,0
0,4,4,31
0,7,7,45
5,0,5,0
2,0,2,0
4,0,4,0
12,0,12,0
148,0,148,0
24,0,24,0
1,0,1,0
13,0,13,0
11,0,11,0
2,0,2,0
16,0,16,0
3,0,3,0
4,0,4,0
2,0,2,0
0,22,22,0
0,37,37,8
2,0,2,0
4,0,4,0
5,0,5,0
6,0,6,0
1,0,1,0
1,0,1,0
2,0,2,0
2,0,2,0
7,0,7,0
0,1,1,6
8,0,8,0
4,0,4,0
1,0,1,0
0,3,3,16
2,0,2,0
4,0,4,0
0,36,36,8
0,1,1,0
2,0,2,0
0,5,5,5
0,7,7,19
3,0,3,0
9,0,9,0
2,0,2,0
26,0,26,0
0,17,17,107
87,0,87,0
0,15,15,14
2,0,2,0
3,0,3,0
1,0,1,0
0,26,26,7
13,0,13,0
2,0,2,0
1,0,1,0
10,0,10,0
4,0,4,0
3,0,3,0
3,0,3,0
1,0,1,0
0,20,20,16
2,0,2,0
2,0,2,0
3,0,3,0
1,0,1,0
0,115,115,16
9,0,9,0
0,17,17,13
3,0,3,0
0,60,60,13
1,0,1,0
1,0,1,0
5,0,5,0
0,81,81,22
3,0,3,0
186,0,186,0
7,0,7,0
11,0,11,0
1,0,1,0
1,0,1,0
5,0,5,0
7,0,7,0
5,0,5,0
5,0,5,0
1,0,1,0
1,0,1,0
1,0,1,0
1,0,1,0
0,3,3,21
2,0,2,0
10,0,10,0
101,0,101,0
0,1,1,1
11,0,11,0
1,0,1,0
1,0,1,0
5,0,5,0
20,0,20,0
41,0,41,0
0,8,8,27
2,0,2,0
4,0,4,0
1,0,1,0
1,0,1,0
1,0,1,0
1,0,1,0
0,1,1,43
86,0,86,0
1,0,1,0
4,0,4,0
0,2,2,20
5,0,5,0
10,0,10,0
0,4,4,20
1,0,1,0
0,10,10,65
1,0,1,0
2,0,2,0
15,0,15,0
2,0,2,0
4,0,4,0
8,0,8,0
2,0,2,0
0,9,9,48
10,0,10,0
0,6,6,24
2,0,2,0
74,0,74,0
3,0,3,0
1,0,1,0
1,0,1,0
5,0,5,0
1,0,1,0
0,2,2,6
0,15,15,2
6,0,6,0
1,0,1,0
8,0,8,0
0,204,204,8
7,0,7,0
40,0,40,0
0,3,3,11
6,0,6,0
11,0,11,0
0,10,10,10
11,0,11,0
2,0,2,0
0,1,1,2
0,15,15,23
1,0,1,0
3,0,3,0
2,0,2,0
6,0,6,0
9,0,9,0
6,0,6,0
0,143,143,71
5,0,5,0
2,0,2,0
2,0,2,0
1,0,1,0
0,5,5,10
0,9,9,10
6,0,6,0
1,0,1,0
2,0,2,0
8,0,8,0
8,0,8,0
2,0,2,0
2,0,2,0
4,0,4,0
5,0,5,0
28,0,28,0
5,0,5,0
1,0,1,0
0,3,3,0
0,4,4,3
2,0,2,0
0,4,4,1
0,8,8,17
1,0,1,0
0,5,5,2
2,0,2,0
0,2,2,34
0,4,4,13
1,0,1,0
0,1,1,4
1,0,1,0
0,4,4,12
1,0,1,0
0,26,26,25
111,0,111,0
1,0,1,0
9,0,9,0
1,0,1,0
3,0,3,0
3,0,3,0
1,0,1,0
20,0,20,0
4,0,4,0
6,0,6,0
0,9,9,44
3,168,171,72
2,0,2,0
1,0,1,0
10,0,10,0
1,0,1,0
25,0,25,0
1,0,1,0
0,8,8,3
0,2,2,47
3,0,3,0
24,0,24,0
0,26,26,97
0,1,1,0
4,0,4,0
0,77,77,30
2,0,2,0
3,0,3,0
2,0,2,0
6,0,6,0
0,2,2,182
1,0,1,0
14,0,14,0
0,83,83,55
1,0,1,0
6,0,6,0
0,14,14,53
18,0,18,0
4,0,4,0
6,0,6,0
0,1,1,6
0,12,12,0
2,0,2,0
0,3,3,8
13,0,13,0
14,0,14,0
0,1,1,126
2,0,2,0
1,0,1,0
0,7,7,4
0,13,13,55
11,0,11,0
2,0,2,0
1,0,1,0
4,0,4,0
6,0,6,0
1,0,1,0
50,0,50,0
10,0,10,0
0,6,6,103
10,0,10,0
38,0,38,0
0,12,12,46
12,0,12,0
1,0,1,0
0,3,3,84
1,0,1,0
74,0,74,0
0,3,3,15
0,12,12,29
2,0,2,0
0,3,3,12
7,0,7,0
2,0,2,0
8,0,8,0
0,2,2,6
0,24,24,11
0,84,84,0
1,0,1,0
0,5,5,3
0,17,17,151
0,29,29,19
1,0,1,0
9,0,9,0
20,0,20,0
1,0,1,0
2,0,2,0
3,0,3,0
1,0,1,0
7,0,7,0
7,0,7,0
0,140,140,18
1,0,1,0
22,0,22,0
1,0,1,0
3,0,3,0
10,0,10,0
1,1,2,33
1,0,1,0
2,0,2,0
0,35,35,1
33,0,33,0
1,0,1,0
2,0,2,0
0,4,4,1
4,0,4,0
0,1,1,0
8,0,8,0
3,0,3,0
10,0,10,0
0,22,22,9
1,0,1,0
1,0,1,0
0,1,1,27
5,0,5,0
0,2,2,61
7,0,7,0
24,0,24,0
7,0,7,0
0,57,57,36
7,0,7,0
1,0,1,0
3,0,3,0
0,99,99,113
1,0,1,0
1,0,1,0
0,5,5,71
0,2,2,34
1,0,1,0
1,0,1,0
15,0,15,0
5,0,5,0
5,0,5,0
3,0,3,0
14,0,14,0
7,0,7,0
2,0,2,0
2,0,2,0
9,0,9,0
5,0,5,0
54,0,54,0
53,0,53,0
11,0,11,0
2,0,2,0
3,0,3,0
0,20,20,65
1,0,1,0
0,9,9,61
9,0,9,0
1,0,1,0
35,0,35,0
23,0,23,0
0,4,4,28
33,0,33,0
4,0,4,0
2,0,2,0
238,0,238,0
0,7,7,15
1,0,1,0
3,0,3,0
1,0,1,0
2,0,2,0
1,0,1,0
159,0,159,0
1,0,1,0
0,2,2,11
2,0,2,0
1,0,1,0
0,131,131,46
16,0,16,0
2,0,2,0
48,0,48,0
1,0,1,0
4,0,4,0
1,0,1,0
0,13,13,1
0,234,234,41
3,0,3,0
4,0,4,0
5,0,5,0
0,7,7,8
2,0,2,0
5,0,5,0
2,0,2,0
1,0,1,0
0,2,2,44
4,0,4,0
1,0,1,0
0,1,1,0
3,0,3,0
1,0,1,0
0,26,26,46
0,2,2,8
0,12,12,2
4,0,4,0
2,0,2,0
9,0,9,0
1,0,1,0
0,79,79,35
3,0,3,0
0,1,1,8
3,0,3,0
0,2,2,6
5,0,5,0
0,1,1,16
32,0,32,0
3,0,3,0
3,0,3,0
1,0,1,0
0,12,12,16
7,0,7,0
0,78,78,66
1,0,1,0
0,1,1,17
0,25,25,69
1,0,1,0
1,0,1,0
3,0,3,0
0,1,1,12
0,4,4,17
2,0,2,0
1,0,1,0
3,0,3,0
1,0,1,0
3,0,3,0
2,0,2,0
1,0,1,0
1,0,1,0
3,0,3,0
10,0,10,0
2,0,2,0
0,767,767,42
0,3,3,49
2,0,2,0
3,0,3,0
16,0,16,0
1,0,1,0
1,0,1,0
0,2,2,0
1,0,1,0
7,0,7,0
0,889,889,13
2,0,2,0
2,0,2,0
13,0,13,0
29,0,29,0
0,16,16,62
3,0,3,0
11,0,11,0
7,0,7,0
2,0,2,0
0,67,67,29
1,0,1,0
1,0,1,0
0,224,224,43
2,0,2,0
0,5,5,37
3,0,3,0
0,8,8,47
9,0,9,0
1,0,1,0
0,14,14,0
9,0,9,0
2,0,2,0
82,0,82,0
3,0,3,0
3,0,3,0
0,408,408,60
0,186,186,36
0,2,2,13
1,0,1,0
1,0,1,0
2,0,2,0
0,40,40,18
4,0,4,0
0,6,6,21
2,0,2,0
0,19,19,12
5,0,5,0
0,2,2,69
1,0,1,0
1,0,1,0
0,13,13,16
0,16,16,1
6,0,6,0
11,0,11,0
1,0,1,0
1,0,1,0
8,0,8,0
1,0,1,0
26,0,26,0
1,0,1,0
1,0,1,0
0,19,19,40
1,0,1,0
6,0,6,0
12,0,12,0
0,149,149,26
4,0,4,0
40,0,40,0
1,0,1,0
1,0,1,0
1,0,1,0
2,0,2,0
0,1,1,8
9,0,9,0
6,0,6,0
2,0,2,0
4,0,4,0
2,0,2,0
5,0,5,0
0,49,49,2
12,0,12,0
0,20,20,4
2,0,2,0
9,0,9,0
1,0,1,0
3,0,3,0
5,0,5,0
7,0,7,0
0,3,3,108
6,0,6,0
8,0,8,0
1,0,1,0
4,0,4,0
2,0,2,0
5,0,5,0
0,6,6,9
3,0,3,0
19,0,19,0
0,1,1,1
3,0,3,0
13,0,13,0
12,0,12,0
1,0,1,0
0,2,2,3
1,0,1,0
5,0,5,0
5,0,5,0
0,3,3,13
2,0,2,0
1,0,1,0
3,0,3,0
0,1,1,1
5,0,5,0
6,0,6,0
3,0,3,0
19,0,19,0
0,9,9,6
7,0,7,0
4,0,4,0
3,0,3,0
5,0,5,0
0,1,1,9
0,5,5,151
1,0,1,0
4,0,4,0
0,8,8,63
1,0,1,0
0,1,1,0
1,0,1,0
32,0,32,0
1,0,1,0
32,0,32,0
0,28,28,44
1,0,1,0
135,0,135,0
1,0,1,0
4,0,4,0
1,0,1,0
0,3,3,5
7,0,7,0
2,0,2,0
0,6,6,1
8,0,8,0
3,0,3,0
34,0,34,0
0,4,4,16
3,0,3,0
3,0,3,0
2,0,2,0
0,6,6,22
0,1,1,0
27,0,27,0
0,6,6,2
2,0,2,0
1,0,1,0
1,0,1,0
1,0,1,0
11,0,11,0
5,0,5,0
1,0,1,0
13,0,13,0
1,0,1,0
9,0,9,0
6,0,6,0
3,0,3,0
0,1,1,154
1,0,1,0
1,0,1,0
0,2,2,56
4,0,4,0
74,0,74,0
2,0,2,0
3,0,3,0
0,1,1,54
12,0,12,0
0,14,14,12
1,0,1,0
56,0,56,0
3,0,3,0
1,0,1,0
2,0,2,0
4,0,4,0
6,0,6,0
0,8,8,2
4,0,4,0
22,0,22,0
1,0,1,0
1,0,1,0
28,0,28,0
0,156,156,3
0,1,1,25
5,0,5,0
1,0,1,0
12,0,12,0
4,0,4,0
1,0,1,0
11,0,11,0
10,0,10,0
10,0,10,0
0,6,6,15
52,0,52,0
0,2,2,40
1,0,1,0
13,0,13,0
0,8,8,14
0,4,4,22
1,0,1,0
0,70,70,47
2,0,2,0
13,0,13,0
1,0,1,0
0,130,130,3
2,0,2,0
0,3,3,11
2,0,2,0
15,0,15,0
13,0,13,0
0,6,6,9
25,0,25,0
112,0,112,0
59,0,59,0
2,0,2,0
17,0,17,0
13,0,13,0
0,6,6,4
1,0,1,0
1,0,1,0
53,0,53,0
1,0,1,0
2,0,2,0
10,0,10,0
0,246,246,25
15,0,15,0
6,0,6,0
0,29,29,14
4,0,4,0
0,28,28,20
2,0,2,0
4,0,4,0
12,0,12,0
0,26,26,40
1,0,1,0
1,0,1,0
2,0,2,0
0,4,4,18
0,17,17,2
2,0,2,0
0,12,12,51
6,0,6,0
0,4,4,30
0,211,211,18
1,0,1,0
4,0,4,0
0,3,3,25
1,0,1,0
0,17,17,5
2,0,2,0
2,0,2,0
0,1,1,28
53,0,53,0
1,0,1,0
3,0,3,0
50,0,50,0
4,0,4,0
2,0,2,0
1,0,1,0
0,79,79,42
0,3,3,0
4,0,4,0
4,0,4,0
2,0,2,0
1,0,1,0
2,0,2,0
1,0,1,0
1,0,1,0
26,0,26,0
0,2,2,17
3,0,3,0
0,11,11,1
7,0,7,0
0,40,40,7
4,0,4,0
2,0,2,0
3,0,3,0
1,0,1,0
4,0,4,0
0,19,19,7
2,0,2,0
32,0,32,0
89,0,89,0
1,0,1,0
134,0,134,0
1,0,1,0
1,0,1,0
3,0,3,0
0,2,2,7
34,0,34,0
0,1,1,2
22,0,22,0
1,0,1,0
0,244,244,263
5,0,5,0
4,0,4,0
3,0,3,0
2,0,2,0
0,1,1,9
2,0,2,0
1,0,1,0
0,3,3,51
3,0,3,0
4,0,4,0
0,1,1,30
2,0,2,0
1,0,1,0
0,4,4,17
2,0,2,0
0,412,412,74
2,0,2,0
2,0,2,0
1,0,1,0
0,447,447,63
113,0,113,0
471,0,471,0
0,12,12,2
0,160,160,12
3,0,3,0
0,33,33,36
2,0,2,0
1,0,1,0
2,0,2,0
8,0,8,0
45,0,45,0
0,1,1,23
0,178,178,30
0,71,71,37
1,0,1,0
38,0,38,0
9,0,9,0
18,0,18,0
0,15,15,12
1,0,1,0
13,0,13,0
0,5,5,31
3,0,3,0
29,0,29,0
0,1,1,0
4,0,4,0
3,0,3,0
2,0,2,0
0,41,41,8
1,0,1,0
67,0,67,0
2,0,2,0
1,0,1,0
0,17,17,7
0,31,31,25
50,0,50,0
19,0,19,0
74,0,74,0
1,0,1,0
1,0,1,0
1,0,1,0
1,0,1,0
0,50,50,9
1,0,1,0
0,11,11,1
0,6,6,6
5,0,5,0
0,1,1,2
1,0,1,0
1,0,1,0
0,32,32,20
30,0,30,0
0,5,5,3
0,31,31,55
1,0,1,0
1,0,1,0
2,0,2,0
1,0,1,0
19,0,19,0
9,0,9,0
0,5,5,25
11,0,11,0
0,2,2,21
0,7,7,42
1,0,1,0
1,0,1,0
1,0,1,0
2,0,2,0
1,0,1,0
3,0,3,0
1,0,1,0
1,0,1,0
8,0,8,0
8,0,8,0
2,0,2,0
9,0,9,0
6,0,6,0
1,0,1,0
0,47,47,14
1,0,1,0
1,0,1,0
1,0,1,0
4,0,4,0
1,0,1,0
0,128,128,21
94,0,94,0
0,134,134,15
12,0,12,0
1,0,1,0
0,11,11,5
2,0,2,0
1,0,1,0
13,0,13,0
16,0,16,0
3,0,3,0
7,0,7,0
5,0,5,0
1,0,1,0
10,0,10,0
6,0,6,0
2,0,2,0
2,0,2,0
1,0,1,0
1,0,1,0
2,0,2,0
2,0,2,0
1,0,1,0
40,0,40,0
8,0,8,0
12,0,12,0
5,0,5,0
7,0,7,0
7,0,7,0
1,0,1,0
1,0,1,0
0,275,275,43
272,0,272,0
105,0,105,0
8,0,8,0
10,0,10,0
1,0,1,0
0,538,538,28
96,0,96,0
0,6,6,2
0,1,1,5
2,0,2,0
194,0,194,0
2,0,2,0
10,0,10,0
5,0,5,0
1,0,1,0
0,12,12,14
0,117,117,43
0,37,37,81
1,0,1,0
0,1,1,5
8,0,8,0
0,2,2,7
2,0,2,0
0,6,6,30
3,0,3,0
0,10,10,23
1,0,1,0
1,0,1,0
0,16,16,5
7,0,7,0
0,1,1,4
1,0,1,0
0,1,1,14
17,0,17,0
0,27,27,24
0,84,84,9
0,1,1,1
19,0,19,0
0,61,61,133
1,0,1,0
15,0,15,0
4,0,4,0
0,2,2,79
73,0,73,0
68,0,68,0
39,0,39,0
6,0,6,0
20,0,20,0
1,0,1,0
9,0,9,0
2,0,2,0
0,3,3,28
1,0,1,0
1,0,1,0
1,0,1,0
3,0,3,0
2,0,2,0
6,0,6,0
1,0,1,0
1,0,1,0
4,0,4,0
5,0,5,0
1,0,1,0
4,0,4,0
3,0,3,0
1,0,1,0
19,0,19,0
0,2,2,1
126,0,126,0
11,0,11,0
3,0,3,0
4,0,4,0
4,0,4,0
1,0,1,0
5,0,5,0
1,0,1,0
2,0,2,0
1,0,1,0
2,0,2,0
5,0,5,0
0,30,30,25
2,0,2,0
30,0,30,0
2,0,2,0
28,0,28,0
1,0,1,0
1,0,1,0
2,0,2,0
1,0,1,0
15,0,15,0
3,0,3,0
2,0,2,0
0,6,6,23
5,0,5,0
2,0,2,0
0,24,24,1
2,0,2,0
4,0,4,0
56,0,56,0
1,0,1,0
1,0,1,0
2,0,2,0
2,0,2,0
1,0,1,0
0,21,21,25
14,0,14,0
2,0,2,0
0,1,1,4
7,0,7,0
1,0,1,0
0,1,1,12
0,6,6,5
11,0,11,0
230,0,230,0
0,53,53,5
6,0,6,0
10,0,10,0
19,0,19,0
3,0,3,0
2,0,2,0
7,0,7,0
32,0,32,0
7,0,7,0
0,1,1,17
0,1,1,2
3,0,3,0
1,0,1,0
3,0,3,0
2,0,2,0
54,0,54,0
32,0,32,0
1,0,1,0
9,0,9,0
1,0,1,0
2,0,2,0
20,0,20,0
1,0,1,0
1,0,1,0
1,0,1,0
0,14,14,53
1,0,1,0
0,8,8,1
11,0,11,0
59,0,59,0
0,58,58,26
4,0,4,0
11,0,11,0
14,0,14,0
0,4,4,10
5,0,5,0
0,1,1,17
6,0,6,0
0,162,162,68
4,0,4,0
4,0,4,0
3,0,3,0
1,0,1,0
1,0,1,0
1,0,1,0
3,0,3,0
2,0,2,0
2,0,2,0
0,143,143,24
5,0,5,0
2,0,2,0
2,0,2,0
2,0,2,0
3,0,3,0
0,68,68,14
0,4,4,0
0,1,1,2
0,7,7,37
3,0,3,0
0,177,177,38
1,0,1,0
1,0,1,0
3,0,3,0
3,0,3,0
38,0,38,0
0,13,13,11
0,47,47,46
0,25,25,3
1,0,1,0
13,0,13,0
3,0,3,0
0,1,1,0
2,0,2,0
2,0,2,0
4,0,4,0
0,92,92,6
4,0,4,0
32,0,32,0
28,0,28,0
2,0,2,0
41,0,41,0
2,0,2,0
4,0,4,0
8,0,8,0
0,1,1,1
1,0,1,0
13,0,13,0
22,0,22,0
3,0,3,0
3,0,3,0
2,0,2,0
0,19,19,4
86,0,86,0
3,0,3,0
10,0,10,0
1,0,1,0
2,0,2,0
8,0,8,0
1,0,1,0
2,0,2,0
5,0,5,0
105,0,105,0
2,0,2,0
0,1,1,67
4,0,4,0
0,2,2,1
4,0,4,0
3,0,3,0
0,1,1,2
3,0,3,0
5,0,5,0
2,0,2,0
0,39,39,51
4,0,4,0
0,2,2,5
1,0,1,0
1,0,1,0
1,0,1,0
3,0,3,0
3,0,3,0
8,0,8,0
0,224,224,37
7,0,7,0
3,0,3,0
3,0,3,0
19,0,19,0
2,0,2,0
1,0,1,0
24,0,24,0
1,0,1,0
1,0,1,0
17,0,17,0
1,0,1,0
8,0,8,0
2,0,2,0
58,0,58,0
2,0,2,0
5,0,5,0
0,1,1,3
3,0,3,0
17,0,17,0
1,0,1,0
12,0,12,0
1,0,1,0
1,0,1,0
6,0,6,0
0,7,7,19
2,0,2,0
3,0,3,0
9,0,9,0
1,0,1,0
3,0,3,0
0,14,14,19
0,1,1,9
24,0,24,0
1,0,1,0
11,0,11,0
0,3,3,1
7,0,7,0
9,0,9,0
5,0,5,0
3,0,3,0
10,0,10,0
1,0,1,0
0,3,3,7
0,14,14,180
1,0,1,0
32,0,32,0
4,0,4,0
0,8,8,29
1,0,1,0
0,7,7,13
21,0,21,0
0,158,158,170
8,0,8,0
4,0,4,0
21,0,21,0
0,6,6,7
0,7,7,5
3,0,3,0
28,0,28,0
4,0,4,0
97,0,97,0
0,2,2,2
1,0,1,0
2,0,2,0
3,0,3,0
3,0,3,0
2,0,2,0
6,0,6,0
10,0,10,0
9,0,9,0
9,0,9,0
17,0,17,0
0,1,1,8
1,0,1,0
3,0,3,0
1,0,1,0
0,1,1,0
4,0,4,0
0,1,1,2
1,0,1,0
3,0,3,0
3,0,3,0
2,0,2,0
3,0,3,0
0,78,78,3
10,0,10,0
5,0,5,0
0,1,1,2
4,0,4,0
1,0,1,0
5,0,5,0
8,0,8,0
16,0,16,0
1,0,1,0
3,0,3,0
2,0,2,0
0,2,2,1
5,0,5,0
3,0,3,0
1,0,1,0
0,7,7,10
0,130,130,37
3,0,3,0
4,0,4,0
1,0,1,0
0,10,10,33
0,14,14,12
23,0,23,0
0,4,4,8
1,0,1,0
3,0,3,0
3,0,3,0
22,0,22,0
1,0,1,0
1,0,1,0
31,0,31,0
2,0,2,0
9,0,9,0
7,0,7,0
7,0,7,0
6,0,6,0
6,0,6,0
260,0,260,0
4,0,4,0
1,0,1,0
5,0,5,0
6,0,6,0
10,0,10,0
2,0,2,0
59,0,59,0
106,0,106,0
3,0,3,0
0,32,32,28
6,0,6,0
2,0,2,0
1,0,1,0
0,84,84,39
3,0,3,0
14,0,14,0
0,74,74,21
0,7,7,9
9,0,9,0
2,0,2,0
8,0,8,0
2,0,2,0
0,7,7,63
1,0,1,0
0,1,1,21
18,0,18,0
0,9,9,2
3,0,3,0
25,0,25,0
0,3,3,18
0,52,52,36
1,0,1,0
3,0,3,0
3,0,3,0
2,0,2,0
7,0,7,0
1,0,1,0
3,0,3,0
67,0,67,0
0,1,1,18
1,0,1,0
2,0,2,0
110,0,110,0
6,0,6,0
15,0,15,0
3,0,3,0
0,73,73,116
1,0,1,0
6,0,6,0
3,0,3,0
37,0,37,0
0,2,2,13
1,0,1,0
6,0,6,0
3,0,3,0
0,2,2,3
3,0,3,0
3,0,3,0
4,0,4,0
18,0,18,0
2,0,2,0
0,1,1,31
0,6,6,1
1,0,1,0
1,0,1,0
2,0,2,0
1,0,1,0
16,0,16,0
0,2,2,6
0,5,5,17
4,0,4,0
1,0,1,0
2,0,2,0
0,1,1,0
1,0,1,0
5,0,5,0
0,10,10,2
3,0,3,0
0,4,4,0
5,0,5,0
5,0,5,0
0,8,8,13
2,0,2,0
0,23,23,18
5,0,5,0
1,0,1,0
0,27,27,28
1,0,1,0
5,0,5,0
2,0,2,0
0,192,192,9
1,0,1,0
1,0,1,0
9,0,9,0
3,0,3,0
0,25,25,11
1,0,1,0
3,0,3,0
0,1,1,14
7,0,7,0
1,0,1,0
0,50,50,1
4,0,4,0
0,3,3,79
1,0,1,0
0,1,1,0
70,0,70,0
39,0,39,0
1,0,1,0
1,0,1,0
4,0,4,0
33,0,33,0
0,1,1,4
1,0,1,0
0,3,3,30
6,0,6,0
4,0,4,0
1,0,1,0
0,4,4,9
20,0,20,0
0,4,4,2
5,0,5,0
7,0,7,0
0,13,13,110
3,0,3,0
10,0,10,0
1,0,1,0
2,0,2,0
1,0,1,0
1,0,1,0
35,0,35,0
0,5,5,75
0,55,55,0
2,0,2,0
4,0,4,0
0,7,7,0
9,0,9,0
0,2,2,3
2,0,2,0
14,0,14,0
1,0,1,0
0,2,2,1
3,0,3,0
1,0,1,0
0,4,4,6
0,13,13,10
17,0,17,0
13,0,13,0
0,16,16,3
0,1,1,1
2,0,2,0
0,1,1,13
3,0,3,0
3,0,3,0
18,0,18,0
49,0,49,0
0,3,3,93
5,0,5,0
0,1,1,18
2,0,2,0
0,3,3,13
0,1,1,9
0,14,14,5
0,1,1,0
13,0,13,0
0,1,1,405
6,0,6,0
1,0,1,0
0,1,1,4
3,0,3,0
7,0,7,0
3,0,3,0
3,0,3,0
1,0,1,0
0,2,2,1
0,2,2,7
6,0,6,0
2,0,2,0
1,0,1,0
1,0,1,0
1,0,1,0
0,76,76,19
12,0,12,0
31,0,31,0
0,5,5,45
1,0,1,0
0,15,15,15
164,0,164,0
0,6,6,10
0,4,4,9
1,0,1,0
10,0,10,0
2,0,2,0
0,815,815,28
1,0,1,0
2,0,2,0
5,0,5,0
4,0,4,0
1,0,1,0
0,505,505,32
1,0,1,0
4,0,4,0
3,0,3,0
1,0,1,0
6,0,6,0
0,2,2,40
0,57,57,45
11,0,11,0
2,0,2,0
6,0,6,0
1,0,1,0
0,5,5,110
1,0,1,0
2,0,2,0
0,774,774,76
22,0,22,0
0,47,47,75
1,0,1,0
0,39,39,88
5,0,5,0
3,0,3,0
0,11,11,12
0,8,8,10
3,0,3,0
5,0,5,0
0,145,145,140
1,0,1,0
50,0,50,0
3,0,3,0
1,0,1,0
1,0,1,0
16,0,16,0
0,26,26,14
17,0,17,0
3,0,3,0
0,323,323,34
94,0,94,0
0,99,99,9
0,1,1,23
2,0,2,0
0,8,8,22
8,0,8,0
0,33,33,0
10,0,10,0
0,5,5,0
3,0,3,0
3,0,3,0
8,0,8,0
1,0,1,0
0,5,5,4
1,0,1,0
2,0,2,0
3,0,3,0
1,0,1,0
0,50,50,94
34,0,34,0
13,0,13,0
0,12,12,30
5,0,5,0
0,2,2,0
0,90,90,29
66,0,66,0
3,0,3,0
4,0,4,0
11,0,11,0
0,6,6,8
0,4,4,21
9,0,9,0
1,0,1,0
4,0,4,0
2,0,2,0
0,66,66,42
1,0,1,0
7,0,7,0
0,3,3,0
3,0,3,0
2,0,2,0
0,1,1,11
3,0,3,0
1,0,1,0
0,51,51,19
0,3,3,51
3,0,3,0
0,20,20,21
0,118,118,20
5,0,5,0
0,52,52,66
0,301,301,28
0,1,1,1
6,0,6,0
25,0,25,0
7,0,7,0
4,0,4,0
14,0,14,0
29,0,29,0
1,0,1,0
3,0,3,0
0,43,43,8
0,3,3,34
3,0,3,0
2,0,2,0
2,0,2,0
3,0,3,0
5,0,5,0
4,0,4,0
18,0,18,0
0,285,285,20
0,11,11,11
6,0,6,0
0,4,4,8
0,3,3,0
27,0,27,0
1,0,1,0
5,0,5,0
0,22,22,44
0,6,6,1
0,10,10,184
1,0,1,0
0,3,3,3
3,0,3,0
4,0,4,0
1,0,1,0
2,0,2,0
8,0,8,0
0,2,2,5
1,0,1,0
3,0,3,0
24,0,24,0
70,0,70,0
1,0,1,0
3,0,3,0
2,0,2,0
3,0,3,0
1,0,1,0
6,0,6,0
3,0,3,0
1,0,1,0
0,8,8,11
7,0,7,0
13,0,13,0
8,0,8,0
1,0,1,0
0,1,1,80
7,0,7,0
0,3,3,17
10,0,10,0
41,0,41,0
4,0,4,0
3,0,3,0
1,0,1,0
0,248,248,75
1,0,1,0
1,0,1,0
3,0,3,0
0,109,109,12
0,1,1,26
1,0,1,0
1,0,1,0
14,0,14,0
0,25,25,20
62,0,62,0
1,0,1,0
0,36,36,33
1,0,1,0
0,54,54,6
5,0,5,0
0,21,21,8
4,0,4,0
4,0,4,0
1,0,1,0
9,0,9,0
1,0,1,0
2,0,2,0
6,0,6,0
1,0,1,0
0,16,16,29
4,0,4,0
6,0,6,0
0,3,3,5
7,0,7,0
5,0,5,0
0,8,8,2
5,0,5,0
1,0,1,0
1,0,1,0
1,0,1,0
0,47,47,47
16,0,16,0
2,0,2,0
0,2,2,40
1,0,1,0
0,1,1,69
1,0,1,0
0,1,1,1
0,3,3,7
3,0,3,0
3,0,3,0
1,0,1,0
1,0,1,0
4,0,4,0
19,0,19,0
7,0,7,0
2,0,2,0
1,0,1,0
4,0,4,0
2,0,2,0
1,0,1,0
2,0,2,0
4,0,4,0
1,0,1,0
3,0,3,0
1,0,1,0
1,0,1,0
94,0,94,0
1,0,1,0
3,0,3,0
1,0,1,0
0,2,2,7
1,0,1,0
1,0,1,0
0,2,2,1
1,0,1,0
7,0,7,0
4,0,4,0
2,0,2,0
2,0,2,0
7,0,7,0
0,2,2,18
0,10,10,0
8,0,8,0
1,0,1,0
41,0,41,0
1,0,1,0
1,0,1,0
8,0,8,0
3,0,3,0
2,0,2,0
0,25,25,16
2,0,2,0
5,0,5,0
6,0,6,0
52,0,52,0
2,0,2,0
13,0,13,0
16,0,16,0
0,1,1,35
0,8,8,169
6,0,6,0
3,0,3,0
0,80,80,23
2,0,2,0
2,0,2,0
1,0,1,0
11,0,11,0
0,5,5,48
30,0,30,0
4,0,4,0
0,76,76,20
1,0,1,0
2,0,2,0
13,0,13,0
0,1,1,58
20,0,20,0
19,0,19,0
4,0,4,0
4,0,4,0
0,2,2,15
0,11,11,33
1,0,1,0
2,0,2,0
0,18,18,19
4,0,4,0
1,0,1,0
3,0,3,0
0,4,4,0
2,0,2,0
9,0,9,0
16,0,16,0
2,0,2,0
0,1,1,4
2,0,2,0
2,0,2,0
1,0,1,0
0,2,2,28
0,9,9,17
4,0,4,0
0,1,1,8
14,0,14,0
8,0,8,0
1,0,1,0
17,0,17,0
61,0,61,0
19,0,19,0
1,0,1,0
0,332,332,35
2,0,2,0
10,0,10,0
1,0,1,0
0,6,6,29
4,0,4,0
0,243,243,14
2,0,2,0
2,0,2,0
4,0,4,0
0,15,15,36
3,0,3,0
0,7,7,12
4,0,4,0
10,0,10,0
3,0,3,0
1,0,1,0
8,0,8,0
3,0,3,0
8,0,8,0
0,1,1,13
1,0,1,0
7,0,7,0
2,0,2,0
0,3,3,21
0,76,76,137
5,0,5,0
0,28,28,27
9,0,9,0
0,4,4,4
1,0,1,0
1,0,1,0
1,0,1,0
3,0,3,0
4,0,4,0
0,29,29,38
1,0,1,0
0,233,233,14
5,0,5,0
1,0,1,0
0,7,7,17
12,0,12,0
10,0,10,0
1,0,1,0
3,0,3,0
0,521,521,71
22,0,22,0
4,0,4,0
1,0,1,0
6,0,6,0
1,0,1,0
0,131,131,1
0,2,2,61
0,1,1,12
0,4,4,0
6,0,6,0
1,0,1,0
4,0,4,0
0,4,4,31
8,0,8,0
0,1,1,9
6,0,6,0
0,16,16,0
0,1,1,17
2,0,2,0
3,0,3,0
4,0,4,0
16,0,16,0
7,0,7,0
0,241,241,8
231,0,231,0
5,0,5,0
0,29,29,2
0,24,24,5
11,0,11,0
1,0,1,0
1,0,1,0
6,0,6,0
0,161,161,67
6,0,6,0
1,0,1,0
4,0,4,0
4,0,4,0
0,2,2,38
5,0,5,0
16,0,16,0
1,0,1,0
15,0,15,0
1,0,1,0
1,0,1,0
2,0,2,0
2,0,2,0
17,0,17,0
0,6,6,23
2,0,2,0
1,0,1,0
106,0,106,0
0,11,11,0
1,0,1,0
3,0,3,0
2,0,2,0
2,0,2,0
0,142,142,81
13,0,13,0
0,2,2,11
11,0,11,0
2,0,2,0
0,12,12,108
7,0,7,0
0,4,4,3
16,0,16,0
0,21,21,19
227,0,227,0
0,1,1,1
0,17,17,19
0,1,1,30
3,0,3,0
2,0,2,0
3,0,3,0
1,0,1,0
4,0,4,0
1,0,1,0
0,1,1,3
18,0,18,0
2,0,2,0
10,0,10,0
4,0,4,0
1,0,1,0
0,23,23,6
2,0,2,0
6,0,6,0
3,0,3,0
0,16,16,29
0,7,7,1
2,0,2,0
2,0,2,0
41,0,41,0
6,0,6,0
28,0,28,0
1,0,1,0
0,62,62,25
0,13,13,6
1,0,1,0
9,0,9,0
8,0,8,0
0,28,28,15
2,0,2,0
7,0,7,0
0,16,16,58
9,0,9,0
354,0,354,0
8,0,8,0
0,7,7,33
8,0,8,0
1,0,1,0
0,1,1,8
3,0,3,0
4,0,4,0
11,0,11,0
2,0,2,0
2,0,2,0
1,0,1,0
0,13,13,14
1,0,1,0
0,1,1,26
0,3,3,8
1,0,1,0
2,0,2,0
2,0,2,0
8,0,8,0
0,1,1,0
1,0,1,0
2,0,2,0
4,0,4,0
2,0,2,0
2,0,2,0
1,0,1,0
0,6,6,3
0,2,2,32
1,0,1,0
1,0,1,0
0,1499,1499,70
1,0,1,0
74,0,74,0
3,0,3,0
0,8,8,20
0,33,33,18
0,4,4,1
0,31,31,2
0,19,19,6
5,0,5,0
31,0,31,0
2,0,2,0
5,0,5,0
1,0,1,0
2,0,2,0
0,4,4,7
1,0,1,0
1,0,1,0
1,0,1,0
0,9,9,19
0,32,32,14
2,0,2,0
7,0,7,0
1,0,1,0
1,0,1,0
0,1,1,1
0,32,32,9
0,4,4,3
1,0,1,0
6,0,6,0
9,0,9,0
1,0,1,0
3,0,3,0
11,0,11,0
1,0,1,0
12,0,12,0
1,0,1,0
4,0,4,0
1,0,1,0
7,0,7,0
20,0,20,0
2,0,2,0
1,0,1,0
7,0,7,0
2,0,2,0
8,0,8,0
0,159,159,28
50,0,50,0
3,0,3,0
0,2,2,80
27,0,27,0
1,0,1,0
2,0,2,0
0,2,2,108
2,0,2,0
9,0,9,0
1,0,1,0
1,0,1,0
0,33,33,43
6,0,6,0
8,0,8,0
3,0,3,0
2,0,2,0
0,1,1,23
1,0,1,0
1,0,1,0
0,7,7,0
1,0,1,0
4,0,4,0
7,0,7,0
1,0,1,0
0,1,1,161
4,0,4,0
1,0,1,0
1,0,1,0
5,0,5,0
1,0,1,0
0,2,2,9
0,6,6,4
10,0,10,0
1,0,1,0
1,0,1,0
13,0,13,0
78,0,78,0
1,0,1,0
4,0,4,0
6,0,6,0
1,0,1,0
68,0,68,0
1,0,1,0
1,0,1,0
1,0,1,0
1,0,1,0
2,0,2,0
16,0,16,0
1,0,1,0
7,0,7,0
3,0,3,0
0,4,4,6
2,0,2,0
0,15,15,2
0,48,48,5
2,0,2,0
348,0,348,0
0,3,3,4
2,0,2,0
44,0,44,0
0,1,1,6
0,24,24,42
1,0,1,0
7,0,7,0
1,0,1,0
2,0,2,0
9,0,9,0
0,3,3,0
4,0,4,0
0,2,2,243
3,0,3,0
1,0,1,0
2,0,2,0
1,0,1,0
1,0,1,0
1,0,1,0
0,4,4,13
0,5,5,3
0,4,4,3
1,0,1,0
1,0,1,0
4,0,4,0
0,1,1,7
1,0,1,0
1,0,1,0
1,0,1,0
3,0,3,0
0,62,62,13
0,1,1,3
1,0,1,0
0,7,7,32
1,0,1,0
0,1,1,1
7,0,7,0
1,0,1,0
2,0,2,0
0,7,7,3
0,49,49,3
91,0,91,0
8,0,8,0
0,9,9,10
9,0,9,0
2,0,2,0
1,0,1,0
1,0,1,0
32,0,32,0
0,2,2,10
1,0,1,0
0,2,2,9
2,0,2,0
2,0,2,0
75,0,75,0
0,3,3,14
1,0,1,0
5,0,5,0
1,0,1,0
5,0,5,0
0,2,2,12
2,0,2,0
1,0,1,0
3,0,3,0
0,8,8,62
4,0,4,0
0,2,2,8
2,0,2,0
2,0,2,0
1,0,1,0
7,0,7,0
8,0,8,0
3,0,3,0
1,0,1,0
1,0,1,0
0,1,1,2
34,0,34,0
0,1,1,94
2,0,2,0
1,0,1,0
1,0,1,0
0,19,19,11
5,0,5,0
2,0,2,0
0,199,199,55
5,0,5,0
0,40,40,62
0,1,1,5
3,0,3,0
7,0,7,0
2,0,2,0
63,0,63,0
2,0,2,0
15,0,15,0
2,0,2,0
1,0,1,0
4,0,4,0
6,0,6,0
4,0,4,0
4,0,4,0
0,11,11,5
0,10,10,8
3,0,3,0
3,0,3,0
22,0,22,0
1,0,1,0
2,0,2,0
1,0,1,0
2,0,2,0
0,12,12,1
0,5,5,14
1,0,1,0
0,1,1,4
0,10,10,4
5,0,5,0
4,0,4,0
1,0,1,0
0,63,63,26
41,0,41,0
0,36,36,14
21,0,21,0
2,0,2,0
1,0,1,0
1,0,1,0
1,0,1,0
0,8,8,17
2,0,2,0
2,0,2,0
0,1,1,12
1,0,1,0
1,0,1,0
18,0,18,0
1,0,1,0
3,0,3,0
0,130,130,155
19,0,19,0
5,0,5,0
3,0,3,0
3,0,3,0
0,190,190,71
41,0,41,0
1,0,1,0
0,10,10,0
6,0,6,0
4,0,4,0
0,10,10,1
2,0,2,0
1,0,1,0
1,0,1,0
0,56,56,39
25,0,25,0
2,0,2,0
1,0,1,0
0,13,13,1
0,3,3,11
3,0,3,0
0,10,10,3
10,0,10,0
14,0,14,0
2,0,2,0
6,0,6,0
6,0,6,0
5,0,5,0
4,0,4,0
2,0,2,0
1,0,1,0
3,0,3,0
27,0,27,0
12,0,12,0
5,0,5,0
2,0,2,0
1,0,1,0
9,0,9,0
1,0,1,0
1,0,1,0
2,0,2,0
3,0,3,0
0,2,2,25
1,0,1,0
2,0,2,0
4,0,4,0
2,0,2,0
1,0,1,0
24,0,24,0
93,0,93,0
1,0,1,0
4,0,4,0
1,0,1,0
3,0,3,0
3,0,3,0
2,0,2,0
2,0,2,0
1,0,1,0
5,0,5,0
0,30,30,6
1,0,1,0
2,0,2,0
1,0,1,0
1,0,1,0
0,38,38,15
3,0,3,0
5,0,5,0
0,204,204,26
220,0,220,0
10,0,10,0
2,0,2,0
3,0,3,0
1,0,1,0
12,0,12,0
1,0,1,0
13,0,13,0
3,0,3,0
24,0,24,0
9,0,9,0
0,1,1,1
10,0,10,0
1,0,1,0
11,0,11,0
0,226,226,37
1,0,1,0
3,0,3,0
0,33,33,70
1,0,1,0
0,1,1,45
1,0,1,0
3,0,3,0
36,0,36,0
8,0,8,0
4,0,4,0
4,0,4,0
2,0,2,0
4,0,4,0
6,0,6,0
4,0,4,0
1,0,1,0
2,0,2,0
4,0,4,0
0,4,4,31
5,0,5,0
5,0,5,0
1,0,1,0
25,0,25,0
11,0,11,0
0,8,8,2
1,0,1,0
1,0,1,0
1,0,1,0
0,3,3,10
2,0,2,0
1,0,1,0
0,2,2,34
1,0,1,0
8,0,8,0
0,4,4,3
0,35,35,63
0,22,22,12
1,0,1,0
0,2,2,6
0,240,240,8
4,0,4,0
1,0,1,0
0,1,1,4
132,0,132,0
16,0,16,0
1,0,1,0
0,9,9,56
2,0,2,0
9,0,9,0
1,0,1,0
5,0,5,0
2,0,2,0
0,1,1,31
3,0,3,0
7,0,7,0
0,1,1,6
2,0,2,0
8,0,8,0
21,0,21,0
13,0,13,0
0,15,15,31
2,0,2,0
0,2,2,16
1,0,1,0
3,0,3,0
0,6,6,12
6,0,6,0
4,0,4,0
2,0,2,0
6,0,6,0
3,0,3,0
11,0,11,0
1,0,1,0
3,0,3,0
5,0,5,0
5,0,5,0
0,2,2,29
0,25,25,38
32,0,32,0
18,0,18,0
1,0,1,0
101,0,101,0
0,3,3,26
0,1,1,3
4,0,4,0
1,390,391,22
0,7,7,16
5,0,5,0
1,0,1,0
4,0,4,0
1,0,1,0
25,0,25,0
1,0,1,0
0,2,2,4
0,6,6,28
1,0,1,0
0,39,39,143
33,0,33,0
1,0,1,0
10,0,10,0
1,0,1,0
4,0,4,0
0,12,12,10
2,0,2,0
32,0,32,0
1,0,1,0
7,0,7,0
2,0,2,0
0,2,2,9
0,8,8,52
1,0,1,0
3,0,3,0
12,0,12,0
5,0,5,0
1,0,1,0
0,2,2,22
0,1,1,59
8,0,8,0
3,0,3,0
2,0,2,0
19,0,19,0
1,0,1,0
0,1,1,1
6,0,6,0
0,3,3,0
0,2,2,0
2,0,2,0
5,0,5,0
0,2,2,8
1,0,1,0
10,0,10,0
6,0,6,0
5,0,5,0
33,0,33,0
28,0,28,0
53,0,53,0
2,0,2,0
0,1,1,6
0,7,7,16
4,0,4,0
2,0,2,0
1,0,1,0
7,0,7,0
0,26,26,15
12,0,12,0
0,5,5,2
13,0,13,0
2,0,2,0
4,0,4,0
1,0,1,0
1,0,1,0
1,0,1,0
2,0,2,0
3,0,3,0
10,0,10,0
0,5,5,79
2,0,2,0
0,6,6,38
2,0,2,0
2,0,2,0
2,0,2,0
1,0,1,0
2,0,2,0
0,12,12,46
1,0,1,0
4,0,4,0
5,0,5,0
0,3,3,10
1,0,1,0
1,0,1,0
0,1,1,4
5,0,5,0
1,0,1,0
1,0,1,0
1,0,1,0
6,0,6,0
0,263,263,27
5,0,5,0
0,80,80,13
4,0,4,0
13,0,13,0
0,79,79,20
0,2,2,18
3,0,3,0
0,5,5,9
4,0,4,0
111,0,111,0
2,0,2,0
0,9,9,6
0,49,49,140
4,0,4,0
1,0,1,0
0,3,3,78
6,0,6,0
20,0,20,0
5,0,5,0
0,3,3,212
73,0,73,0
1,0,1,0
2,0,2,0
0,4,4,1
1,0,1,0
2,0,2,0
7,0,7,0
21,0,21,0
34,0,34,0
1,0,1,0
0,3,3,2
2,0,2,0
0,11,11,5
12,0,12,0
2,0,2,0
1,0,1,0
0,1,1,6
0,1,1,15
0,46,46,35
35,0,35,0
1,0,1,0
0,22,22,13
0,5,5,11
73,0,73,0
0,79,79,23
257,0,257,0
4,0,4,0
0,139,139,12
1,0,1,0
2,0,2,0
0,5,5,8
1,0,1,0
2,0,2,0
7,0,7,0
1,0,1,0
0,1,1,6
3,0,3,0
5,0,5,0
1,0,1,0
1,0,1,0
0,7,7,0
2,0,2,0
2,0,2,0
1,0,1,0
1,0,1,0
0,1,1,14
0,10,10,8
2,0,2,0
15,0,15,0
4,0,4,0
3,0,3,0
5,0,5,0
2,0,2,0
0,4,4,77
4,0,4,0
5,0,5,0
1,0,1,0
1,0,1,0
9,0,9,0
2,0,2,0
4,0,4,0
8,0,8,0
8,0,8,0
1,0,1,0
1,0,1,0
8,0,8,0
20,0,20,0
0,71,71,7
4,0,4,0
1,0,1,0
4,0,4,75
64,0,64,0
3,0,3,0
0,3,3,10
3,0,3,0
6,0,6,0
0,29,29,26
4,0,4,0
16,0,16,0
0,13,13,3
9,0,9,0
2,0,2,0
0,30,30,18
3,0,3,0
1,0,1,0
15,0,15,0
2,0,2,0
0,2,2,55
0,2,2,3
2,0,2,0
4,0,4,0
1,0,1,0
7,0,7,0
4,0,4,0
8,0,8,0
15,0,15,0
0,1,1,0
0,105,105,100
9,0,9,0
109,0,109,0
1,0,1,0
12,0,12,0
1,0,1,0
0,2,2,0
8,0,8,0
0,7,7,15
0,2,2,15
9,0,9,0
1,0,1,0
0,19,19,27
8,0,8,0
1,0,1,0
6,0,6,0
1,0,1,0
2,0,2,0
2,0,2,0
3,0,3,0
1,0,1,0
0,14,14,12
0,1,1,2
3,0,3,0
3,0,3,0
3,0,3,0
30,0,30,0
8,0,8,0
0,16,16,6
7,0,7,0
9,0,9,0
0,1,1,0
1,0,1,0
13,0,13,0
4,0,4,0
11,0,11,0
3,0,3,0
7,0,7,0
3,0,3,0
2,0,2,0
1,0,1,0
0,1,1,0
7,0,7,0
0,156,156,3
0,3,3,2
3,0,3,0
1,0,1,0
0,19,19,0
62,0,62,0
5,0,5,0
0,13,13,30
0,5,5,13
0,3,3,13
6,0,6,0
1,0,1,0
10,0,10,0
1,0,1,0
1,0,1,0
111,0,111,0
2,0,2,0
16,0,16,0
0,11,11,89
8,0,8,0
2,0,2,0
0,10,10,25
5,0,5,0
4,0,4,0
1,0,1,0
3,0,3,0
0,25,25,30
0,1,1,67
0,39,39,83
5,0,5,0
2,0,2,0
4,0,4,0
7,0,7,0
1,0,1,0
1,0,1,0
5,0,5,0
0,3,3,63
5,0,5,0
1,0,1,0
1,0,1,0
85,0,85,0
3,0,3,0
1,0,1,0
0,3,3,4
23,0,23,0
3,0,3,0
1,0,1,0
0,4,4,0
3,0,3,0
3,0,3,0
1,0,1,0
0,1,1,0
0,96,96,21
3,0,3,0
0,1,1,20
1,0,1,0
1,0,1,0
8,0,8,0
4,0,4,0
4,0,4,0
1,0,1,0
283,0,283,0
0,2,2,37
6,0,6,0
1,0,1,0
6,0,6,0
5,0,5,0
3,0,3,0
7,0,7,0
1,0,1,0
2,0,2,0
5,0,5,0
0,53,53,18
1,0,1,0
1,0,1,0
3,0,3,0
0,21,21,152
7,0,7,0
3,0,3,0
1,0,1,0
40,0,40,0
2,0,2,0
0,71,71,197
0,49,49,2
66,0,66,0
0,6,6,8
11,0,11,0
1,0,1,0
1,0,1,0
12,0,12,0
2,0,2,0
3,0,3,0
2,0,2,0
1,0,1,0
6,0,6,0
2,0,2,0
2,0,2,0
3,0,3,0
73,0,73,0
84,0,84,0
6,0,6,0
59,0,59,0
0,4,4,58
2,0,2,0
0,9,9,9
0,22,22,16
0,10,10,12
4,0,4,0
0,15,15,11
12,0,12,0
0,5,5,19
2,0,2,0
63,0,63,0
1,0,1,0
0,4,4,39
0,6,6,46
0,3,3,8
1,0,1,0
3,0,3,0
1,0,1,0
1,0,1,0
0,50,50,41
0,4,4,7
0,4,4,0
11,0,11,0
2,0,2,0
2,0,2,0
1,0,1,0
0,48,48,22
2,0,2,0
3,0,3,0
265,0,265,0
0,21,21,73
0,31,31,173
19,0,19,0
11,0,11,0
3,0,3,0
0,3,3,69
19,0,19,0
0,5,5,29
6,0,6,0
58,0,58,0
19,0,19,0
2,0,2,0
0,1,1,43
1,0,1,0
16,0,16,0
2,0,2,0
2,0,2,0
2,0,2,0
2,0,2,0
0,5,5,2
0,3,3,45
1,0,1,0
92,0,92,0
0,9,9,14
1,0,1,0
2,0,2,0
5,0,5,0
7,0,7,0
0,16,16,7
4,0,4,0
5,0,5,0
0,2,2,3
11,0,11,0
28,0,28,0
4,0,4,0
1,0,1,0
1,0,1,0
10,0,10,0
6,0,6,0
1,0,1,0
5,0,5,0
10,0,10,0
0,3,3,47
5,0,5,0
0,6,6,13
275,0,275,0
1,0,1,0
1,0,1,0
0,70,70,5
54,0,54,0
6,0,6,0
0,25,25,109
2,0,2,0
6,0,6,0
1,0,1,0
0,21,21,25
9,0,9,0
0,4,4,28
1,0,1,0
51,0,51,0
3,0,3,0
0,406,406,32
1,0,1,0
0,17,17,7
5,0,5,0
8,0,8,0
13,0,13,0
2,0,2,0
7,0,7,0
2,0,2,0
0,2,2,31
23,0,23,0
2,0,2,0
2,0,2,0
5,0,5,0
52,0,52,0
2,0,2,0
1,0,1,0
14,0,14,0
0,93,93,76
0,1,1,47
4,0,4,0
7,0,7,0
0,2,2,38
2,0,2,0
5,0,5,0
0,3,3,7
0,15,15,19
15,0,15,0
1,0,1,0
0,1,1,1
0,2,2,11
4,0,4,0
7,0,7,0
0,48,48,27
0,21,21,5
3,0,3,0
0,2,2,9
2,0,2,0
2,0,2,0
0,1,1,2
5,0,5,0
1,0,1,0
17,0,17,0
2,0,2,0
8,0,8,0
0,421,421,6
0,32,32,19
0,58,58,0
1,0,1,0
3,0,3,0
2,0,2,0
1,0,1,0
5,0,5,0
2,0,2,0
6,0,6,0
2,0,2,0
2,0,2,0
21,0,21,0
4,0,4,0
0,14,14,70
20,0,20,0
1,0,1,0
6,0,6,0
3,0,3,0
3,0,3,0
1,0,1,0
4,0,4,0
10,0,10,0
0,46,46,81
5,0,5,0
2,0,2,0
1,0,1,0
1,0,1,0
0,5,5,33
0,5,5,23
2,0,2,0
1,0,1,0
4,0,4,0
2,0,2,0
0,8,8,2
4,0,4,0
0,6,6,35
0,20,20,31
1,0,1,0
0,35,35,11
27,0,27,0
0,3,3,126
0,1,1,5
2,0,2,0
6,0,6,0
4,0,4,0
2,0,2,0
1,0,1,0
4,0,4,0
6,0,6,0
0,2,2,4
0,15,15,10
2,0,2,0
6,0,6,0
0,39,39,66
2,0,2,0
13,0,13,0
2,0,2,0
2,0,2,0
13,0,13,0
1,0,1,0
46,0,46,0
0,73,73,4
2,0,2,0
1,0,1,0
2,0,2,0
2,0,2,0
0,21,21,7
2,0,2,0
0,31,31,44
7,0,7,0
138,0,138,0
74,0,74,0
10,0,10,0
4,0,4,0
0,16,16,113
8,0,8,0
9,0,9,0
3,0,3,0
2,0,2,0
0,95,95,26
2,0,2,0
0,67,67,11
10,0,10,0
18,0,18,0
0,96,96,41
97,0,97,0
12,0,12,0
5,0,5,0
0,34,34,0
1,0,1,0
0,36,36,15
0,25,25,20
0,20,20,28
10,0,10,0
2,0,2,0
3,0,3,0
4,0,4,0
0,7,7,3
53,0,53,0
14,0,14,0
9,0,9,0
2,0,2,0
0,8,8,1
3,0,3,0
6,0,6,0
0,863,863,48
1,0,1,0
2,0,2,0
1,0,1,0
0,44,44,24
41,0,41,0
1,0,1,0
5,0,5,0
196,0,196,0
78,0,78,0
8,0,8,0
1,0,1,0
3,0,3,0
2,0,2,0
4,0,4,0
52,0,52,0
0,2,2,4
2,0,2,0
3,0,3,0
0,3,3,124
0,12,12,6
8,0,8,0
1,0,1,0
6,0,6,0
0,4,4,4
14,0,14,0
1,0,1,0
0,7,7,57
54,0,54,0
2,0,2,0
1,0,1,0
0,35,35,35
7,0,7,0
2,0,2,0
2,0,2,0
0,36,36,15
2,0,2,0
0,45,45,31
2,0,2,0
3,0,3,0
19,0,19,0
3,0,3,0
2,0,2,0
0,332,332,13
2,0,2,0
11,0,11,0
0,4,4,4
5,0,5,0
3,0,3,0
88,0,88,0
2,0,2,0
46,0,46,0
0,18,18,27
0,45,45,89
6,0,6,0
6,0,6,0
14,0,14,0
3,0,3,0
2,0,2,0
2,0,2,0
0,123,123,12
0,3,3,10
2,0,2,0
2,0,2,0
1,0,1,0
3,0,3,0
7,0,7,0
12,0,12,0
3,0,3,0
0,2,2,9
1,0,1,0
0,5,5,0
3,0,3,0
2,0,2,0
0,3,3,7
0,2,2,17
1,0,1,0
7,0,7,0
2,0,2,0
2,0,2,0
0,6,6,33
0,15,15,4
1,0,1,0
38,0,38,0
0,7,7,80
4,0,4,0
0,7,7,20
3,0,3,0
0,1,1,22
3,0,3,0
6,0,6,0
1,0,1,0
0,5,5,1
41,0,41,0
3,0,3,0
0,37,37,74
26,0,26,0
1,0,1,0
0,4,4,30
4,0,4,0
4,0,4,0
2,0,2,0
0,3,3,2
7,0,7,0
2,0,2,0
66,0,66,0
0,222,222,13
1,0,1,0
0,7,7,14
6,0,6,0
2,0,2,0
1,0,1,0
3,0,3,0
2,0,2,0
6,0,6,0
2,0,2,0
3,0,3,0
29,0,29,0
4,0,4,0
7,0,7,0
5,0,5,0
2,0,2,0
3,0,3,0
1,0,1,0
0,3,3,0
0,84,84,47
6,0,6,0
5,0,5,0
0,11,11,22
3,0,3,0
0,286,286,138
81,0,81,0
2,0,2,0
18,0,18,0
50,0,50,0
0,5,5,0
3,0,3,0
0,74,74,22
1,0,1,0
19,0,19,0
4,0,4,0
1,0,1,0
1,0,1,0
1,0,1,0
9,0,9,0
3,0,3,0
1,0,1,0
1,0,1,0
3,0,3,0
0,7,7,11
2,0,2,0
0,2,2,19
4,0,4,0
1,0,1,0
0,12,12,64
0,1,1,2
38,0,38,0
3,0,3,0
4,0,4,0
0,28,28,52
8,0,8,0
30,0,30,0
0,5,5,5
4,0,4,0
0,6,6,10
15,0,15,0
5,0,5,0
17,0,17,0
1,0,1,0
24,0,24,0
0,86,86,57
4,0,4,0
3,0,3,0
0,3,3,5
2,0,2,0
2,0,2,0
14,0,14,0
1,0,1,0
1,0,1,0
1,0,1,0
2,0,2,0
6,0,6,0
0,110,110,70
24,0,24,0
0,7,7,5
4,0,4,0
2,0,2,0
23,0,23,0
0,1,1,1
10,0,10,0
1,0,1,0
2,0,2,0
1,0,1,0
4,0,4,0
1,0,1,0
16,0,16,0
2,0,2,0
0,7,7,16
6,0,6,0
0,4,4,7
1,0,1,0
0,3,3,4
1,0,1,0
2,0,2,0
1,0,1,0
7,0,7,0
3,0,3,0
15,0,15,0
1,0,1,0
0,90,90,0
0,3,3,126
33,0,33,0
2,0,2,0
2,0,2,0
2,0,2,0
11,0,11,0
2,0,2,0
0,6,6,78
11,0,11,0
0,1,1,8
4,0,4,0
25,0,25,0
13,0,13,0
1,0,1,0
0,2,2,2
11,0,11,0
4,0,4,0
1,0,1,0
1,0,1,0
183,0,183,0
0,803,803,9
0,2,2,1
3,0,3,0
0,36,36,1
3,0,3,0
1,0,1,0
2,0,2,0
6,0,6,0
16,0,16,0
1,0,1,0
0,810,810,96
1,0,1,0
5,0,5,0
14,0,14,0
0,9,9,16
3,0,3,0
0,1,1,6
0,32,32,15
0,1,1,11
2,0,2,0
20,0,20,0
154,0,154,0
0,16,16,30
0,2,2,10
2,0,2,0
1,0,1,0
0,1,1,2
1,0,1,0
2,0,2,0
0,13,13,19
1,0,1,0
0,32,32,46
19,0,19,0
0,10,10,10
14,0,14,0
0,4,4,2
14,0,14,0
1,0,1,0
2,0,2,0
3,0,3,0
24,0,24,0
0,4,4,14
1,0,1,0
10,0,10,0
5,0,5,0
0,33,33,16
0,1,1,33
3,0,3,0
7,0,7,0
5,0,5,0
0,82,82,5
2,0,2,0
1,0,1,0
1,0,1,0
2,0,2,0
2,0,2,0
1,0,1,0
3,0,3,0
1,0,1,0
1,0,1,0
1,0,1,0
0,43,43,14
1,0,1,0
30,0,30,0
0,1,1,74
5,0,5,0
1,0,1,0
107,0,107,0
0,13,13,29
0,9,9,29
2,0,2,0
9,0,9,0
14,0,14,0
4,0,4,0
1,0,1,0
8,0,8,0
2,0,2,0
2,0,2,0
10,0,10,0
0,1,1,25
1,0,1,0
1,0,1,0
1,0,1,0
0,6,6,51
0,37,37,18
2,0,2,0
0,62,62,16
2,0,2,0
9,0,9,0
3,0,3,0
3,0,3,0
0,4,4,52
3,0,3,0
3,0,3,0
0,2,2,44
1,0,1,0
0,5,5,7
1,0,1,0
2,0,2,0
0,5,5,10
10,0,10,0
1,0,1,0
0,9,9,2
1,0,1,0
0,8,8,52
14,0,14,0
1,0,1,0
3,0,3,0
1,0,1,0
1,0,1,0
22,0,22,0
4,0,4,0
2,0,2,0
10,0,10,0
1,0,1,0
0,3,3,58
32,0,32,0
0,1,1,26
3,0,3,0
0,2,2,9
17,0,17,0
7,0,7,0
1,0,1,0
0,10,10,22
0,3,3,61
2,0,2,0
1,0,1,0
35,0,35,0
8,0,8,0
6,0,6,0
1,0,1,0
3,0,3,0
2,0,2,0
1,0,1,0
1,0,1,0
15,0,15,0
3,0,3,0
15,0,15,0
1,0,1,0
57,0,57,0
7,0,7,0
0,8,8,8
11,0,11,0
4,0,4,0
0,51,51,37
0,11,11,6
1,0,1,0
1,0,1,0
1,0,1,0
3,0,3,0
0,40,40,46
2,0,2,0
3,0,3,0
0,1,1,5
2,0,2,0
0,2,2,60
3,0,3,0
1,0,1,0
1,0,1,0
1,0,1,0
17,0,17,0
5,0,5,0
1,0,1,0
10,0,10,0
3,0,3,0
0,4,4,9
0,16,16,13
10,0,10,0
1,0,1,0
1,0,1,0
2,0,2,0
4,0,4,0
8,0,8,0
2,0,2,0
2,0,2,0
3,0,3,0
18,0,18,0
2,0,2,0
5,0,5,0
3,0,3,0
2,0,2,0
5,0,5,0
13,0,13,0
8,0,8,0
0,51,51,8
1,0,1,0
3,0,3,0
0,6,6,31
4,0,4,0
0,17,17,9
191,0,191,0
1,0,1,0
2,0,2,0
0,6,6,49
2,0,2,0
5,0,5,0
2,0,2,0
0,1,1,19
1,0,1,0
6,0,6,0
0,1,1,147
1,0,1,0
1,0,1,0
1,0,1,0
6,0,6,0
71,0,71,0
8,0,8,0
3,0,3,0
0,266,266,8
297,0,297,0
0,8,8,6
1,0,1,0
1,0,1,0
0,1,1,1
3,0,3,0
0,1,1,10
2,0,2,0
0,2,2,6
16,0,16,0
0,1,1,101
4,0,4,0
0,99,99,20
5,0,5,0
0,2,2,14
3,0,3,0
0,107,107,34
1,0,1,0
0,64,64,17
1,0,1,0
0,3,3,28
6,0,6,0
7,0,7,0
0,31,31,14
0,3,3,18
26,0,26,0
11,0,11,0
3,0,3,0
73,0,73,0
3,0,3,0
13,0,13,0
8,0,8,0
0,6,6,33
0,13,13,8
0,1,1,2
1,0,1,0
1,0,1,0
1,0,1,0
1,0,1,0
7,0,7,0
0,3,3,11
2,0,2,0
0,3,3,1
3,0,3,0
6,0,6,0
0,9,9,0
4,0,4,0
7,0,7,0
1,0,1,0
1,0,1,0
7,0,7,0
0,18,18,26
1,0,1,0
0,1,1,22
28,0,28,0
0,3,3,81
0,5,5,4
1,0,1,0
1,0,1,0
1,0,1,0
4,0,4,0
3,0,3,0
2,0,2,0
3,0,3,0
2,0,2,0
6,0,6,0
0,2,2,9
13,0,13,0
59,0,59,0
2,0,2,0
3,0,3,0
1,0,1,0
4,0,4,0
0,6,6,29
3,0,3,0
7,0,7,0
1,0,1,0
12,0,12,0
6,0,6,0
0,236,236,60
12,0,12,0
7,0,7,0
0,376,376,24
8,0,8,0
0,11,11,27
0,6,6,30
1,0,1,0
5,0,5,0
10,0,10,0
9,0,9,0
3,0,3,0
0,19,19,210
3,0,3,0
1,0,1,0
6,0,6,0
0,4,4,30
3,0,3,0
22,0,22,0
2,0,2,0
199,0,199,0
0,3,3,6
6,0,6,0
1,0,1,0
36,0,36,0
2,0,2,0
7,0,7,0
0,33,33,17
1,0,1,0
0,483,483,23
142,0,142,0
31,0,31,0
11,0,11,0
10,0,10,0
4,0,4,0
1,0,1,0
0,24,24,1
0,62,62,18
0,4,4,4
7,0,7,0
0,24,24,6
12,0,12,0
0,68,68,16
12,0,12,0
9,0,9,0
1,0,1,0
1,0,1,0
27,2,29,0
2,0,2,0
1,0,1,0
0,2,2,0
30,0,30,0
12,0,12,0
6,0,6,0
7,0,7,0
4,0,4,0
4,0,4,0
5,0,5,0
11,0,11,0
56,0,56,0
11,0,11,0
3,0,3,0
1,0,1,0
0,2,2,126
0,380,380,24
4,0,4,0
0,109,109,31
23,0,23,0
2,0,2,0
1,0,1,0
2,0,2,0
12,0,12,0
2,0,2,0
0,97,97,76
14,0,14,0
22,0,22,0
1,0,1,0
9,0,9,0
0,29,29,53
0,150,150,34
0,8,8,32
0,1,1,0
11,0,11,0
1,0,1,0
1,0,1,0
1,0,1,0
0,692,692,47
13,0,13,0
23,0,23,47
5,0,5,0
0,3,3,52
10,0,10,0
1,0,1,0
2,0,2,0
11,0,11,0
5,0,5,0
3,0,3,0
11,0,11,0
3,0,3,0
0,3,3,59
1,0,1,0
0,1,1,28
6,0,6,0
2,0,2,0
1,0,1,0
0,6,6,70
12,0,12,0
6,0,6,0
18,0,18,0
2,0,2,0
0,379,379,76
1,0,1,0
0,37,37,40
2,0,2,0
3,0,3,0
11,0,11,0
11,0,11,0
19,0,19,0
0,3,3,7
8,0,8,0
0,2,2,8
4,0,4,0
1,0,1,0
14,0,14,0
0,21,21,2
3,0,3,0
0,47,47,50
2,0,2,0
85,0,85,0
0,5,5,4
1,0,1,0
2,0,2,0
2,0,2,0
541,0,541,0
0,5,5,30
0,4,4,4
138,0,138,0
67,0,67,0
0,3,3,24
2,0,2,0
3,0,3,0
1,0,1,0
1,0,1,0
0,1,1,77
14,0,14,0
4,0,4,0
9,0,9,0
1,0,1,0
2,0,2,0
1,0,1,0
1,0,1,0
0,4,4,1
0,63,63,17
3,0,3,0
0,1,1,19
6,0,6,0
2,0,2,0
0,17,17,0
11,0,11,0
1,0,1,0
8,0,8,0
4,0,4,0
2,0,2,0
1,0,1,0
0,14,14,19
0,686,686,25
132,0,132,0
11,0,11,0
17,0,17,0
1,0,1,0
0,2,2,4
0,1,1,17
58,0,58,0
1,0,1,0
6,0,6,0
2,0,2,0
0,1,1,12
3,0,3,0
34,0,34,0
93,0,93,0
3,0,3,0
0,2,2,23
4,0,4,0
5,0,5,0
7,0,7,0
2,0,2,0
2,0,2,0
7,0,7,0
4,0,4,0
1,0,1,0
1,0,1,0
0,47,47,3
0,1,1,38
7,0,7,0
7,0,7,0
0,81,81,21
2,0,2,0
1,0,1,0
0,15,15,23
1,0,1,0
0,3,3,22
2,0,2,0
0,5,5,44
1,0,1,0
0,2,2,13
3,0,3,0
16,0,16,0
36,0,36,0
26,0,26,0
5,0,5,0
2,0,2,0
4,0,4,0
1,0,1,0
0,2,2,63
4,0,4,0
4,0,4,0
4,0,4,0
0,18,18,34
1,0,1,0
0,11,11,11
2,0,2,0
0,933,933,1
11,0,11,0
0,2,2,20
3,0,3,0
1,0,1,0
29,0,29,0
1,0,1,0
9,0,9,0
7,0,7,0
0,14,14,28
5,0,5,0
0,1,1,8
4,0,4,0
14,0,14,0
2,0,2,0
2,0,2,0
6,0,6,0
8,0,8,0
0,40,40,4
3,0,3,0
2,0,2,0
5,0,5,0
0,1,1,0
3,0,3,0
1,0,1,0
12,0,12,0
2,0,2,0
1,0,1,0
0,1,1,5
1,0,1,0
32,0,32,0
14,0,14,0
3,0,3,0
7,0,7,0
0,3,3,26
359,0,359,0
0,148,148,33
2,0,2,0
6,0,6,0
69,0,69,0
9,0,9,0
0,3,3,2
26,0,26,0
24,0,24,0
1,0,1,0
1,0,1,53
7,0,7,0
2,0,2,0
0,10,10,15
0,75,75,111
0,1,1,5
2,0,2,0
0,6,6,0
1,0,1,0
0,1,1,7
9,0,9,0
0,341,341,28
14,0,14,0
3,0,3,0
1,0,1,0
0,1,1,3
0,17,17,7
2,0,2,0
5,0,5,0
4,0,4,0
1,0,1,0
1,0,1,0
7,0,7,0
3,0,3,0
9,0,9,0
1,0,1,0
13,0,13,0
12,0,12,0
13,0,13,0
0,3,3,1
1,0,1,0
0,4,4,5
3,0,3,0
141,0,141,0
0,1,1,26
9,0,9,0
1,0,1,0
0,8,8,8
2,0,2,0
2,0,2,0
5,0,5,0
4,0,4,0
3,0,3,0
1,0,1,0
1,0,1,0
14,0,14,0
0,39,39,13
14,0,14,0
6,0,6,0
29,0,29,0
2,0,2,0
1,0,1,0
9,0,9,0
7,0,7,0
0,4,4,15
13,0,13,0
9,0,9,0
0,111,111,12
10,0,10,0
24,0,24,0
0,28,28,63
2,0,2,0
1,0,1,0
0,2,2,33
0,3,3,1
2,0,2,0
24,0,24,0
1,0,1,0
0,551,551,19
0,1,1,14
0,11,11,11
1,0,1,0
0,1,1,2
17,0,17,0
0,3,3,41
19,0,19,0
5,0,5,0
2,0,2,0
2,0,2,0
0,3,3,48
24,0,24,0
10,0,10,0
2,0,2,0
1,0,1,0
8,0,8,0
72,0,72,0
4,0,4,0
1,0,1,0
25,0,25,0
1,0,1,0
0,1,1,92
1,0,1,0
5,0,5,0
0,7,7,50
4,0,4,0
0,26,26,37
0,2,2,5
2,0,2,0
9,0,9,0
24,0,24,0
2,0,2,0
3,0,3,0
1,0,1,0
2,0,2,0
3,0,3,0
0,213,213,16
0,1,1,14
0,6,6,25
0,29,29,27
2,0,2,0
0,2,2,78
3,0,3,0
0,13,13,37
2,0,2,0
7,0,7,0
1,0,1,0
179,0,179,0
0,12,12,5
0,39,39,64
72,0,72,0
0,20,20,11
0,121,121,6
0,1,1,0
6,0,6,0
3,0,3,0
1,0,1,0
7,0,7,0
1,0,1,0
1,0,1,0
1,0,1,0
1,0,1,0
9,0,9,0
1,0,1,0
0,1,1,21
0,11,11,32
0,4,4,3
1,0,1,0
3,0,3,0
19,0,19,0
1,0,1,0
7,0,7,0
0,1,1,30
1,0,1,0
5,0,5,0
3,0,3,0
10,0,10,0
13,0,13,0
20,0,20,0
14,0,14,0
0,331,331,42
2,0,2,0
3,0,3,0
5,0,5,0
0,16,16,12
20,0,20,0
1,0,1,0
0,33,33,35
0,1,1,2
0,8,8,54
8,0,8,0
1,0,1,0
1,0,1,0
3,0,3,0
0,8,8,1
1,0,1,0
1,0,1,0
1,0,1,0
2,0,2,0
3,0,3,0
8,0,8,0
2,0,2,0
0,72,72,19
2,0,2,0
1,0,1,0
1,0,1,0
3,0,3,0
0,1,1,8
3,0,3,0
0,3,3,23
1,0,1,0
8,0,8,0
1,0,1,0
0,2,2,4
0,3,3,0
0,8,8,17
1,0,1,0
1,0,1,0
0,37,37,6
9,0,9,0
6,0,6,0
2,0,2,0
0,9,9,48
20,0,20,0
1,0,1,0
45,0,45,0
1,0,1,0
1,0,1,0
1,0,1,0
16,0,16,0
0,6,6,1
8,0,8,0
2,0,2,0
3,0,3,0
0,5,5,4
2,0,2,0
4,0,4,0
1,0,1,0
32,0,32,0
3,0,3,0
0,4,4,3
16,0,16,0
3,0,3,0
2,0,2,0
16,0,16,0
0,5,5,18
2,0,2,0
4,0,4,0
11,0,11,0
0,10,10,9
2,0,2,0
0,15,15,16
3,0,3,0
1,0,1,0
32,0,32,0
0,2,2,4
0,56,56,16
0,7,7,12
0,3,3,37
4,0,4,0
13,0,13,0
0,72,72,3
2,0,2,0
4,0,4,0
20,0,20,0
13,0,13,0
0,27,27,48
3,0,3,0
12,0,12,0
0,1,1,101
5,0,5,0
13,0,13,0
3,0,3,0
0,4,4,3
1,0,1,0
9,0,9,0
0,48,48,43
27,0,27,0
2,0,2,0
27,0,27,0
2,0,2,0
4,0,4,0
1,0,1,0
0,5,5,18
0,37,37,20
0,167,167,30
0,51,51,24
31,0,31,0
1,0,1,0
82,0,82,0
0,3,3,14
1,0,1,0
0,11,11,7
0,259,259,25
10,0,10,0
0,10,10,9
3,0,3,0
11,0,11,0
11,0,11,0
2,0,2,0
0,6,6,3
3,0,3,0
5,0,5,0
6,0,6,0
0,3,3,8
8,0,8,0
0,198,198,109
2,0,2,0
2,0,2,0
2,0,2,0
36,0,36,0
1,0,1,0
0,212,212,106
658,0,658,0
0,13,13,4
0,4,4,3
5,0,5,0
3,0,3,0
54,0,54,0
2,0,2,0
1,0,1,0
0,74,74,54
7,0,7,0
50,0,50,0
2,0,2,0
38,0,38,0
2,0,2,0
117,0,117,0
1,0,1,0
2,0,2,0
7,0,7,0
0,41,41,76
7,0,7,0
15,0,15,0
3,0,3,0
3,0,3,0
19,0,19,0
15,0,15,0
8,0,8,0
0,7,7,1
20,0,20,0
3,0,3,0
1,0,1,0
1,0,1,0
3,0,3,0
0,3,3,21
2,0,2,0
0,55,55,28
6,0,6,0
2,0,2,0
1,0,1,0
0,56,56,29
45,0,45,0
2,0,2,0
9,0,9,0
41,0,41,0
6,0,6,0
6,0,6,0
3,0,3,0
1,0,1,0
1,0,1,0
2,0,2,0
9,0,9,0
1,0,1,0
0,80,80,0
1,0,1,0
2,0,2,0
0,11,11,11
4,0,4,0
0,3,3,2
3,0,3,0
12,0,12,0
0,7,7,7
24,0,24,0
63,0,63,0
4,0,4,0
0,14,14,51
7,0,7,0
1,0,1,0
0,53,53,8
1,0,1,0
0,1,1,0
2,0,2,0
0,61,61,19
1,0,1,0
3,0,3,0
12,0,12,0
2,0,2,0
0,35,35,10
15,0,15,0
9,0,9,0
0,92,92,38
87,0,87,0
0,4,4,3
9,0,9,0
0,14,14,50
11,0,11,0
3,0,3,0
2,0,2,0
1,0,1,0
29,0,29,0
1,0,1,0
2,0,2,0
0,3,3,45
1,0,1,0
2,0,2,0
10,0,10,0
4,0,4,0
1,0,1,0
10,0,10,0
12,0,12,0
1,0,1,0
2,0,2,0
2,0,2,0
1,0,1,0
0,1,1,32
0,13,13,33
1,0,1,0
6,0,6,0
3,0,3,0
11,0,11,0
0,1,1,18
2,0,2,0
0,12,12,7
0,13,13,12
154,0,154,0
3,0,3,0
5,0,5,0
1,0,1,0
2,0,2,0
1,0,1,0
0,4,4,7
0,167,167,119
8,0,8,0
14,0,14,0
0,59,59,16
16,0,16,0
9,0,9,0
24,0,24,0
0,4,4,7
0,4,4,26
1,0,1,0
52,0,52,0
18,0,18,0
0,2,2,0
7,0,7,0
0,5,5,8
0,9,9,25
4,0,4,0
0,2,2,6
1,0,1,0
4,0,4,0
1,0,1,0
5,0,5,0
44,0,44,0
0,41,41,3
1,0,1,0
3,0,3,0
2,0,2,0
1,0,1,0
11,0,11,0
2,0,2,0
2,0,2,0
4,0,4,0
1,0,1,0
1,0,1,0
0,13,13,17
0,57,57,9
23,0,23,0
0,14,14,28
2,0,2,0
1,0,1,0
11,0,11,0
1,0,1,0
1,0,1,0
0,80,80,54
1,0,1,0
0,8,8,93
1,0,1,0
1,0,1,0
1,0,1,0
0,4,4,19
2,0,2,0
0,4,4,19
3,0,3,0
6,0,6,0
115,0,115,0
0,3,3,1
0,1,1,1
1,0,1,0
1,0,1,0
1,0,1,0
1,0,1,0
2,0,2,0
7,0,7,0
0,2,2,9
2,0,2,0
0,1,1,18
1,0,1,0
0,3,3,4
6,0,6,0
0,71,71,150
5,0,5,0
1,0,1,0
0,20,20,55
2,0,2,0
0,1,1,37
4,0,4,0
2,0,2,0
2,0,2,0
1,0,1,0
48,0,48,0
3,0,3,0
3,0,3,0
1,0,1,0
2,0,2,0
0,28,28,30
0,65,65,24
2,0,2,0
1,0,1,0
2,0,2,0
0,1,1,0
0,7,7,118
0,29,29,1
4,0,4,0
2,0,2,0
0,1,1,1
2,0,2,0
0,638,638,14
3,0,3,0
1,0,1,0
1,0,1,0
1,0,1,0
7,0,7,0
3,0,3,0
0,4,4,11
1,0,1,0
2,0,2,0
0,2,2,20
2,0,2,0
1,0,1,0
3,0,3,0
0,1,1,53
1,0,1,0
0,37,37,37
1,0,1,0
23,0,23,0
1,0,1,0
2,0,2,0
0,6,6,11
1,0,1,0
0,2,2,10
3,0,3,0
1,0,1,0
11,0,11,0
4,0,4,0
1,0,1,0
1,0,1,0
1,0,1,0
1,0,1,0
1,0,1,0
2,0,2,0
0,13,13,8
6,0,6,0
35,0,35,0
4,0,4,0
1,0,1,0
2,0,2,0
2,0,2,0
262,0,262,0
1,0,1,0
0,4,4,1
2,0,2,0
2,0,2,0
2,0,2,0
0,389,389,48
0,1,1,5
1,0,1,0
0,6,6,71
1,0,1,0
0,4,4,55
1,0,1,0
0,2,2,11
2,0,2,0
5,0,5,0
1,0,1,0
2,0,2,0
150,0,150,0
1,0,1,0
0,3,3,23
0,4,4,13
3,0,3,0
135,0,135,0
0,2,2,0
27,0,27,0
3,0,3,0
2,0,2,0
4,0,4,0
4,0,4,0
2,0,2,0
0,2,2,3
4,0,4,0
1,0,1,0
0,1,1,0
27,0,27,0
0,5,5,81
3,0,3,0
3,0,3,0
0,2,2,9
0,1,1,9
0,13,13,10
12,0,12,0
2,0,2,0
2,0,2,0
7,0,7,0
1,0,1,0
0,3,3,4
0,13,13,82
28,0,28,0
2,0,2,0
3,0,3,0
3,0,3,0
197,0,197,0
13,0,13,0
0,4,4,9
4,0,4,0
3,0,3,0
22,0,22,0
29,0,29,0
6,0,6,0
0,4,4,2
0,42,42,32
1,0,1,0
5,0,5,0
0,13,13,15
4,0,4,0
10,0,10,0
9,0,9,0
1,0,1,0
1,0,1,0
0,28,28,126
1,0,1,0
0,4,4,19
1,0,1,0
1,0,1,0
0,1,1,17
0,14,14,57
1,0,1,0
30,0,30,0
0,15,15,13
1,0,1,0
6,0,6,0
0,4,4,13
13,0,13,0
1,0,1,0
11,0,11,0
5,0,5,0
2,0,2,0
3,0,3,0
7,0,7,0
2,0,2,0
2,0,2,0
3,0,3,0
6,0,6,0
2,0,2,0
0,195,195,28
2,0,2,0
0,3,3,20
5,0,5,0
1,0,1,0
1,0,1,0
0,1027,1027,34
4,0,4,0
0,6,6,0
10,0,10,0
1,0,1,0
0,93,93,47
1,0,1,0
1,0,1,0
1,0,1,0
0,45,45,13
5,0,5,0
1,0,1,0
0,3,3,61
2,0,2,0
3,0,3,0
0,13,13,15
0,8,8,85
16,0,16,0
2,0,2,0
1,0,1,0
2,0,2,0
148,0,148,0
3,0,3,0
195,0,195,0
8,0,8,0
299,0,299,0
3,0,3,0
1,0,1,0
3,0,3,0
33,0,33,0
2,0,2,0
0,9,9,2
44,0,44,0
11,0,11,0
1,0,1,0
6,0,6,0
1,0,1,0
0,8,8,80
1,0,1,0
5,0,5,0
5,0,5,0
2,0,2,0
0,3,3,26
6,0,6,0
10,0,10,0
1,0,1,0
0,4,4,9
0,21,21,1
1,0,1,0
3,0,3,0
2,0,2,0
1,0,1,0
2,0,2,0
0,76,76,18
5,0,5,0
0,1,1,3
13,0,13,0
0,13,13,10
1,0,1,0
2,0,2,0
15,0,15,0
0,1,1,25
0,33,33,21
2,0,2,0
2,0,2,0
4,0,4,0
1,0,1,0
2,0,2,0
1,0,1,0
0,1,1,3
10,0,10,0
0,4,4,49
10,0,10,0
1,0,1,0
2,0,2,0
9,0,9,0
1,0,1,0
0,3,3,25
178,0,178,0
8,0,8,0
0,2,2,2
11,0,11,0
5,0,5,0
1,0,1,0
5,0,5,0
13,0,13,0
0,2,2,4
12,0,12,0
0,3,3,80
5,0,5,0
0,128,128,3
0,115,115,18
31,0,31,0
1,0,1,0
1,0,1,0
2,0,2,0
0,11,11,34
0,20,20,107
12,0,12,0
1,0,1,0
6,0,6,0
0,5,5,119
1,0,1,0
1,0,1,0
4,0,4,0
21,0,21,0
1,0,1,0
1,0,1,0
0,138,138,108
0,217,217,27
0,2,2,79
2,0,2,0
1,0,1,0
0,44,44,3
6,0,6,0
0,3,3,21
1,0,1,0
1,0,1,0
3,0,3,0
2,0,2,0
0,4,4,5
0,13,13,12
0,12,12,219
2,0,2,0
38,0,38,0
127,0,127,0
2,0,2,0
0,42,42,10
0,145,145,14
2,0,2,0
27,0,27,0
4,0,4,0
9,0,9,0
0,16,16,3
2,0,2,0
1,0,1,0
10,0,10,0
42,0,42,0
2,0,2,0
3,0,3,0
2,0,2,0
0,7,7,7
1,0,1,0
1,0,1,0
1,0,1,0
8,0,8,0
0,14,14,16
4,0,4,0
1,0,1,0
29,0,29,0
0,6,6,70
0,58,58,49
12,0,12,0
0,59,59,7
1,0,1,0
6,0,6,0
83,0,83,0
8,0,8,0
0,1,1,48
2,0,2,0
51,0,51,0
0,151,151,35
3,0,3,0
0,1,1,4
3,0,3,0
1,0,1,0
3,0,3,0
0,2,2,18
2,0,2,0
1,0,1,0
67,0,67,0
9,0,9,0
1,0,1,0
1,0,1,0
2,0,2,0
3,0,3,0
4,0,4,0
2,0,2,0
8,0,8,0
4,0,4,0
0,2,2,0
0,1,1,9
3,0,3,0
0,15,15,0
0,2,2,19
1,0,1,0
4,0,4,0
0,1,1,0
0,16,16,0
1,0,1,0
1,0,1,0
21,0,21,0
2,0,2,0
2,0,2,0
4,0,4,0
2,0,2,0
2,0,2,0
16,0,16,0
1,0,1,0
2,0,2,0
0,15,15,35
1,0,1,0
0,2,2,0
8,0,8,0
78,0,78,0
1,0,1,0
2,0,2,0
9,0,9,0
0,16,16,26
1,0,1,19
0,3,3,25
1,0,1,0
0,7,7,40
15,0,15,0
3,0,3,0
1,0,1,0
20,0,20,0
0,145,145,92
6,0,6,0
0,43,43,13
6,0,6,0
0,1,1,1
6,0,6,0
1,0,1,0
0,3,3,7
1,0,1,0
2,0,2,0
2,0,2,0
2,0,2,0
1,0,1,0
0,27,27,11
1,0,1,0
0,26,26,8
28,0,28,0
6,0,6,0
6,0,6,0
3,0,3,0
3,0,3,0
86,0,86,0
0,10,10,20
2,0,2,0
10,0,10,0
0,21,21,52
2,0,2,0
131,0,131,0
47,0,47,0
10,0,10,0
7,0,7,0
2,0,2,0
0,18,18,19
3,0,3,0
9,0,9,0
3,0,3,0
1,0,1,0
3,0,3,0
2,0,2,0
6,0,6,0
0,27,27,5
0,1,1,5
2,0,2,0
1,0,1,0
1,0,1,0
2,0,2,0
0,4,4,21
1,0,1,0
0,25,25,44
16,0,16,0
0,2,2,14
0,5,5,13
0,6,6,1
6,0,6,0
25,0,25,0
1,0,1,0
0,4,4,80
3,0,3,0
1,0,1,0
4,0,4,0
0,12,12,46
1,0,1,0
4,0,4,0
21,0,21,0
0,7,7,37
4,0,4,0
1,0,1,0
2,0,2,0
3,0,3,0
29,0,29,0
2,0,2,0
8,0,8,0
2,0,2,0
0,55,55,7
3,0,3,0
2,0,2,0
10,0,10,0
1,0,1,0
1,0,1,0
1,0,1,0
8,0,8,0
14,0,14,0
3,0,3,0
16,0,16,0
0,19,19,12
0,6,6,0
14,0,14,0
1,0,1,0
0,10,10,49
29,0,29,0
1,0,1,0
20,0,20,0
1,0,1,0
8,0,8,0
0,4,4,38
7,0,7,0
0,1,1,9
3,0,3,0
47,0,47,0
5,0,5,0
24,0,24,0
6,0,6,0
5,0,5,0
0,1,1,5
8,0,8,0
22,0,22,0
1,0,1,0
0,5,5,110
0,26,26,28
19,0,19,0
1,0,1,0
0,13,13,9
1,0,1,0
2,0,2,0
0,40,40,19
1,0,1,0
2,0,2,0
0,92,92,40
16,0,16,0
3,0,3,0
8,0,8,0
1,0,1,0
4,0,4,0
14,0,14,0
1,0,1,0
3,0,3,0
2,0,2,0
1,0,1,0
1,0,1,0
1,0,1,0
1,0,1,0
0,6,6,9
11,0,11,0
2,0,2,0
1,0,1,0
1,0,1,0
15,0,15,0
0,9,9,12
5,0,5,0
32,0,32,0
4,0,4,0
0,12,12,2
2,0,2,0
0,2,2,6
25,0,25,0
4,0,4,0
0,20,20,4
21,0,21,0
12,0,12,0
3,0,3,0
3,0,3,0
1,0,1,0
0,106,106,22
1,0,1,0
1,0,1,0
1,0,1,0
230,0,230,0
47,0,47,0
1,0,1,0
16,0,16,0
2,0,2,0
0,231,231,38
0,1,1,113
0,34,34,22
31,0,31,0
0,272,272,8
18,0,18,0
15,0,15,0
1,0,1,0
1,0,1,0
12,0,12,0
13,0,13,0
57,0,57,0
5,0,5,0
2,0,2,0
7,0,7,0
0,1,1,1
5,0,5,0
0,13,13,89
4,0,4,0
1,0,1,0
0,22,22,7
1,0,1,0
0,30,30,87
6,0,6,0
1,0,1,0
2,0,2,0
0,13,13,0
4,0,4,0
45,0,45,0
0,31,31,43
18,0,18,0
0,20,20,5
2,0,2,0
1,0,1,0
1,0,1,0
4,0,4,0
3,0,3,0
2,0,2,0
28,0,28,0
0,60,60,22
4,0,4,0
2,0,2,0
13,0,13,0
0,1,1,6
0,2,2,1
9,0,9,0
0,9,9,23
2,0,2,0
12,0,12,0
17,0,17,0
3,0,3,0
7,0,7,0
1,0,1,0
2,0,2,0
1,0,1,0
11,0,11,0
0,19,19,8
4,0,4,0
1,0,1,0
4,0,4,0
2,0,2,0
1,0,1,0
0,4,4,15
3,0,3,0
2,0,2,0
6,0,6,0
3,0,3,0
1,0,1,0
2,0,2,0
0,1,1,9
5,0,5,0
14,0,14,0
3,0,3,0
0,237,237,34
6,0,6,0
3,0,3,0
1,0,1,0
1,0,1,0
0,4,4,5
95,0,95,0
1,0,1,0
1,0,1,0
4,0,4,0
2,0,2,0
3,0,3,0
1,0,1,0
1,0,1,0
3,0,3,0
8,0,8,0
1,0,1,0
6,0,6,0
0,3,3,61
0,13,13,37
1,0,1,0
4,0,4,0
2,0,2,0
1,0,1,0
1,0,1,0
1,0,1,0
4,0,4,0
5,0,5,0
7,0,7,0
1,0,1,0
1,0,1,0
2,0,2,0
3,0,3,0
0,113,113,140
4,0,4,0
59,0,59,0
0,5,5,15
14,0,14,0
5,0,5,0
0,3,3,4
0,14,14,3
0,27,27,12
5,0,5,0
1,0,1,0
0,17,17,46
4,0,4,0
4,0,4,0
3,0,3,0
30,0,30,0
26,0,26,0
2,0,2,0
7,0,7,0
0,4,4,10
0,27,27,7
3,0,3,0
0,5,5,14
0,5,5,13
1,0,1,0
0,6,6,4
2,0,2,0
36,0,36,0
6,0,6,0
3,0,3,0
1,0,1,0
8,0,8,0
4,0,4,0
1,0,1,0
30,0,30,0
1,0,1,0
1,0,1,0
1,0,1,0
12,0,12,0
16,0,16,0
29,0,29,0
0,12,12,6
149,0,149,0
1,0,1,0
6,0,6,0
1,0,1,0
2,0,2,0
2,0,2,0
2,0,2,0
0,14,14,1
5,0,5,0
1,0,1,0
1,0,1,0
3,0,3,0
2,0,2,0
0,2,2,23
1,0,1,0
4,0,4,0
0,1,1,0
11,0,11,0
1,0,1,0
2,0,2,0
1,0,1,0
0,1,1,21
1,0,1,0
2,0,2,0
6,0,6,0
2,0,2,0
3,0,3,0
1,0,1,0
5,0,5,0
2,0,2,0
4,0,4,0
0,53,53,12
14,0,14,0
36,0,36,0
1,0,1,0
1,0,1,0
19,0,19,0
1,0,1,0
1,0,1,0
1,0,1,0
1,0,1,0
1,0,1,0
1,0,1,0
1,0,1,0
4,0,4,0
1,0,1,0
1,0,1,0
0,7,7,5
1,0,1,0
1,0,1,0
3,0,3,0
1,0,1,0
0,2,2,48
1,0,1,0
6,0,6,0
0,2,2,4
1,0,1,0
1,0,1,0
0,21,21,2
1,0,1,0
10,0,10,0
0,3,3,0
16,0,16,0
21,0,21,0
2,0,2,0
3,0,3,0
12,0,12,0
52,0,52,0
0,1,1,12
4,0,4,0
1,0,1,0
2,0,2,0
0,7,7,18
6,0,6,0
6,0,6,0
2,0,2,0
9,0,9,0
0,6,6,21
0,18,18,23
7,0,7,0
1,0,1,0
2,0,2,0
7,0,7,13
3,0,3,0
8,0,8,0
1,0,1,0
1,0,1,0
0,1,1,5
0,22,22,15
3,0,3,0
4,0,4,0
0,5,5,0
36,0,36,0
1,0,1,0
3,0,3,0
5,0,5,0
2,0,2,0
0,21,21,31
0,5,5,28
1,0,1,0
4,0,4,0
1,0,1,0
2,0,2,0
1,0,1,0
8,0,8,0
0,68,68,101
5,0,5,0
0,8,8,0
0,6,6,17
4,0,4,0
2,0,2,0
4,0,4,0
19,0,19,0
0,3,3,2
6,0,6,0
1,0,1,0
2,0,2,0
23,0,23,0
7,0,7,0
4,0,4,0
7,0,7,0
9,0,9,0
1,0,1,0
7,0,7,0
3,0,3,0
4,0,4,0
0,149,149,6
0,1,1,4
0,3,3,34
1,0,1,0
8,0,8,0
1,0,1,0
0,1,1,9
5,0,5,0
0,2,2,0
6,0,6,0
3,0,3,0
2,0,2,0
0,18,18,11
1,0,1,0
1,0,1,0
3,0,3,0
20,0,20,0
3,0,3,0
17,0,17,0
6,0,6,0
2,0,2,0
4,0,4,0
0,4,4,16
2,0,2,0
0,4,4,10
1,0,1,0
1,0,1,0
15,0,15,0
5,0,5,0
24,0,24,0
2,0,2,0
1,0,1,0
3,0,3,0
5,0,5,0
3,0,3,0
1,0,1,0
2,0,2,0
0,19,19,2
1,0,1,0
0,89,89,1
5,0,5,0
1,0,1,0
2,0,2,0
31,0,31,0
1,0,1,0
1,0,1,0
1,0,1,0
1,0,1,0
5,0,5,0
0,2,2,15
83,0,83,0
1,0,1,0
9,0,9,0
0,5,5,36
8,0,8,0
2,0,2,0
10,0,10,0
0,5,5,3
11,0,11,0
1,0,1,0
2,0,2,0
2,0,2,0
1,0,1,0
0,2,2,65
2,0,2,0
10,0,10,0
3,0,3,0
0,14,14,54
0,5,5,1
3,0,3,0
0,36,36,5
1,0,1,0
12,0,12,0
5,0,5,0
7,0,7,0
3,0,3,0
2,0,2,18
4,0,4,0
1,0,1,0
3,0,3,0
0,3,3,9
1,0,1,0
0,9,9,26
1,0,1,0
1,0,1,0
2,0,2,0
2,0,2,0
1,0,1,0
9,0,9,0
0,4,4,9
4,0,4,0
2,0,2,0
20,0,20,0
0,195,195,37
0,7,7,3
15,0,15,0
0,18,18,4
2,0,2,0
42,0,42,0
1,0,1,0
4,0,4,0
2,0,2,0
1,0,1,0
1,0,1,0
1,0,1,0
3,0,3,0
1,0,1,0
0,236,236,22
92,0,92,0
1,0,1,0
2,0,2,0
1,0,1,0
0,1,1,41
5,0,5,0
0,11,11,15
0,97,97,47
0,205,205,125
0,4,4,2
2,0,2,0
1,0,1,0
5,0,5,0
1,0,1,0
7,0,7,0
21,0,21,0
2,0,2,0
3,0,3,0
2,0,2,0
5,0,5,0
13,0,13,0
0,32,32,37
0,1,1,4
3,0,3,0
17,0,17,0
4,0,4,0
1,0,1,0
12,0,12,0
6,0,6,0
4,0,4,0
52,0,52,0
0,1,1,42
4,0,4,0
0,2,2,15
0,3,3,1
0,1,1,3
1,0,1,0
0,3,3,11
3,0,3,0
6,0,6,0
13,0,13,0
1,0,1,0
4,0,4,0
0,15,15,5
7,0,7,0
7,0,7,0
1,0,1,0
0,23,23,3
0,7,7,4
3,0,3,0
59,0,59,0
8,0,8,0
42,0,42,0
24,0,24,0
3,0,3,0
1,0,1,0
1,0,1,0
0,4,4,77
0,58,58,10
0,6,6,5
1,0,1,0
2,0,2,0
0,123,123,9
1,0,1,0
5,0,5,0
2,0,2,0
1,0,1,0
0,11,11,2
0,30,30,6
7,0,7,0
1,0,1,0
10,0,10,0
0,286,286,19
0,4,4,41
4,0,4,0
1,0,1,0
4,0,4,0
0,2,2,3
3,0,3,0
0,1,1,18
0,1,1,10
16,0,16,0
6,0,6,0
10,0,10,0
0,9,9,17
11,0,11,0
0,39,39,79
4,0,4,0
7,0,7,0
0,66,66,11
12,0,12,0
3,0,3,0
0,11,11,6
1,0,1,0
14,0,14,0
1,0,1,0
4,0,4,0
0,3,3,0
1,0,1,0
17,0,17,0
2,0,2,0
0,7,7,5
2,0,2,0
2,0,2,0
2,0,2,0
2,0,2,0
0,3,3,0
3,0,3,0
0,1,1,8
6,0,6,0
0,87,87,11
1,0,1,0
12,0,12,0
2,0,2,0
0,27,27,24
7,0,7,0
94,0,94,0
1,0,1,0
2,0,2,0
65,0,65,0
2,0,2,0
4,0,4,0
9,0,9,0
1,0,1,0
4,0,4,0
49,0,49,0
63,0,63,0
5,0,5,0
0,3,3,13
1,0,1,0
1,0,1,0
1,0,1,0
1,0,1,0
2,0,2,0
10,0,10,0
25,0,25,0
4,0,4,0
1,0,1,0
2,0,2,0
4,0,4,0
1,0,1,0
3,0,3,0
1,0,1,0
99,0,99,0
36,0,36,0
0,4,4,9
10,0,10,0
11,0,11,0
1,0,1,0
2,0,2,0
1,0,1,0
1,0,1,0
12,0,12,0
7,0,7,0
0,4,4,36
3,0,3,0
1,0,1,0
0,11,11,4
3,0,3,0
3,0,3,0
2,0,2,0
10,0,10,0
2,0,2,0
1,0,1,0
0,26,26,2
0,9,9,20
10,0,10,0
0,1,1,1
1,0,1,0
8,0,8,0
0,2,2,3
32,0,32,0
6,0,6,0
22,0,22,0
0,2,2,0
2,0,2,0
2,0,2,0
4,0,4,0
5,0,5,0
42,0,42,0
12,0,12,0
1,0,1,0
9,0,9,0
4,0,4,0
1,0,1,0
4,0,4,0
1,0,1,0
58,0,58,0
9,0,9,0
32,0,32,0
1,0,1,0
3,0,3,0
3,0,3,0
8,0,8,0
9,0,9,0
6,0,6,0
7,0,7,0
23,0,23,0
8,0,8,0
1,0,1,0
140,0,140,0
0,405,405,31
2,0,2,0
0,30,30,35
1,0,1,0
0,64,64,15
2,0,2,0
0,2,2,29
12,0,12,0
1,0,1,0
0,13,13,39
6,0,6,0
0,1,1,12
29,0,29,0
64,0,64,0
16,0,16,0
7,0,7,0
0,48,48,25
3,0,3,0
1,0,1,0
2,0,2,0
0,4,4,16
5,0,5,0
0,7,7,37
13,0,13,0
244,0,244,0
22,0,22,0
3,0,3,0
0,6,6,10
3,0,3,0
0,18,18,6
4,0,4,0
1,0,1,0
10,0,10,0
12,0,12,0
4,0,4,0
0,37,37,37
35,0,35,0
1,0,1,0
3,0,3,0
7,0,7,0
1,0,1,0
151,0,151,0
24,0,24,0
0,21,21,3
24,0,24,0
0,600,600,30
2,0,2,0
16,0,16,0
2,0,2,0
6,0,6,0
0,65,65,48
1,0,1,0
1,0,1,0
14,0,14,0
0,1,1,3
0,5,5,19
0,4,4,5
20,0,20,0
1,0,1,0
4,0,4,0
3,0,3,0
1,0,1,0
1,0,1,0
0,1,1,27
4,0,4,0
0,4,4,1
1,0,1,0
2,0,2,0
0,121,121,1
4,0,4,0
2,0,2,0
1,0,1,0
1,0,1,0
7,0,7,0
6,0,6,0
1,0,1,0
0,60,60,21
1,0,1,0
3,0,3,0
0,45,45,57
0,1,1,30
3,0,3,0
22,0,22,0
9,0,9,0
6,0,6,0
0,19,19,2
1,0,1,0
12,0,12,0
8,0,8,94
0,1,1,0
2,0,2,0
2,0,2,0
0,167,167,60
91,0,91,0
8,0,8,0
4,0,4,0
1,0,1,0
17,0,17,0
4,0,4,0
89,0,89,0
0,2,2,2
5,0,5,0
4,0,4,0
2,0,2,0
4,0,4,0
0,11,11,1
314,0,314,0
1,0,1,0
9,0,9,0
31,0,31,0
1,0,1,0
0,1,1,0
0,11,11,3
2,0,2,0
0,2,2,0
0,2,2,127
1,0,1,0
3,0,3,0
3,0,3,0
0,43,43,37
53,0,53,0
12,0,12,0
1,0,1,0
4,0,4,0
1,0,1,0
3,0,3,0
8,0,8,0
3,0,3,0
3,0,3,0
1,0,1,0
1,0,1,0
0,1,1,1
4,0,4,0
7,0,7,0
0,1,1,45
55,0,55,0
4,0,4,0
4,0,4,0
1,0,1,0
0,204,204,25
1,0,1,0
5,0,5,0
0,61,61,24
0,2,2,1
1,0,1,0
45,0,45,0
1,0,1,0
22,0,22,0
43,0,43,0
1,0,1,0
0,21,21,9
11,0,11,0
0,5,5,22
9,0,9,0
1,0,1,0
5,0,5,0
4,0,4,0
0,8,8,15
3,0,3,0
1,0,1,0
0,1,1,0
1,0,1,0
0,13,13,17
13,0,13,0
0,10,10,5
0,1,1,1
2,0,2,0
34,0,34,0
17,0,17,0
2,0,2,0
1,0,1,0
27,0,27,0
2,0,2,0
1,0,1,0
1,0,1,0
1,0,1,0
0,2,2,0
1,0,1,0
0,10,10,9
2,0,2,0
2,0,2,0
8,0,8,0
1,0,1,0
0,3,3,127
0,5,5,25
1,0,1,0
0,2,2,0
4,0,4,0
0,6,6,151
4,0,4,0
1,0,1,0
0,2,2,2
28,0,28,0
3,0,3,0
1,0,1,0
8,0,8,0
0,1,1,0
0,15,15,3
1,0,1,0
12,0,12,0
2,0,2,0
0,3,3,3
10,0,10,0
10,0,10,0
2,0,2,0
1,0,1,0
177,0,177,0
2,0,2,0
0,4,4,4
2,0,2,0
1,0,1,0
1,0,1,0
1,0,1,0
2,0,2,0
107,0,107,0
6,0,6,0
0,1,1,96
16,0,16,0
52,0,52,0
6,0,6,0
12,0,12,0
3,0,3,0
0,2,2,42
1,0,1,0
0,75,75,0
1,0,1,0
2,0,2,0
6,0,6,0
1,0,1,0
0,11,11,28
2,0,2,0
3,0,3,0
0,2,2,13
2,0,2,0
3,0,3,0
1,0,1,0
2,0,2,0
0,4,4,6
7,0,7,0
0,6,6,41
21,0,21,0
2,0,2,0
0,7,7,2
5,0,5,0
0,13,13,7
155,0,155,0
28,0,28,0
0,3,3,33
2,0,2,0
0,26,26,22
57,0,57,0
9,0,9,0
3,0,3,0
2,0,2,0
13,0,13,0
2,0,2,0
99,0,99,0
40,0,40,0
1,0,1,0
1,0,1,0
0,3,3,0
1,0,1,0
1,0,1,0
2,0,2,0
0,5,5,15
1,0,1,0
0,9,9,63
4,0,4,0
8,0,8,0
1,0,1,0
0,43,43,6
1,0,1,0
1,0,1,0
10,0,10,0
0,8,8,32
0,1,1,48
4,0,4,0
1,0,1,0
13,0,13,0
0,27,27,1
0,3,3,3
0,44,44,23
2,0,2,0
1,0,1,0
1,0,1,0
15,0,15,0
0,6,6,28
3,0,3,0
0,21,21,2
0,2,2,8
47,0,47,0
0,9,9,14
2,0,2,0
4,0,4,0
94,0,94,0
6,0,6,0
1,0,1,0
0,1,1,9
3,0,3,0
0,10,10,3
3,0,3,0
9,0,9,0
0,5,5,8
3,0,3,0
1,0,1,0
1,0,1,0
15,0,15,0
1,0,1,0
4,0,4,0
7,0,7,0
6,0,6,0
1,0,1,0
0,1,1,0
25,0,25,0
9,0,9,0
0,6,6,15
3,0,3,0
7,0,7,0
16,0,16,0
3,0,3,0
1,0,1,0
6,0,6,0
1,0,1,0
1,0,1,0
9,0,9,0
1,0,1,0
2,0,2,0
2,0,2,0
8,0,8,0
1,0,1,0
0,2,2,2
0,1,1,3
38,0,38,0
11,0,11,0
0,37,37,1
0,165,165,67
1,0,1,0
2,0,2,0
1,0,1,0
1,0,1,0
86,0,86,0
6,0,6,0
2,0,2,0
5,0,5,0
0,3,3,4
1,0,1,0
7,0,7,0
2,0,2,0
1,65,66,0
3,0,3,0
6,0,6,0
5,0,5,0
1,0,1,0
2,0,2,0
2,0,2,0
1,0,1,0
5,0,5,0
1,0,1,0
7,0,7,0
18,0,18,0
322,0,322,0
1,0,1,0
1,0,1,0
12,0,12,0
0,1,1,11
9,0,9,0
12,0,12,0
4,0,4,0
2,0,2,0
2,0,2,0
1,0,1,0
43,0,43,0
1,0,1,0
0,2,2,5
1,0,1,0
0,4,4,0
1,0,1,0
1,0,1,0
47,0,47,0
0,153,153,51
2,0,2,0
1,0,1,0
1,0,1,0
0,57,57,29
7,0,7,0
140,0,140,0
0,7,7,1
5,0,5,0
3,0,3,0
16,0,16,0
0,14,14,57
18,0,18,0
7,0,7,0
7,0,7,0
1,0,1,0
2,0,2,0
4,0,4,0
4,0,4,0
2,0,2,0
5,0,5,0
7,0,7,0
2,0,2,0
2,0,2,0
54,0,54,0
1,0,1,0
1,0,1,0
0,1,1,1
21,0,21,0
9,0,9,0
3,0,3,0
1,0,1,0
1,0,1,0
0,24,24,1
1,0,1,0
1,0,1,0
1,0,1,0
4,0,4,0
2,0,2,0
2,0,2,0
4,0,4,0
0,9,9,11
10,0,10,0
10,0,10,0
0,11,11,37
0,3,3,13
2,0,2,0
3,0,3,0
0,5,5,0
6,0,6,0
2,0,2,0
1,0,1,0
0,6,6,15
0,15,15,133
1,0,1,0
6,0,6,0
1,0,1,0
0,3,3,8
2,0,2,0
0,20,20,3
50,0,50,0
0,3,3,9
0,2,2,57
3,0,3,0
6,0,6,0
1,0,1,0
2,0,2,0
1,0,1,0
1,0,1,0
0,1,1,6
2,0,2,0
1,0,1,0
3,0,3,0
2,0,2,0
0,2,2,1
0,23,23,0
7,0,7,0
1,0,1,0
1,0,1,0
1,0,1,0
4,0,4,0
1,0,1,0
18,0,18,0
10,0,10,0
2,0,2,0
1,0,1,0
1,0,1,0
18,0,18,0
1,0,1,0
4,0,4,0
12,0,12,0
0,1238,1238,48
4,0,4,0
9,0,9,0
3,0,3,0
4,0,4,0
3,0,3,0
5,0,5,0
16,0,16,0
14,0,14,0
6,0,6,0
4,0,4,0
0,1,1,2
1,0,1,0
4,0,4,0
0,3,3,29
1,0,1,0
44,0,44,0
0,1,1,16
3,0,3,0
4,0,4,0
0,2,2,47
1,0,1,0
0,1,1,136
5,0,5,0
5,0,5,0
2,0,2,0
0,396,396,38
1,0,1,0
6,0,6,0
0,10,10,39
0,2,2,3
17,0,17,0
14,0,14,0
0,8,8,15
3,0,3,0
1,0,1,0
6,0,6,0
4,0,4,0
0,1,1,21
0,1,1,21
0,5,5,13
3,0,3,0
0,1,1,52
3,0,3,0
0,31,31,30
19,0,19,0
1,0,1,0
13,0,13,0
1,0,1,0
1,0,1,0
1,0,1,0
5,0,5,0
0,33,33,1
0,5,5,18
1,0,1,0
15,0,15,0
1,0,1,0
3,0,3,0
0,39,39,33
2,0,2,0
3,0,3,0
2,0,2,0
7,0,7,0
0,191,191,10
1,0,1,0
11,0,11,0
77,0,77,0
4,0,4,0
0,46,46,20
183,0,183,0
1,0,1,0
1,0,1,0
1,0,1,0
5,0,5,0
1,0,1,0
1,0,1,0
7,0,7,0
1,0,1,0
1,0,1,0
1,0,1,0
14,0,14,0
1,0,1,0
6,0,6,0
5,0,5,0
0,1,1,0
0,4,4,37
2,0,2,0
0,2,2,3
1,0,1,0
4,0,4,0
191,0,191,0
33,0,33,0
0,4,4,9
7,0,7,0
1,0,1,0
10,0,10,0
3,0,3,0
31,0,31,0
0,3,3,0
3,0,3,0
2,0,2,0
2,0,2,0
0,34,34,6
2,0,2,0
6,0,6,0
24,0,24,0
2,0,2,0
1,0,1,0
8,0,8,0
2,0,2,0
26,0,26,0
0,30,30,1
2,0,2,0
1,0,1,0
7,0,7,0
0,1,1,0
0,6,6,8
1,0,1,0
18,0,18,0
12,0,12,0
17,0,17,0
4,0,4,0
2,0,2,0
0,8,8,24
0,6,6,8
43,0,43,0
3,0,3,0
0,63,63,18
18,0,18,0
14,0,14,0
21,0,21,0
2,0,2,0
20,0,20,0
0,180,180,16
1,0,1,0
5,0,5,0
0,5,5,7
1,0,1,0
3,0,3,0
1,0,1,0
1,0,1,0
2,0,2,0
8,0,8,0
1,0,1,0
2,0,2,0
5,0,5,0
0,5,5,20
0,3,3,1
1,0,1,0
5,0,5,0
4,0,4,0
3,0,3,0
2,0,2,0
6,0,6,0
4,0,4,0
12,0,12,0
5,0,5,0
4,0,4,0
63,0,63,0
0,79,79,15
1,0,1,0
2,0,2,0
0,1,1,63
2,0,2,0
0,5,5,1
0,1,1,59
1,0,1,0
1,0,1,0
1,0,1,0
1,0,1,0
2,0,2,0
2,0,2,0
0,1,1,38
9,0,9,0
0,17,17,25
0,147,147,95
39,0,39,0
1,0,1,0
1,0,1,0
13,0,13,0
3,0,3,0
3,0,3,0
0,2,2,0
0,23,23,5
5,0,5,0
1,0,1,0
1,0,1,0
1,0,1,0
10,0,10,0
13,0,13,0
0,13,13,1
1,0,1,0
0,21,21,0
0,124,124,13
157,0,157,0
23,0,23,0
0,1,1,18
0,26,26,1
4,0,4,0
2,0,2,0
32,0,32,0
1,0,1,0
2,0,2,0
1,0,1,0
2,0,2,0
0,24,24,16
9,0,9,0
2,0,2,0
2,0,2,0
3,0,3,0
4,0,4,0
3,0,3,0
4,0,4,0
21,0,21,0
3,0,3,0
2,0,2,0
3,0,3,0
3,0,3,0
26,0,26,0
1,0,1,0
4,0,4,0
0,1,1,4
10,0,10,0
0,6,6,11
1,0,1,0
1,0,1,0
19,0,19,0
2,0,2,0
0,150,150,37
152,0,152,0
1,0,1,0
0,81,81,10
0,3,3,2
3,0,3,0
11,0,11,0
0,10,10,2
48,0,48,0
0,2,2,72
0,9,9,4
1,0,1,0
1,0,1,0
1,0,1,0
3,0,3,0
3,0,3,0
2,0,2,0
0,2,2,18
0,7,7,19
1,0,1,0
1,0,1,0
4,0,4,0
3,0,3,0
1,15,16,34
3,0,3,0
9,0,9,0
2,0,2,0
3,0,3,0
4,0,4,0
0,1,1,8
1,0,1,0
1,0,1,0
4,0,4,0
2,0,2,0
6,0,6,0
0,21,21,16
1,0,1,0
6,0,6,0
4,0,4,0
0,87,87,22
93,0,93,0
2,0,2,0
110,0,110,0
13,0,13,0
0,317,317,129
2,0,2,0
198,0,198,0
1,0,1,0
1,0,1,0
1,0,1,0
0,396,396,6
0,103,103,134
1,0,1,0
6,0,6,0
99,0,99,0
0,173,173,1
11,0,11,0
5,0,5,0
1,0,1,0
3,0,3,0
3,0,3,0
3,0,3,0
0,17,17,27
6,0,6,0
0,20,20,36
1,0,1,0
5,0,5,0
14,0,14,0
6,0,6,0
3,0,3,0
0,1,1,30
1,0,1,0
1,0,1,0
1,0,1,0
5,0,5,0
2,0,2,0
1,0,1,0
7,0,7,0
0,12,12,19
8,0,8,0
8,0,8,0
2,0,2,0
0,14,14,2
3,0,3,0
33,0,33,0
0,16,16,35
0,4,4,8
0,58,58,48
0,36,36,5
21,0,21,0
0,8,8,82
0,39,39,13
11,0,11,0
4,0,4,0
0,1,1,22
3,0,3,0
1,0,1,0
1,0,1,0
0,3,3,9
2,0,2,0
0,20,20,4
4,0,4,0
0,11,11,43
1,0,1,0
1,0,1,0
1,0,1,0
5,0,5,0
14,0,14,0
0,120,120,79
1,0,1,0
2,0,2,0
3,0,3,0
1,0,1,0
0,92,92,47
7,0,7,0
7,0,7,0
0,12,12,7
6,0,6,0
0,5,5,58
3,0,3,0
1,0,1,0
1,0,1,0
0,1,1,10
0,24,24,3
3,0,3,0
2,0,2,0
2,0,2,0
0,2,2,11
1,0,1,0
5,0,5,0
0,1,1,5
2,0,2,0
2,0,2,0
6,0,6,0
2,0,2,0
4,0,4,0
39,0,39,0
3,0,3,0
0,2,2,5
5,0,5,0
1,0,1,0
5,0,5,0
5,0,5,0
5,0,5,0
1,0,1,0
7,0,7,0
0,2,2,7
3,0,3,0
7,0,7,0
1,0,1,0
2,0,2,0
11,0,11,0
1,0,1,0
1,0,1,0
34,0,34,0
5,0,5,0
30,0,30,0
1,0,1,0
21,0,21,0
0,5,5,60
6,0,6,0
0,15,15,22
1,0,1,0
0,52,52,36
2,0,2,0
1,0,1,0
0,2,2,7
4,0,4,0
26,0,26,0
1,0,1,0
1,0,1,0
5,0,5,0
1,0,1,0
0,35,35,8
3,0,3,0
27,0,27,0
1,0,1,0
82,0,82,0
2,0,2,0
0,8,8,17
1,0,1,0
4,0,4,0
1,0,1,0
0,13,13,6
0,2,2,11
1,0,1,0
0,1,1,1
1,0,1,0
25,0,25,0
1,0,1,0
2,0,2,0
13,0,13,0
0,4,4,14
19,0,19,0
0,6,6,9
1,0,1,0
12,0,12,0
0,2,2,4
0,1,1,16
7,0,7,0
3,0,3,1
1,0,1,0
10,0,10,0
1,0,1,0
6,0,6,0
10,0,10,0
1,0,1,0
0,24,24,11
1,0,1,0
2,0,2,0
1,0,1,0
0,1,1,17
1,0,1,0
4,0,4,0
0,28,28,20
7,0,7,0
0,2,2,17
3,0,3,0
12,0,12,0
0,117,117,13
1,0,1,0
0,16,16,7
1,0,1,0
3,0,3,0
80,0,80,0
9,0,9,0
1,0,1,0
4,0,4,0
2,0,2,0
4,0,4,0
1,0,1,0
4,0,4,0
0,384,384,33
0,3,3,24
1,0,1,0
6,0,6,0
0,13,13,34
0,1,1,7
0,1,1,13
1,0,1,0
6,0,6,0
5,0,5,0
4,0,4,0
1,0,1,0
1,0,1,0
20,0,20,0
2,0,2,0
12,0,12,0
1,0,1,0
6,0,6,0
9,0,9,0
0,1,1,31
6,0,6,0
1,0,1,0
9,0,9,0
3,0,3,0
0,4,4,2
1,0,1,0
7,0,7,0
2,0,2,0
3,0,3,0
1,0,1,0
6,0,6,0
1,0,1,0
1,0,1,0
4,0,4,0
0,5,5,1
17,0,17,0
4,0,4,0
213,0,213,0
0,1,1,0
3,0,3,0
1,0,1,0
1,0,1,0
99,0,99,0
2,0,2,0
74,0,74,0
3,0,3,0
2,0,2,0
5,0,5,0
6,0,6,0
1,0,1,0
0,1,1,84
0,11,11,28
0,72,72,31
28,0,28,0
1,0,1,0
0,6,6,1
3,0,3,0
1,0,1,0
3,0,3,0
1,0,1,0
2,0,2,0
0,8,8,58
9,0,9,0
17,0,17,0
2,0,2,0
0,11,11,69
6,0,6,0
1,0,1,0
1,0,1,0
0,4,4,2
2,0,2,0
0,1,1,7
1,0,1,0
1,0,1,0
0,9,9,19
11,0,11,0
1,0,1,0
3,0,3,0
1,0,1,0
19,0,19,0
0,2,2,1
4,0,4,0
0,1,1,3
0,27,27,3
1,0,1,0
5,0,5,0
1,0,1,0
0,2,2,9
0,2,2,6
6,0,6,0
1,0,1,0
1,0,1,0
0,13,13,41
2,0,2,0
0,9,9,14
3,0,3,0
1,0,1,0
1,0,1,0
3,0,3,0
5,0,5,0
78,0,78,0
2,0,2,0
2,0,2,0
14,0,14,0
1,0,1,0
15,0,15,0
1,0,1,0
2,0,2,0
9,0,9,0
33,0,33,0
1,0,1,0
1,0,1,0
1,0,1,0
3,0,3,0
0,22,22,10
0,205,205,37
6,0,6,0
1,0,1,0
1,0,1,0
1,0,1,0
2,0,2,0
2,0,2,0
1,0,1,0
1,0,1,0
1,0,1,0
1,0,1,0
1,0,1,0
7,0,7,0
74,0,74,0
1,0,1,0
6,0,6,0
1,0,1,0
10,0,10,0
3,0,3,0
4,0,4,0
0,1,1,0
0,45,45,48
8,0,8,0
0,3,3,5
7,0,7,0
0,3,3,125
0,24,24,3
3,0,3,0
3,0,3,0
3,0,3,0
0,1,1,0
0,8,8,1
2,0,2,0
9,0,9,0
1,0,1,0
3,0,3,0
2,0,2,0
5,0,5,0
1,0,1,0
29,0,29,0
16,0,16,0
5,0,5,0
3,0,3,0
5,0,5,0
11,0,11,0
0,2,2,5
0,2,2,3
9,0,9,0
9,0,9,0
0,14,14,11
1,0,1,0
1,0,1,0
2,0,2,0
0,5,5,25
3,0,3,0
4,0,4,0
1,0,1,0
2,0,2,0
3,0,3,0
5,0,5,0
1,0,1,0
1,0,1,0
127,0,127,0
0,112,112,3
5,0,5,0
4,0,4,0
1,0,1,0
0,2,2,1
0,26,26,6
9,0,9,0
12,0,12,0
10,0,10,0
2,0,2,0
0,88,88,28
11,0,11,0
1,0,1,0
2,0,2,0
1,0,1,0
1,0,1,0
1,0,1,0
10,0,10,0
3,0,3,0
1,0,1,0
4,0,4,0
0,60,60,19
1,0,1,0
1,0,1,0
35,0,35,0
0,18,18,8
4,0,4,0
6,0,6,0
0,100,100,111
4,0,4,0
0,6,6,10
2,0,2,0
0,20,20,4
10,0,10,0
3,0,3,0
14,0,14,0
1,0,1,0
1,0,1,0
0,2,2,37
2,0,2,0
7,0,7,0
2,0,2,0
1,0,1,0
2,0,2,0
1,0,1,0
2,0,2,0
2,0,2,0
0,52,52,3
1,0,1,0
8,0,8,0
1,0,1,0
1,0,1,0
10,0,10,0
12,0,12,0
0,33,33,25
4,0,4,0
1,0,1,0
11,0,11,0
0,4,4,37
2,0,2,0
1,0,1,0
5,0,5,0
1,0,1,0
0,27,27,4
3,0,3,0
1,0,1,0
1,0,1,0
2,0,2,0
0,4,4,67
1,0,1,0
0,113,113,18
25,0,25,0
0,3,3,14
1,0,1,0
9,0,9,0
2,0,2,0
0,6,6,14
2,0,2,0
0,6,6,39
0,10,10,7
7,0,7,0
2,0,2,0
2,0,2,0
3,0,3,0
1,0,1,0
0,9,9,24
3,0,3,0
1,0,1,0
2,0,2,0
0,1,1,65
4,0,4,0
0,5,5,18
0,224,224,0
3,0,3,0
0,1,1,16
6,0,6,0
2,0,2,0
1,0,1,0
1,0,1,0
8,0,8,0
3,0,3,0
0,20,20,3
5,0,5,0
6,0,6,0
1,0,1,0
1,0,1,0
12,0,12,0
1,0,1,0
3,0,3,0
0,9,9,11
1,0,1,0
14,0,14,0
5,0,5,0
0,1,1,102
0,125,125,102
3,0,3,0
3,0,3,0
1,0,1,0
5,0,5,0
1,0,1,0
0,4,4,24
4,0,4,0
5,0,5,0
1,0,1,0
8,0,8,0
1,0,1,0
2,0,2,0
0,1,1,2
1,0,1,0
2,0,2,0
14,0,14,0
7,0,7,0
2,0,2,0
2,0,2,0
11,0,11,0
0,15,15,57
8,0,8,0
0,2,2,263
6,0,6,0
0,1,1,21
0,25,25,24
0,169,169,7
5,0,5,0
0,4,4,74
4,0,4,0
43,0,43,0
1,0,1,0
4,0,4,0
0,7,7,23
26,0,26,0
28,0,28,0
0,24,24,31
4,0,4,0
0,30,30,18
0,1,1,1
0,6,6,2
2,0,2,0
0,4,4,69
2,0,2,0
0,1,1,1
1,0,1,0
13,0,13,0
11,0,11,0
3,0,3,0
0,5,5,0
0,26,26,62
5,0,5,0
0,1,1,2
4,0,4,0
0,11,11,49
2,0,2,0
5,0,5,0
0,194,194,31
1,0,1,0
0,3,3,2
4,0,4,0
35,0,35,0
2,0,2,0
7,0,7,0
1,0,1,0
1,0,1,0
1,0,1,0
6,0,6,0
11,0,11,0
7,0,7,0
1,0,1,0
1,0,1,0
2,0,2,0
2,0,2,0
4,0,4,0
8,0,8,0
1,0,1,0
1,0,1,0
6,0,6,0
5,0,5,0
335,0,335,0
1,0,1,0
1,0,1,0
6,0,6,0
1,0,1,0
1,0,1,0
3,0,3,0
1,0,1,0
1,0,1,0
20,0,20,0
16,0,16,0
6,0,6,0
1,0,1,0
4,0,4,0
0,20,20,32
7,0,7,0
0,9,9,36
1,0,1,0
1,0,1,0
2,0,2,0
1,0,1,0
3,0,3,0
1,0,1,0
7,0,7,0
4,0,4,0
2,0,2,0
1,0,1,0
3,0,3,0
174,0,174,0
1,0,1,0
0,1,1,22
27,0,27,0
5,0,5,0
0,3,3,121
6,0,6,0
1,0,1,0
2,0,2,0
1,0,1,0
4,0,4,0
15,0,15,0
0,4,4,12
2,0,2,0
1,0,1,0
169,0,169,0
0,4,4,0
3,0,3,0
2,0,2,0
0,18,18,0
14,0,14,0
5,0,5,0
1,0,1,0
2,0,2,0
1,0,1,0
81,0,81,0
0,12,12,33
7,0,7,0
4,0,4,0
5,0,5,0
1,0,1,0
3,0,3,0
2,0,2,0
1,0,1,0
5,0,5,0
0,3,3,1
1,0,1,0
1,0,1,0
3,0,3,0
1,0,1,0
1,0,1,0
1,0,1,0
1,0,1,0
0,4,4,13
0,1,1,3
80,0,80,0
6,0,6,0
5,0,5,0
3,0,3,0
14,0,14,0
2,0,2,0
0,23,23,4
1,0,1,0
3,0,3,0
3,0,3,0
0,25,25,17
1,0,1,0
0,1,1,0
0,5,5,7
1,0,1,0
1,0,1,0
5,0,5,0
0,13,13,6
1,0,1,0
12,0,12,0
17,0,17,0
3,0,3,0
0,1,1,30
1,0,1,0
2,0,2,0
3,0,3,0
0,286,286,6
4,0,4,0
6,0,6,0
0,1,1,21
0,4,4,1
1,0,1,0
1,0,1,0
4,0,4,0
2,0,2,0
0,4,4,36
1,0,1,0
3,0,3,0
0,46,46,13
4,0,4,0
12,0,12,0
3,0,3,0
6,0,6,0
1,0,1,0
6,0,6,0
3,0,3,0
0,7,7,309
0,4,4,107
0,59,59,7
4,0,4,0
2,0,2,0
1,0,1,0
6,0,6,0
0,117,117,37
25,0,25,0
4,0,4,0
1,0,1,0
0,893,893,12
0,2,2,0
6,0,6,0
5,0,5,0
0,4,4,12
1,0,1,0
2,0,2,0
0,11,11,7
7,0,7,0
2,0,2,0
1,0,1,0
139,0,139,0
23,0,23,0
2,0,2,0
34,0,34,0
6,0,6,0
0,27,27,15
3,0,3,0
0,12,12,11
2,0,2,0
26,0,26,0
1,0,1,0
3,0,3,0
0,4,4,1
4,0,4,0
3,0,3,0
1,0,1,0
8,0,8,0
2,0,2,0
4,0,4,0
0,228,228,46
0,56,56,35
2,0,2,0
3,0,3,0
2,0,2,0
1,0,1,0
0,1,1,113
0,1,1,9
12,0,12,0
2,0,2,0
6,0,6,0
1,0,1,0
0,9,9,23
3,0,3,0
0,1,1,6
3,0,3,0
0,6,6,76
6,0,6,0
1,0,1,0
4,0,4,0
0,29,29,13
21,0,21,0
1,0,1,0
6,0,6,0
7,0,7,0
0,11,11,43
0,3,3,21
4,0,4,0
1,0,1,0
1,0,1,0
6,0,6,0
5,0,5,0
0,1,1,10
3,0,3,0
526,0,526,0
0,2,2,6
1,0,1,0
1,0,1,0
6,0,6,0
7,0,7,0
1,0,1,0
246,0,246,0
0,12,12,20
1,0,1,0
0,1,1,4
5,0,5,0
0,1,1,0
3,0,3,0
1,0,1,0
0,19,19,6
1,0,1,0
1,0,1,0
2,0,2,0
9,0,9,0
1,0,1,0
30,0,30,0
1,0,1,0
1,0,1,0
0,2,2,1
4,0,4,0
0,4,4,26
0,2,2,48
2,0,2,0
3,0,3,0
4,0,4,0
0,81,81,35
1,0,1,0
0,1,1,1
3,0,3,0
5,0,5,0
3,0,3,0
1,0,1,0
8,0,8,0
2,0,2,0
1,0,1,0
0,17,17,30
3,0,3,0
3,0,3,0
1,0,1,0
8,0,8,0
0,2,2,3
2,0,2,0
0,5,5,45
6,0,6,0
0,294,294,38
1,0,1,0
3,0,3,0
0,21,21,4
0,20,20,13
4,0,4,0
2,0,2,0
0,1,1,3
1,0,1,0
16,0,16,0
1,0,1,0
0,13,13,22
1,0,1,0
4,0,4,0
0,1,1,15
2,0,2,0
1,0,1,0
0,13,13,19
1,0,1,0
2,0,2,0
8,0,8,0
8,0,8,0
67,0,67,0
13,0,13,0
0,8,8,19
1,0,1,0
1,0,1,0
5,0,5,0
6,0,6,0
6,0,6,0
2,0,2,0
3,0,3,0
0,1,1,4
1,0,1,0
0,10,10,48
1,0,1,0
0,4,4,0
2,0,2,0
8,0,8,0
1,0,1,0
3,0,3,0
2,0,2,0
1,0,1,0
0,46,46,19
5,0,5,0
1,0,1,0
1,0,1,0
3,0,3,0
5,0,5,0
0,2,2,14
2,0,2,0
2,0,2,0
5,0,5,0
17,0,17,0
0,1,1,6
3,0,3,0
2,0,2,0
3,0,3,0
1,0,1,0
2,0,2,0
4,0,4,0
1,0,1,0
0,1,1,0
0,4,4,4
1,0,1,0
0,2,2,6
1,0,1,0
3,0,3,0
0,22,22,5
2,0,2,0
1,0,1,0
7,0,7,0
0,3,3,2
2,0,2,0
0,94,94,9
0,9,9,11
3,0,3,0
2,0,2,0
2,0,2,0
0,5,5,15
25,0,25,0
1,0,1,0
17,0,17,0
1,0,1,0
11,0,11,0
1,0,1,0
1,0,1,0
34,0,34,0
6,0,6,0
0,4,4,6
0,9,9,46
9,0,9,0
24,0,24,0
1,0,1,0
2,0,2,0
35,0,35,0
1,0,1,0
0,3,3,2
12,0,12,0
2,0,2,0
3,0,3,0
1,0,1,0
2,0,2,0
7,0,7,0
0,2,2,6
1,0,1,0
0,1,1,1
3,0,3,0
1,0,1,0
0,24,24,19
2,0,2,0
2,0,2,0
1,0,1,0
3,0,3,0
1,0,1,0
7,0,7,0
10,0,10,0
32,0,32,0
41,0,41,0
0,56,56,214
40,0,40,0
3,0,3,0
6,0,6,0
1,0,1,0
41,0,41,0
0,6,6,3
8,0,8,0
4,0,4,0
0,1,1,5
4,0,4,0
0,28,28,36
41,0,41,0
1,0,1,0
1,0,1,0
0,7,7,160
4,0,4,0
7,0,7,0
17,0,17,0
3,0,3,0
2,0,2,0
8,0,8,0
6,0,6,0
3,0,3,0
1,0,1,0
0,39,39,4
49,0,49,0
0,51,51,1
0,26,26,42
6,0,6,0
7,0,7,0
5,0,5,0
1,0,1,0
1,0,1,0
1,0,1,0
1,0,1,0
0,40,40,15
8,0,8,0
0,4,4,47
15,0,15,0
0,5,5,19
2,0,2,0
2,0,2,0
0,3,3,1
0,5,5,3
1,0,1,0
0,5,5,24
1,0,1,0
3,0,3,0
9,0,9,0
1,0,1,0
1,0,1,0
4,0,4,0
0,14,14,5
1,0,1,0
3,0,3,0
4,0,4,0
2,0,2,0
9,0,9,0
4,0,4,0
1,0,1,0
2,0,2,0
0,7,7,3
1,0,1,0
0,1,1,12
19,0,19,0
0,2,2,25
0,7,7,36
1,0,1,0
1,0,1,0
1,0,1,0
1,0,1,0
4,0,4,0
0,36,36,27
16,0,16,0
0,4,4,7
0,2,2,15
2,0,2,0
61,0,61,0
1,0,1,0
1,0,1,0
1,0,1,0
1,0,1,0
0,155,155,40
0,3,3,15
0,75,75,54
1,0,1,0
0,6,6,19
1,0,1,0
0,3,3,9
6,0,6,0
0,5,5,22
0,1,1,52
4,0,4,0
5,0,5,0
11,0,11,0
0,2,2,30
1,0,1,0
9,0,9,0
33,0,33,0
13,0,13,0
25,0,25,0
0,4,4,1
0,2,2,20
1,0,1,0
30,0,30,0
0,75,75,6
4,0,4,0
5,0,5,0
0,232,232,121
12,0,12,0
0,47,47,6
6,0,6,0
0,2,2,32
0,1,1,2
4,0,4,0
1,0,1,0
5,0,5,0
7,0,7,0
1,0,1,0
1,0,1,0
0,2,2,4
0,14,14,93
0,11,11,26
0,32,32,11
9,0,9,0
3,0,3,0
1,0,1,0
1,0,1,0
17,0,17,0
1,0,1,0
1,0,1,0
111,0,111,0
213,0,213,0
3,0,3,0
0,174,174,53
15,0,15,0
0,178,178,177
0,16,16,84
0,2,2,12
20,0,20,0
0,1,1,28
0,6,6,19
5,0,5,0
2,0,2,0
0,30,30,36
3,0,3,0
6,0,6,0
69,0,69,0
0,5,5,13
1,0,1,0
1,0,1,0
2,0,2,0
1,0,1,0
0,13,13,23
9,0,9,0
1,0,1,0
2,0,2,0
0,3,3,27
1,0,1,0
4,0,4,0
0,1,1,0
17,0,17,0
1,0,1,0
15,0,15,0
1,0,1,0
1,0,1,0
0,84,84,13
5,0,5,0
5,0,5,0
1,0,1,0
119,0,119,0
0,5,5,22
0,17,17,47
2,0,2,0
22,0,22,0
0,30,30,23
42,0,42,0
2,0,2,0
1,0,1,0
32,0,32,0
0,64,64,1
0,5,5,24
13,0,13,0
2,0,2,0
117,0,117,0
28,0,28,0
3,0,3,0
0,2,2,0
5,0,5,0
2,0,2,0
0,171,171,24
0,49,49,18
0,1,1,1
2,0,2,0
0,1,1,8
3,0,3,0
28,0,28,0
5,0,5,0
0,5,5,7
2,0,2,0
1,0,1,0
1,0,1,0
0,3,3,18
0,33,33,3
26,0,26,0
1,0,1,0
6,0,6,0
4,0,4,0
50,0,50,0
60,0,60,0
1,0,1,0
12,0,12,0
1,0,1,0
4,0,4,0
0,10,10,21
0,2,2,70
1,0,1,0
2,0,2,0
0,8,8,2
2,0,2,0
1,0,1,0
0,1,1,10
1,0,1,0
5,0,5,0
3,0,3,0
0,25,25,18
0,3,3,41
0,2,2,1
2,0,2,0
5,0,5,0
3,0,3,0
2,0,2,0
10,0,10,0
0,7,7,5
2,0,2,0
5,0,5,0
2,0,2,0
0,4,4,0
4,0,4,0
0,233,233,1
1,0,1,0
28,0,28,0
0,11,11,25
3,0,3,0
8,0,8,0
2,0,2,0
26,0,26,0
2,0,2,0
1,0,1,0
20,0,20,0
1,0,1,0
3,0,3,0
3,0,3,0
5,0,5,0
0,3,3,12
1,0,1,0
0,1,1,4
1,0,1,0
5,0,5,0
0,4,4,9
2,0,2,0
0,17,17,41
2,0,2,0
1,0,1,0
6,0,6,0
2,0,2,0
0,1,1,36
1,0,1,0
1,0,1,0
1,0,1,0
11,0,11,0
2,0,2,0
6,0,6,0
0,1,1,6
4,0,4,0
29,0,29,0
2,0,2,0
2,0,2,0
26,0,26,0
1,0,1,0
42,0,42,0
0,9,9,0
6,0,6,0
0,8,8,49
5,0,5,0
0,1,1,9
2,0,2,0
2,0,2,0
9,0,9,0
9,0,9,0
0,5,5,17
6,0,6,0
24,0,24,0
0,10,10,33
3,0,3,0
3,0,3,0
1,0,1,0
5,0,5,0
29,0,29,0
3,0,3,0
0,7,7,2
7,0,7,0
11,0,11,0
0,1,1,0
3,0,3,0
0,6,6,24
24,44,68,18
61,0,61,0
0,9,9,8
0,14,14,6
1,0,1,0
7,0,7,0
6,0,6,0
7,0,7,0
2,0,2,0
1,0,1,0
5,0,5,0
0,2,2,0
2,0,2,0
2,0,2,0
2,0,2,0
4,0,4,0
1,0,1,0
1,0,1,0
129,0,129,0
2,0,2,0
1,0,1,0
0,1,1,2
1,0,1,0
10,0,10,0
1,0,1,0
9,0,9,0
1,0,1,0
1,0,1,0
1,0,1,0
7,0,7,0
2,0,2,0
0,2,2,0
1,0,1,0
3,0,3,0
1,0,1,0
0,30,30,5
63,0,63,0
2,0,2,0
1,0,1,0
1,0,1,0
0,19,19,66
1,0,1,0
1,0,1,0
1,0,1,0
0,13,13,12
19,0,19,0
0,3,3,14
0,51,51,0
2,0,2,0
3,0,3,0
14,0,14,0
40,0,40,0
7,0,7,0
1,0,1,0
2,0,2,0
1,0,1,0
1,0,1,0
44,0,44,0
2,0,2,0
0,11,11,112
9,0,9,0
2,0,2,0
1,0,1,0
0,6,6,11
1,26,27,1
10,0,10,0
3,0,3,0
1,0,1,0
2,0,2,0
0,1,1,9
0,1,1,8
162,0,162,0
1,0,1,0
0,2,2,10
0,2,2,7
5,0,5,0
0,24,24,8
1,0,1,0
0,7,7,14
31,0,31,0
4,0,4,0
0,1,1,32
1,0,1,0
13,0,13,0
2,0,2,0
0,1,1,50
1,0,1,0
2,0,2,0
9,0,9,0
1,0,1,0
0,9,9,32
5,0,5,0
1,0,1,0
2,0,2,0
6,0,6,0
4,0,4,0
1,0,1,0
34,0,34,0
3,0,3,0
95,0,95,0
7,0,7,0
0,5,5,28
0,40,40,21
11,0,11,0
2,0,2,0
1,0,1,0
0,3,3,98
0,48,48,13
1,0,1,0
2,0,2,0
116,0,116,0
164,0,164,0
6,0,6,0
9,0,9,0
1,0,1,0
13,0,13,0
0,234,234,89
1,0,1,0
1,0,1,0
1,0,1,0
4,0,4,0
2,0,2,0
0,10,10,5
2,0,2,0
1,0,1,51
2,0,2,0
5,0,5,0
0,4,4,15
5,0,5,0
0,2,2,1
1,0,1,0
0,4,4,13
62,0,62,0
6,0,6,0
0,40,40,44
1,0,1,0
0,10,10,5
8,0,8,0
0,39,39,5
3,0,3,0
0,19,19,43
3,0,3,0
19,0,19,0
7,0,7,0
1,0,1,0
48,0,48,0
0,90,90,6
1,0,1,0
17,0,17,0
0,5,5,58
0,1,1,10
18,0,18,0
2,0,2,0
0,2,2,28
1,0,1,0
0,25,25,14
1,0,1,0
42,0,42,0
3,0,3,0
2,0,2,0
0,2,2,10
1,0,1,0
3,0,3,0
5,0,5,0
0,1,1,0
4,0,4,0
0,7,7,77
2,0,2,0
4,0,4,0
2,0,2,0
11,0,11,0
2,0,2,0
1,0,1,0
1,0,1,0
15,0,15,0
2,0,2,0
10,0,10,0
2,0,2,0
2,0,2,0
0,39,39,10
3,0,3,0
5,0,5,0
18,0,18,0
16,0,16,0
0,1,1,0
1,0,1,0
1,0,1,0
1,0,1,0
1,0,1,0
1,0,1,0
281,0,281,0
0,1,1,46
1,0,1,0
0,38,38,22
2,0,2,0
2,0,2,0
19,0,19,0
0,6,6,14
0,6,6,28
0,3,3,9
0,2,2,12
23,0,23,0
3,0,3,0
10,0,10,0
1,0,1,0
9,0,9,0
11,0,11,0
0,8,8,1
0,9,9,11
16,0,16,0
1,0,1,0
67,0,67,0
3,0,3,0
3,0,3,0
0,2,2,4
2,0,2,0
7,0,7,0
3,0,3,0
0,11,11,8
0,1,1,0
7,0,7,0
3,0,3,0
20,0,20,0
2,0,2,0
1,0,1,0
1,0,1,0
0,101,101,1
0,2,2,10
1,0,1,0
6,0,6,0
0,348,348,12
13,0,13,0
10,0,10,0
3,0,3,0
0,12,12,3
0,4,4,46
1,0,1,0
1,0,1,0
0,103,103,26
2,0,2,0
2,0,2,0
5,0,5,0
1,0,1,0
0,9,9,1
0,15,15,6
0,1,1,100
3,0,3,0
3,0,3,0
3,0,3,0
0,17,17,41
0,6,6,30
15,0,15,0
0,1,1,102
3,0,3,0
14,0,14,0
2,0,2,0
0,14,14,0
7,0,7,0
4,0,4,0
2,0,2,0
0,15,15,1
0,3,3,99
9,0,9,0
20,0,20,0
1,0,1,0
0,3,3,2
1,0,1,0
12,0,12,0
2,0,2,0
7,0,7,0
5,0,5,0
0,1,1,4
7,0,7,0
0,2,2,15
22,0,22,0
0,8,8,12
5,0,5,0
1,0,1,0
1,0,1,0
0,3,3,55
3,0,3,0
7,0,7,0
15,0,15,0
1,0,1,0
10,0,10,0
2,0,2,0
2,0,2,0
5,0,5,0
3,0,3,0
4,0,4,0
47,0,47,0
0,23,23,9
4,0,4,0
5,0,5,0
18,0,18,0
4,0,4,0
8,0,8,0
1,0,1,0
4,0,4,0
0,4,4,1
1,0,1,0
0,1,1,49
125,0,125,0
0,1,1,12
0,19,19,10
3,0,3,0
1,0,1,0
2,0,2,0
0,8,8,8
6,0,6,0
4,0,4,0
40,0,40,0
5,0,5,0
1,0,1,0
0,3,3,6
4,0,4,0
2,0,2,0
16,0,16,0
0,1,1,2
0,20,20,24
5,0,5,0
5,0,5,0
1,0,1,0
4,0,4,0
1,0,1,0
3,0,3,0
2,0,2,0
0,6,6,52
4,0,4,0
1,0,1,0
2,0,2,0
1,0,1,0
0,14,14,51
1,0,1,0
0,8,8,5
0,61,61,0
5,0,5,0
3,0,3,0
1,0,1,0
4,0,4,0
1,0,1,0
0,11,11,12
31,0,31,0
1,0,1,0
1,0,1,0
3,0,3,0
7,0,7,0
4,0,4,0
1,0,1,0
3,0,3,0
1,0,1,0
0,11,11,8
0,1,1,8
2,0,2,0
3,0,3,0
0,4,4,0
209,0,209,0
4,0,4,0
1,0,1,0
1,0,1,0
1,0,1,0
4,0,4,0
1,0,1,0
1,0,1,0
0,23,23,56
0,7,7,11
0,2,2,18
0,1,1,32
0,3,3,3
86,0,86,0
2,0,2,0
2,0,2,0
8,0,8,0
2,0,2,0
2,0,2,0
1,0,1,0
1,0,1,0
1,0,1,0
0,1,1,9
1,0,1,0
21,0,21,0
6,0,6,0
0,15,15,67
9,0,9,0
146,0,146,0
1,0,1,0
0,20,20,44
2,0,2,0
57,0,57,0
40,0,40,0
0,11,11,49
0,7,7,6
109,0,109,0
8,0,8,0
11,0,11,0
3,0,3,0
5,0,5,0
2,0,2,0
1,0,1,0
1,0,1,0
153,0,153,0
0,51,51,19
7,0,7,0
6,0,6,0
1,0,1,0
41,0,41,0
4,0,4,0
0,17,17,13
29,0,29,0
0,1,1,10
2,0,2,0
0,1,1,7
2,0,2,0
1,0,1,0
1,0,1,0
1,0,1,0
0,54,54,3
35,0,35,0
4,0,4,0
1,0,1,0
1,0,1,0
12,0,12,0
0,2,2,86
3,0,3,0
9,0,9,0
0,122,122,13
0,153,153,36
0,2,2,16
2,0,2,0
1,0,1,0
2,0,2,0
0,5,5,40
3,0,3,0
14,0,14,0
15,0,15,0
0,4,4,4
1,0,1,0
0,20,20,4
2,0,2,0
0,12,12,7
2,0,2,0
1,0,1,0
89,0,89,0
2,0,2,0
3,0,3,0
90,0,90,0
1,0,1,0
1,3,4,10
1,0,1,0
1,0,1,0
0,20,20,36
5,0,5,0
34,0,34,0
0,39,39,10
2,0,2,0
0,28,28,1
1,0,1,0
2,0,2,0
1,0,1,0
0,6,6,18
6,0,6,0
5,0,5,0
5,0,5,0
4,0,4,0
0,2,2,1
7,0,7,0
27,0,27,0
1,0,1,0
1,0,1,0
4,0,4,0
0,1,1,25
2,0,2,0
3,0,3,0
1,0,1,0
5,0,5,0
0,8,8,13
3,0,3,0
6,0,6,0
3,0,3,0
2,0,2,0
1,0,1,0
1,0,1,0
1,0,1,0
0,27,27,24
1,0,1,0
2,0,2,0
1,0,1,0
0,5,5,3
3,0,3,0
19,0,19,0
3,0,3,0
1,0,1,0
1,0,1,0
1,0,1,0
1,0,1,0
0,2,2,16
1,0,1,0
0,2,2,4
45,0,45,0
1,0,1,0
3,0,3,0
0,89,89,62
3,0,3,0
1,0,1,0
0,6,6,3
0,3,3,2
0,16,16,27
2,0,2,0
0,25,25,14
0,5,5,5
6,0,6,0
7,0,7,0
2,0,2,0
0,4,4,3
3,0,3,0
3,0,3,0
0,2,2,37
9,0,9,0
0,3,3,11
9,0,9,0
2,0,2,0
1,0,1,0
0,2,2,2
0,18,18,19
0,8,8,33
0,13,13,18
2,0,2,0
3,0,3,0
4,0,4,0
0,9,9,2
3,0,3,0
16,0,16,0
0,8,8,0
0,1,1,18
0,5,5,56
12,0,12,0
4,0,4,0
4,0,4,0
48,0,48,0
1,0,1,0
1,0,1,0
2,0,2,0
1,0,1,0
0,14,14,202
1,0,1,0
1,0,1,0
0,1,1,5
2,0,2,0
3,0,3,0
1,0,1,0
0,3,3,16
16,0,16,0
1,0,1,0
7,0,7,0
0,8,8,5
1,0,1,0
8,0,8,0
0,76,76,20
1,0,1,0
0,110,110,4
124,0,124,0
10,0,10,0
5,0,5,0
7,0,7,0
2,0,2,0
0,6,6,16
1,0,1,0
0,18,18,1
6,0,6,0
1,0,1,0
1,0,1,0
4,0,4,0
0,3,3,31
3,0,3,0
3,0,3,0
1,0,1,0
4,0,4,0
116,0,116,0
8,0,8,0
1,0,1,0
0,9,9,37
2,0,2,0
10,0,10,0
1,0,1,0
1,0,1,0
0,5,5,18
1,0,1,0
21,0,21,0
26,0,26,0
3,0,3,0
6,0,6,0
4,0,4,0
1,0,1,0
1,0,1,0
7,0,7,0
0,96,96,38
1,0,1,0
0,66,66,1
1,0,1,0
2,0,2,0
6,0,6,0
39,0,39,0
25,0,25,0
1,0,1,0
2,0,2,0
2,0,2,0
0,16,16,71
5,0,5,0
0,12,12,43
5,0,5,0
1,0,1,0
0,3,3,2
0,5,5,8
1,0,1,0
0,4,4,0
25,0,25,0
18,0,18,0
0,1,1,1
5,0,5,0
31,0,31,0
0,10,10,7
4,0,4,0
2,0,2,0
0,1,1,27
3,0,3,0
3,0,3,0
1,0,1,0
2,0,2,0
0,21,21,96
2,0,2,0
0,2,2,0
1,0,1,0
2,0,2,0
0,36,36,5
14,0,14,0
4,0,4,0
1,0,1,0
1,0,1,0
6,0,6,0
0,2,2,127
20,0,20,0
1,0,1,0
1,0,1,0
1,0,1,0
11,0,11,0
3,0,3,0
436,0,436,0
7,0,7,0
2,0,2,0
0,23,23,46
42,0,42,0
1,0,1,0
5,0,5,0
1,0,1,0
1,0,1,0
4,0,4,0
1,0,1,0
0,1,1,22
2,0,2,0
14,0,14,0
15,0,15,0
5,0,5,0
10,0,10,0
0,23,23,14
3,0,3,0
8,0,8,0
3,0,3,0
0,9,9,36
9,0,9,0
1,0,1,0
2,0,2,0
1,0,1,0
11,0,11,0
0,6,6,9
0,1,1,1
1,0,1,0
2,0,2,0
1,0,1,0
4,0,4,0
17,0,17,0
0,8,8,28
1,0,1,0
6,0,6,0
1,0,1,0
8,0,8,0
2,0,2,0
1,0,1,0
0,1,1,0
4,0,4,0
4,0,4,0
42,0,42,0
1,0,1,0
1,0,1,0
0,1,1,4
4,0,4,0
1,0,1,0
1,0,1,0
5,0,5,0
1,0,1,0
1,0,1,0
0,53,53,13
0,3,3,8
5,0,5,0
3,0,3,0
1,0,1,0
2,0,2,0
0,3,3,8
5,0,5,0
1,0,1,0
13,0,13,0
2,0,2,0
6,0,6,0
0,3,3,1
6,0,6,0
0,20,20,12
1,0,1,0
1,0,1,0
3,0,3,0
2,0,2,0
2,0,2,0
1,0,1,0
1,0,1,0
4,0,4,0
10,0,10,0
1,0,1,0
0,10,10,381
0,1,1,3
0,16,16,1
6,0,6,0
2,0,2,0
2,0,2,0
0,1,1,0
2,0,2,0
0,2,2,57
1,0,1,0
1,0,1,0
0,3,3,3
0,103,103,7
1,0,1,0
0,1,1,29
0,2,2,49
0,13,13,9
0,1,1,13
6,0,6,25
11,0,11,0
0,6,6,23
0,3,3,14
2,0,2,0
2,0,2,0
9,0,9,0
1,0,1,0
3,0,3,0
5,0,5,0
5,0,5,0
0,6,6,60
6,0,6,0
9,0,9,0
0,97,97,28
90,0,90,0
1,0,1,0
6,0,6,0
5,0,5,0
11,0,11,0
0,153,153,10
4,0,4,0
2,0,2,0
5,0,5,0
0,1,1,2
3,0,3,0
0,71,71,31
0,4,4,14
2,0,2,0
0,27,27,56
18,0,18,0
1,0,1,0
0,4,4,1
58,0,58,0
1,0,1,0
0,107,107,4
1,0,1,0
3,0,3,0
0,26,26,49
1,0,1,0
4,0,4,0
1,0,1,0
0,4,4,52
4,0,4,0
8,0,8,0
0,5,5,43
17,0,17,0
2,0,2,0
2,0,2,0
1,0,1,0
2,0,2,0
2,0,2,0
8,0,8,0
2,0,2,0
1,0,1,0
18,0,18,0
0,360,360,80
39,0,39,0
4,0,4,0
4,0,4,0
1,0,1,0
7,0,7,0
3,0,3,0
0,2,2,15
14,0,14,0
11,0,11,0
3,0,3,0
2,0,2,0
1,0,1,0
22,0,22,0
1,0,1,0
1,0,1,0
1,0,1,0
4,0,4,0
7,0,7,0
6,0,6,0
10,0,10,0
0,93,93,29
9,0,9,0
0,2,2,95
19,0,19,0
5,0,5,0
16,0,16,0
7,0,7,0
1,0,1,0
5,0,5,0
1,0,1,0
3,0,3,0
0,20,20,44
1,0,1,0
2,0,2,0
1,0,1,0
0,31,31,20
2,0,2,0
0,2,2,23
4,0,4,0
1,0,1,0
4,0,4,0
0,2,2,12
1,0,1,0
4,0,4,0
111,0,111,0
4,0,4,0
1,0,1,0
1,0,1,0
1,0,1,0
7,0,7,0
0,4,4,3
19,0,19,0
1,0,1,0
0,4,4,66
1,0,1,0
1,0,1,0
1,0,1,0
7,0,7,0
2,0,2,0
1,0,1,0
2,0,2,0
0,3,3,8
6,0,6,0
2,0,2,0
46,0,46,0
20,0,20,0
2,0,2,0
0,14,14,38
0,2,2,2
12,0,12,0
1,0,1,0
0,4,4,8
3,0,3,0
25,0,25,0
4,0,4,0
2,0,2,0
7,0,7,0
1,0,1,0
14,0,14,0
1,0,1,0
17,0,17,0
3,0,3,0
2,0,2,0
2,0,2,0
0,45,45,10
1,0,1,0
11,0,11,0
3,0,3,0
0,61,61,83
34,0,34,0
1,0,1,0
0,2,2,27
0,1,1,12
7,0,7,0
4,0,4,0
2,0,2,0
1,0,1,0
7,0,7,0
0,54,54,5
1,0,1,0
18,0,18,0
5,0,5,0
2,0,2,0
1,0,1,0
0,3,3,10
7,0,7,0
1,0,1,0
2,0,2,0
1,0,1,0
1,0,1,0
0,10,10,8
0,1,1,79
4,0,4,0
0,44,44,18
0,36,36,14
12,0,12,0
2,0,2,0
21,0,21,0
0,1,1,14
2,0,2,0
9,0,9,0
4,0,4,0
4,0,4,0
2,0,2,0
1,0,1,0
2,0,2,0
19,0,19,0
2,0,2,0
3,0,3,0
4,0,4,0
2,0,2,0
78,0,78,0
1,0,1,0
0,1,1,6
2,0,2,0
3,0,3,0
1,0,1,0
0,2,2,13
2,0,2,0
7,0,7,0
1,0,1,0
0,95,95,64
2,0,2,0
15,0,15,0
2,0,2,0
1,0,1,0
0,34,34,33
6,0,6,0
1,0,1,0
0,36,36,53
4,0,4,0
1,0,1,0
75,0,75,0
0,4,4,6
2,0,2,0
1,0,1,0
0,2,2,7
7,0,7,0
2,0,2,0
6,0,6,0
1,0,1,0
1,0,1,0
6,0,6,0
2,0,2,0
23,0,23,0
4,0,4,0
0,12,12,5
96,0,96,0
0,24,24,14
13,0,13,0
115,0,115,0
12,0,12,0
3,0,3,0
1,0,1,0
0,16,16,40
0,11,11,18
19,0,19,0
0,3,3,30
1,0,1,0
35,0,35,0
3,0,3,0
6,0,6,0
1,0,1,0
2,0,2,0
0,5,5,1
17,0,17,0
5,0,5,0
28,0,28,0
1,0,1,0
1,0,1,0
7,0,7,0
7,0,7,0
1,0,1,0
12,0,12,0
1,0,1,0
4,0,4,0
5,0,5,0
1,0,1,0
1,0,1,0
1,0,1,0
18,0,18,0
2,0,2,0
8,0,8,0
0,50,50,18
2,0,2,0
1,0,1,0
0,7,7,7
0,12,12,11
74,0,74,0
17,0,17,0
4,0,4,0
0,12,12,72
47,0,47,0
2,0,2,0
77,0,77,0
7,0,7,0
2,0,2,0
0,16,16,18
2,0,2,0
1,0,1,0
2,0,2,0
0,7,7,45
0,3,3,1
7,0,7,0
1,0,1,0
5,0,5,0
1,0,1,0
2,0,2,0
1,0,1,0
6,0,6,0
1,0,1,0
1,0,1,0
8,0,8,0
4,0,4,0
2,0,2,0
0,2,2,5
32,0,32,0
1,0,1,0
0,11,11,0
6,0,6,0
4,0,4,0
1,0,1,0
0,1,1,11
0,50,50,30
1,0,1,0
11,0,11,0
38,0,38,0
0,4,4,16
0,2,2,5
4,0,4,0
1,0,1,0
23,0,23,0
3,0,3,0
8,0,8,0
1,0,1,0
6,0,6,0
0,3,3,48
1,0,1,0
2,0,2,0
0,18,18,65
1,0,1,0
4,0,4,0
1,0,1,0
0,48,48,2
0,3,3,59
1,0,1,0
1,0,1,0
0,304,304,2
0,4,4,2
17,0,17,0
2,0,2,0
10,0,10,0
4,0,4,0
19,0,19,0
7,0,7,0
2,0,2,0
2,0,2,0
0,1,1,2
3,0,3,0
6,0,6,0
1,0,1,0
1,0,1,0
1,0,1,0
2,0,2,0
2,0,2,0
10,0,10,0
1,0,1,0
4,0,4,0
6,0,6,0
1,0,1,0
5,0,5,0
1,0,1,0
70,0,70,0
5,0,5,0
0,1,1,11
1,0,1,0
5,0,5,0
0,8,8,9
3,0,3,0
6,0,6,0
1,0,1,0
14,0,14,0
1,0,1,0
1,0,1,0
5,0,5,0
0,3,3,8
8,0,8,0
5,0,5,0
0,24,24,34
1,0,1,0
2,0,2,0
3,0,3,0
1,0,1,0
3,0,3,0
15,0,15,0
4,0,4,0
2,0,2,0
0,1,1,0
5,0,5,0
2,0,2,0
4,0,4,0
2,0,2,0
0,1,1,7
7,0,7,0
1,0,1,0
3,0,3,0
6,0,6,0
4,0,4,0
0,24,24,65
6,0,6,0
3,0,3,0
0,4,4,6
10,0,10,0
59,0,59,0
1,0,1,0
1,0,1,0
2,0,2,0
18,0,18,0
8,0,8,0
1,0,1,0
0,1,1,35
1,0,1,0
28,0,28,0
2,0,2,0
0,24,24,8
7,0,7,0
7,0,7,0
1,0,1,0
9,0,9,0
1,0,1,0
4,0,4,0
8,0,8,0
1,0,1,0
1,0,1,0
2,0,2,0
8,0,8,0
3,0,3,0
1,0,1,0
1,0,1,0
2,0,2,0
1,0,1,0
1,0,1,0
6,0,6,0
0,15,15,30
4,0,4,0
2,0,2,0
206,0,206,0
0,1,1,3
1,0,1,0
2,0,2,0
3,0,3,0
1,1,2,19
1,0,1,0
0,1,1,5
1,0,1,0
0,1,1,10
5,0,5,0
26,0,26,0
6,0,6,0
1,0,1,0
2,0,2,0
4,0,4,0
8,0,8,0
0,19,19,2
3,0,3,0
2,0,2,0
4,0,4,0
0,9,9,0
4,0,4,0
1,0,1,0
16,0,16,0
3,0,3,0
8,0,8,0
1,0,1,0
1,0,1,0
10,0,10,0
28,0,28,0
4,0,4,0
6,0,6,0
2,0,2,0
4,0,4,0
3,0,3,0
0,9,9,24
1,0,1,0
0,1,1,20
2,0,2,0
2,0,2,0
1,0,1,0
3,0,3,0
0,1,1,19
7,0,7,0
1,0,1,0
0,1,1,0
2,0,2,0
0,36,36,53
1,0,1,0
53,0,53,0
3,0,3,0
4,0,4,0
0,2,2,44
3,0,3,0
0,4,4,22
0,1,1,1
0,10,10,79
1,0,1,0
16,0,16,0
0,42,42,5
0,50,50,7
29,0,29,0
1,0,1,0
3,0,3,0
5,0,5,0
1,0,1,0
2,0,2,0
3,0,3,0
2,0,2,0
0,46,46,11
1,0,1,0
1,0,1,0
4,0,4,0
1,0,1,0
1,0,1,0
0,2,2,8
2,0,2,0
5,0,5,0
12,0,12,0
6,0,6,0
2,0,2,0
4,0,4,0
1,0,1,0
1,0,1,0
1,0,1,0
1,0,1,0
2,0,2,0
0,2,2,21
2,0,2,0
0,2,2,4
0,62,62,22
0,6,6,76
2,0,2,0
2,0,2,0
12,0,12,0
2,0,2,0
1,0,1,0
21,0,21,0
1,0,1,0
1,0,1,0
1,0,1,0
0,1,1,31
0,2,2,0
8,0,8,0
1,0,1,0
1,0,1,0
1,0,1,0
1,0,1,0
1,0,1,0
2,0,2,0
0,1,1,129
3,0,3,0
0,3,3,2
1,0,1,0
7,0,7,0
3,0,3,0
1,0,1,0
1,0,1,0
5,0,5,0
1,0,1,0
0,13,13,14
0,2,2,5
1,0,1,0
4,0,4,0
1,0,1,0
8,0,8,0
11,0,11,0
1,0,1,0
6,0,6,0
4,0,4,0
0,103,103,58
1,0,1,0
3,0,3,0
0,14,14,20
1,0,1,0
1,0,1,0
3,0,3,0
0,36,36,49
2,0,2,0
3,0,3,0
0,183,183,34
142,0,142,0
1,0,1,0
1,0,1,0
1,0,1,0
4,0,4,0
4,0,4,0
1,0,1,0
1,0,1,0
1,0,1,0
1,0,1,0
3,0,3,0
0,4,4,28
3,0,3,0
1,3,4,19
1,0,1,0
0,70,70,4
6,0,6,0
1,0,1,0
0,2,2,56
2,0,2,0
1,0,1,0
3,0,3,0
4,0,4,0
1,0,1,0
1,0,1,0
4,0,4,0
5,0,5,0
0,25,25,2
1,0,1,0
8,0,8,0
5,0,5,0
3,0,3,0
1,0,1,0
12,0,12,0
3,0,3,0
29,0,29,0
1,0,1,0
0,1,1,60
0,26,26,6
1,0,1,0
1,0,1,0
0,3,3,0
1,0,1,0
0,1,1,1
53,0,53,0
3,0,3,0
1,0,1,0
1,0,1,0
1,0,1,0
0,7,7,8
6,0,6,0
0,196,196,3
0,20,20,62
10,0,10,0
13,0,13,0
1,0,1,0
22,0,22,0
0,25,25,45
3,0,3,0
2,0,2,0
0,2,2,6
4,0,4,0
3,0,3,0
8,0,8,0
1,0,1,0
5,0,5,0
26,0,26,0
0,2,2,40
4,0,4,0
0,88,88,29
3,0,3,0
0,8,8,50
3,0,3,0
8,0,8,0
3,0,3,0
2,0,2,0
1,0,1,0
15,0,15,0
0,47,47,69
2,0,2,0
0,1,1,13
1,0,1,0
2,0,2,0
30,0,30,0
33,0,33,0
36,0,36,0
1,0,1,0
1,0,1,0
4,0,4,0
0,8,8,51
2,0,2,0
2,0,2,0
34,0,34,0
3,0,3,0
3,0,3,0
0,6,6,0
2,0,2,0
0,1,1,6
0,3,3,32
2,0,2,0
1,0,1,0
0,2,2,3
1,0,1,0
0,2,2,48
1,0,1,0
2,0,2,0
0,7,7,22
3,0,3,0
2,0,2,0
1,0,1,0
18,0,18,0
0,1,1,4
1,0,1,0
9,0,9,0
6,0,6,0
9,0,9,0
5,0,5,0
99,0,99,0
8,0,8,0
2,0,2,0
1,0,1,0
1,0,1,0
2,0,2,0
4,0,4,0
0,66,66,17
1,0,1,0
14,0,14,0
3,0,3,0
7,0,7,0
15,0,15,0
1,0,1,0
0,4,4,3
1,0,1,0
1,0,1,0
1,0,1,0
1,0,1,0
2,0,2,0
7,0,7,0
1,0,1,0
0,75,75,0
0,3,3,41
1,0,1,0
20,0,20,0
1,0,1,0
5,0,5,0
1,0,1,0
2,0,2,0
0,1,1,5
5,0,5,0
56,0,56,0
421,0,421,0
48,0,48,0
0,4,4,1
2,0,2,0
0,207,207,10
24,0,24,0
1,0,1,0
0,1,1,1
1,0,1,0
0,1,1,17
0,16,16,7
8,0,8,0
226,0,226,0
2,0,2,0
15,0,15,0
3,0,3,0
0,193,193,318
187,0,187,0
0,8,8,24
46,0,46,0
1,0,1,0
0,79,79,92
4,0,4,0
86,0,86,0
0,2,2,69
2,0,2,0
1,0,1,0
1,0,1,0
10,0,10,0
0,2,2,0
1,0,1,0
3,0,3,0
0,64,64,9
3,0,3,0
1,0,1,0
1,0,1,0
7,0,7,0
4,0,4,0
5,0,5,0
0,5,5,36
0,16,16,20
2,0,2,0
5,0,5,0
4,0,4,0
1,0,1,0
10,0,10,0
0,3,3,53
3,0,3,0
4,0,4,0
1,0,1,0
21,0,21,0
2,0,2,0
3,0,3,0
7,0,7,0
1,0,1,0
1,0,1,0
0,40,40,21
24,0,24,0
0,20,20,2
1,0,1,0
19,0,19,0
3,0,3,0
1,0,1,0
9,0,9,0
1,0,1,0
0,8,8,2
1,0,1,0
1,0,1,0
3,0,3,0
0,6,6,7
5,0,5,0
0,41,41,24
0,39,39,15
4,0,4,0
0,2,2,115
0,29,29,62
6,0,6,0
10,0,10,0
0,22,22,88
6,0,6,0
1,0,1,0
0,23,23,6
78,0,78,0
0,18,18,18
2,0,2,0
1,0,1,0
4,0,4,0
8,0,8,0
1,0,1,0
5,0,5,0
1,0,1,0
0,1,1,17
0,2,2,0
10,0,10,0
2,0,2,0
1,0,1,0
12,0,12,0
0,6,6,2
1,0,1,0
2,0,2,0
0,20,20,8
1,0,1,0
0,2,2,11
4,0,4,0
3,0,3,0
1,0,1,0
0,3,3,3
1,0,1,0
4,0,4,0
22,0,22,0
3,0,3,0
1,0,1,0
0,37,37,89
1,0,1,0
3,0,3,0
0,139,139,9
0,186,186,2
1,0,1,0
23,0,23,0
0,7,7,4
1,0,1,0
5,0,5,0
6,0,6,0
0,31,31,17
0,2,2,37
2,0,2,0
2,0,2,0
0,1,1,11
5,0,5,0
0,22,22,2
0,1,1,0
1,0,1,0
0,4,4,12
0,15,15,38
0,5,5,16
1,0,1,0
1,0,1,0
2,0,2,0
4,68,72,6
0,4,4,14
63,0,63,0
68,0,68,0
27,0,27,0
1,0,1,0
0,16,16,8
0,85,85,72
0,3,3,134
121,0,121,0
0,3,3,132
1,0,1,0
1,0,1,0
1,0,1,0
2,0,2,0
18,0,18,0
1,0,1,0
0,9,9,15
12,0,12,0
0,5,5,1
7,0,7,0
1,0,1,0
0,46,46,49
1,0,1,0
1,0,1,0
10,0,10,0
4,0,4,0
10,0,10,0
1,0,1,0
2,0,2,0
11,0,11,0
2,0,2,0
6,0,6,0
6,0,6,0
8,0,8,0
16,0,16,0
7,0,7,0
0,64,64,31
3,0,3,0
4,0,4,0
0,1,1,79
6,0,6,0
12,0,12,0
1,0,1,0
1,0,1,0
4,0,4,0
3,0,3,0
6,0,6,0
1,0,1,0
18,0,18,0
4,0,4,0
0,1,1,134
301,0,301,0
0,73,73,46
1,0,1,0
1,0,1,0
0,1,1,2
3,0,3,0
1,0,1,0
8,0,8,0
6,0,6,0
2,0,2,0
3,0,3,0
1,0,1,0
1,0,1,0
4,0,4,0
0,4,4,32
1,0,1,0
1,0,1,0
4,0,4,0
2,0,2,0
0,8,8,8
0,2,2,5
3,0,3,0
0,5,5,1
4,0,4,0
1,0,1,0
1,0,1,0
0,23,23,44
2,0,2,0
2,0,2,0
1,0,1,0
3,0,3,0
1,0,1,0
3,0,3,0
1,0,1,0
0,85,85,3
1,0,1,0
1,0,1,0
14,0,14,0
0,2,2,1
0,4,4,1
3,0,3,0
28,0,28,0
0,17,17,21
0,1,1,12
8,0,8,0
0,12,12,7
1,0,1,0
7,0,7,0
0,1,1,123
5,0,5,0
19,0,19,0
0,28,28,37
3,0,3,0
1,0,1,0
1,0,1,0
2,0,2,0
1,0,1,0
1,0,1,0
5,0,5,0
0,17,17,6
1,0,1,0
1,0,1,0
2,0,2,0
3,0,3,0
4,0,4,0
1,0,1,0
1,0,1,0
0,4,4,43
5,0,5,0
0,1,1,5
0,5,5,35
5,0,5,0
0,5,5,0
2,0,2,0
2,0,2,0
0,4,4,14
1,0,1,0
6,0,6,0
1,0,1,0
2,0,2,0
0,4,4,0
5,0,5,0
4,0,4,0
2,0,2,0
10,0,10,0
2,0,2,0
0,3,3,2
4,0,4,0
21,0,21,0
14,0,14,0
0,2,2,2
7,0,7,0
0,17,17,7
1,0,1,0
1,0,1,0
0,6,6,1
2,0,2,0
0,41,41,27
4,0,4,0
1,0,1,0
0,11,11,26
15,0,15,0
1,0,1,0
1,0,1,0
0,1,1,0
3,0,3,0
0,110,110,46
2,0,2,0
1,0,1,0
1,0,1,0
37,0,37,0
1,0,1,0
1,0,1,0
3,0,3,0
1,0,1,0
1,0,1,0
80,0,80,0
6,0,6,0
0,1,1,0
3,0,3,0
0,1,1,0
5,0,5,0
2,0,2,0
0,50,50,13
0,11,11,16
1,0,1,0
0,2,2,2
3,0,3,0
0,2,2,7
28,0,28,0
3,0,3,0
0,6,6,114
2,0,2,0
2,0,2,0
0,4,4,10
6,0,6,0
1,0,1,0
4,0,4,0
34,0,34,0
2,0,2,0
0,1,1,12
6,0,6,0
10,0,10,0
0,1,1,4
3,0,3,0
2,0,2,0
0,6,6,33
0,1,1,60
0,21,21,27
0,1,1,12
1,0,1,0
5,0,5,0
1,0,1,0
1,0,1,0
8,0,8,0
1,0,1,0
1,0,1,0
1,0,1,0
0,32,32,28
0,3,3,17
0,2,2,10
15,0,15,0
4,0,4,0
5,0,5,0
1,0,1,0
1,0,1,0
4,0,4,0
4,0,4,0
6,0,6,0
0,1,1,50
34,0,34,0
1,0,1,0
0,17,17,45
0,179,179,15
84,0,84,0
6,0,6,0
2,0,2,0
0,4,4,20
0,96,96,11
16,0,16,0
2,0,2,0
0,46,46,94
1,0,1,0
1,0,1,0
21,0,21,0
27,0,27,0
2,0,2,0
4,0,4,0
0,154,154,62
2,0,2,0
0,4,4,4
62,0,62,0
1,0,1,0
2,0,2,0
6,0,6,0
0,10,10,20
2,0,2,0
0,26,26,23
0,10,10,102
2,0,2,0
0,9,9,7
1,0,1,0
2,0,2,0
3,0,3,0
25,0,25,0
4,0,4,0
3,0,3,0
41,0,41,0
1,0,1,0
1,0,1,0
6,0,6,0
1,0,1,0
2,0,2,0
0,20,20,20
3,0,3,0
2,0,2,0
0,15,15,3
0,2,2,47
3,0,3,0
11,0,11,0
1,0,1,0
8,0,8,0
29,0,29,0
6,0,6,0
1,0,1,0
3,0,3,0
1,0,1,0
2,0,2,0
0,10,10,7
4,0,4,0
1,0,1,0
0,127,127,3
1,0,1,0
0,4,4,1
1,0,1,0
1,0,1,0
5,0,5,0
4,0,4,0
1,0,1,0
0,2,2,161
0,1,1,12
0,10,10,34
3,0,3,0
22,0,22,0
0,6,6,28
6,0,6,0
0,9,9,9
0,4,4,15
0,7,7,3
0,28,28,9
0,48,48,13
1,0,1,0
5,0,5,0
0,1,1,7
0,3,3,0
1,0,1,0
0,2,2,5
3,0,3,0
1,0,1,0
0,13,13,14
3,0,3,0
2,0,2,0
2,0,2,0
18,0,18,0
3,0,3,0
6,0,6,0
8,0,8,0
0,2,2,20
2,0,2,0
1,0,1,0
10,0,10,0
0,22,22,99
1,0,1,0
4,0,4,0
2,0,2,0
3,0,3,0
3,0,3,0
17,0,17,0
0,18,18,3
11,0,11,0
26,0,26,0
15,0,15,0
2,0,2,0
2,0,2,0
1,0,1,0
1,0,1,0
6,0,6,0
1,0,1,0
1,0,1,0
1,0,1,0
0,4,4,40
6,0,6,0
3,0,3,0
11,0,11,0
1,0,1,0
0,13,13,19
4,0,4,0
1,0,1,0
4,0,4,0
1,0,1,0
2,0,2,0
1,0,1,0
8,0,8,0
0,19,19,20
18,0,18,0
0,36,36,46
1,0,1,0
0,22,22,30
4,0,4,0
1,0,1,0
1,0,1,0
5,0,5,0
0,3,3,24
6,0,6,0
1,0,1,0
4,0,4,0
15,0,15,0
1,0,1,0
98,0,98,0
3,0,3,0
0,42,42,7
42,0,42,0
0,2,2,7
1,0,1,0
1,0,1,0
11,0,11,0
0,49,49,19
1,0,1,0
0,1,1,56
1,0,1,0
0,11,11,17
0,14,14,5
9,0,9,0
11,0,11,0
0,1,1,2
9,0,9,0
7,0,7,0
4,0,4,0
4,0,4,0
1,0,1,0
0,3,3,1
0,5,5,2
13,0,13,0
1,0,1,0
0,2,2,13
3,0,3,0
58,0,58,0
0,2,2,26
2,0,2,0
4,0,4,0
5,0,5,0
1,0,1,0
8,0,8,0
5,0,5,0
5,0,5,0
17,0,17,0
0,7,7,16
1,0,1,0
6,0,6,0
5,0,5,0
1,0,1,0
1,0,1,0
1,0,1,0
7,0,7,0
3,0,3,0
0,1,1,46
1,0,1,0
1,0,1,0
0,4,4,316
2,0,2,0
1,0,1,0
1,0,1,0
0,3,3,119
2,0,2,0
2,0,2,0
2,0,2,0
6,0,6,0
0,6,6,3
0,13,13,140
1,0,1,0
1,0,1,0
3,0,3,0
2,0,2,0
1,0,1,0
0,33,33,1
0,28,28,8
0,34,34,38
1,0,1,0
1,0,1,0
6,0,6,0
1,0,1,0
1,0,1,0
1,0,1,0
0,19,19,3
1,0,1,0
0,10,10,18
0,2,2,8
0,7,7,10
6,0,6,0
1,0,1,0
3,0,3,0
1,0,1,0
0,7,7,32
0,25,25,2
2,0,2,0
3,0,3,0
1,0,1,0
8,0,8,0
1,0,1,0
5,0,5,0
1,0,1,0
0,39,39,3
61,0,61,0
4,0,4,0
73,0,73,0
2,0,2,0
7,0,7,0
25,127,152,3
8,0,8,0
1,0,1,0
2,0,2,0
1,0,1,0
5,0,5,0
3,0,3,0
1,0,1,0
4,0,4,0
4,0,4,0
10,0,10,0
51,0,51,0
3,0,3,0
25,0,25,0
20,0,20,0
1,0,1,0
3,0,3,0
0,18,18,6
6,0,6,0
7,0,7,0
0,154,154,36
1,0,1,0
8,0,8,0
2,0,2,0
0,65,65,5
2,0,2,0
1,0,1,0
1,0,1,0
0,160,160,51
25,0,25,0
0,5,5,6
0,12,12,3
2,0,2,0
1,0,1,0
1,0,1,0
1,0,1,0
0,22,22,3
1,0,1,0
0,3,3,1
2,0,2,0
0,33,33,8
0,10,10,103
6,0,6,0
1,0,1,0
4,0,4,0
1,0,1,0
4,0,4,0
1,0,1,0
37,0,37,0
1,0,1,0
1,0,1,0
0,6,6,94
2,0,2,0
7,0,7,0
5,0,5,0
0,5,5,11
4,0,4,0
4,0,4,0
0,3,3,13
8,0,8,0
4,0,4,0
1,0,1,0
0,12,12,10
3,0,3,0
1,0,1,0
0,363,363,45
0,65,65,20
1,0,1,0
28,0,28,0
9,0,9,0
6,0,6,0
1,0,1,0
1,0,1,0
0,8,8,5
5,0,5,0
1,0,1,0
3,0,3,0
3,0,3,0
6,0,6,0
1,0,1,0
0,89,89,18
0,2,2,8
7,0,7,0
98,0,98,0
1,0,1,0
0,14,14,8
1,0,1,0
3,0,3,0
3,0,3,0
1,0,1,0
0,7,7,10
9,0,9,0
1,0,1,0
0,3,3,22
0,31,31,7
0,87,87,18
1,0,1,0
0,136,136,9
1,0,1,0
5,0,5,0
0,2,2,7
14,0,14,0
2,0,2,0
1,0,1,0
1,0,1,0
2,0,2,0
40,0,40,0
2,0,2,0
1,0,1,0
1,0,1,0
2,0,2,0
3,0,3,0
0,170,170,40
1,0,1,0
2,0,2,0
1,0,1,0
83,0,83,0
1,0,1,0
9,0,9,0
2,0,2,0
1,0,1,0
0,4,4,129
1,0,1,0
1,0,1,0
0,3,3,105
9,0,9,0
18,0,18,0
1,0,1,0
0,4,4,6
1,0,1,0
1,0,1,0
2,0,2,0
0,6,6,31
1,0,1,0
1,0,1,0
1,0,1,0
1,0,1,0
0,2,2,0
2,0,2,0
0,1,1,4
49,0,49,0
13,0,13,0
5,0,5,0
0,4,4,8
2,0,2,0
6,0,6,0
1,0,1,0
1,0,1,0
1,0,1,0
0,118,118,19
0,35,35,25
0,2,2,1
0,24,24,16
0,1,1,35
1,0,1,0
0,1,1,86
0,27,27,11
15,0,15,0
0,17,17,5
1,0,1,0
0,28,28,42
1,0,1,0
1,0,1,0
0,3,3,18
0,6,6,53
2,0,2,0
1,0,1,0
0,3,3,115
0,1,1,61
1,0,1,0
3,0,3,0
3,0,3,0
0,1,1,1
2,0,2,0
0,5,5,23
1,0,1,0
3,0,3,0
10,0,10,0
0,12,12,1
0,11,11,23
10,0,10,0
0,8,8,31
5,0,5,0
0,15,15,16
0,1,1,2
6,0,6,0
1,0,1,0
6,0,6,0
2,0,2,0
1,0,1,0
2,0,2,0
1,0,1,0
42,0,42,0
113,0,113,0
1,0,1,0
2,0,2,0
7,0,7,0
2,0,2,0
1,0,1,0
6,0,6,0
23,0,23,0
16,0,16,0
7,0,7,0
1,0,1,0
13,0,13,0
2,0,2,0
2,0,2,0
2,0,2,0
13,0,13,0
0,2,2,24
0,59,59,31
16,0,16,0
38,0,38,0
1,0,1,0
4,0,4,0
0,3,3,4
3,0,3,0
3,0,3,0
3,0,3,0
1,0,1,0
0,1,1,4
1,0,1,0
14,0,14,0
0,2,2,9
5,0,5,0
0,3,3,0
2,0,2,0
0,1,1,97
3,0,3,0
1,0,1,0
1,0,1,0
8,0,8,0
3,0,3,0
21,0,21,0
5,0,5,0
3,0,3,0
20,0,20,0
1,0,1,0
0,8,8,10
126,0,126,0
0,1,1,18
60,0,60,0
1,0,1,0
10,0,10,0
3,0,3,0
1,0,1,0
3,0,3,0
4,0,4,0
4,0,4,0
0,1,1,18
5,0,5,0
4,0,4,0
4,0,4,0
3,0,3,0
11,0,11,0
5,0,5,0
23,0,23,0
5,0,5,0
0,198,198,6
174,0,174,0
0,11,11,57
3,0,3,0
5,0,5,0
0,1,1,81
3,0,3,0
19,0,19,0
2,0,2,0
133,0,133,0
2,0,2,0
0,8,8,18
9,0,9,0
66,0,66,0
6,0,6,0
1,0,1,0
1,0,1,0
1,0,1,0
0,4,4,4
1,0,1,0
18,0,18,0
1,0,1,0
23,0,23,0
1,0,1,0
1,0,1,0
3,0,3,0
0,1,1,1
49,0,49,0
1,0,1,0
1,0,1,0
0,12,12,17
7,0,7,0
1,0,1,0
0,7,7,65
29,0,29,0
29,0,29,0
0,2,2,4
4,0,4,0
1,0,1,0
4,0,4,0
1,0,1,0
2,0,2,0
2,0,2,0
0,29,29,13
0,4,4,1
0,44,44,38
0,5,5,16
1,0,1,0
1,0,1,0
33,0,33,0
2,0,2,0
1,0,1,0
0,107,107,7
0,16,16,29
8,0,8,0
3,0,3,0
3,0,3,0
272,0,272,0
30,0,30,0
27,0,27,0
0,1,1,14
2,0,2,0
1,0,1,0
0,21,21,31
2,0,2,0
1,0,1,0
5,0,5,0
10,0,10,0
7,0,7,0
2,0,2,0
0,1,1,23
1,0,1,0
0,84,84,4
4,0,4,0
0,36,36,8
1,0,1,0
0,3,3,25
1,0,1,0
3,0,3,0
0,2,2,3
1,0,1,0
0,37,37,6
41,0,41,0
0,6,6,20
2,0,2,0
1,0,1,0
5,0,5,0
5,0,5,0
2,0,2,0
1,0,1,0
0,5,5,16
7,0,7,0
0,16,16,35
7,0,7,0
0,6,6,8
0,128,128,4
17,0,17,0
1,0,1,0
1,0,1,0
9,0,9,0
2,0,2,0
6,0,6,0
2,0,2,0
0,2,2,22
10,0,10,0
9,0,9,0
0,8,8,17
0,2,2,15
3,0,3,0
0,22,22,3
3,0,3,0
38,0,38,0
155,0,155,0
0,1,1,43
2,0,2,0
1,0,1,0
6,0,6,0
0,2,2,32
1,0,1,0
2,0,2,0
4,0,4,0
9,0,9,0
1,0,1,0
1,0,1,0
1,0,1,0
2,0,2,0
0,38,38,172
0,1,1,59
1,0,1,0
71,0,71,0
4,0,4,0
27,0,27,0
0,14,14,20
2,0,2,0
3,0,3,0
1,0,1,0
0,42,42,17
0,6,6,9
12,0,12,0
3,0,3,0
14,0,14,0
0,3,3,5
0,1,1,83
0,3,3,25
35,0,35,0
0,1,1,5
0,5,5,31
18,0,18,0
25,0,25,0
1,0,1,0
2,0,2,0
1,0,1,0
11,0,11,0
18,0,18,0
3,0,3,0
0,51,51,0
1,0,1,0
2,0,2,0
46,0,46,0
0,200,200,20
4,0,4,0
16,0,16,0
3,0,3,0
3,0,3,0
0,20,20,2
1,0,1,0
29,0,29,0
1,0,1,0
0,2,2,41
0,18,18,33
0,3,3,11
3,0,3,0
6,0,6,0
0,14,14,13
24,0,24,0
2,0,2,0
0,5,5,15
0,1,1,68
32,0,32,0
1,0,1,0
4,0,4,0
1,0,1,0
1,0,1,0
10,0,10,0
0,1,1,15
0,2,2,22
1,0,1,0
0,109,109,42
16,0,16,0
0,19,19,62
3,0,3,0
22,0,22,0
0,3,3,1
1,0,1,0
0,237,237,36
3,0,3,0
2,0,2,0
8,0,8,0
2,0,2,0
14,0,14,0
2,0,2,0
0,3,3,60
3,0,3,0
3,0,3,0
1,0,1,0
2,0,2,0
5,0,5,0
5,0,5,0
1,0,1,0
0,36,36,11
1,0,1,0
8,0,8,0
4,0,4,0
0,17,17,11
3,0,3,0
4,0,4,0
1,0,1,0
55,0,55,0
0,2,2,8
3,0,3,0
1,0,1,0
10,0,10,0
1,0,1,0
3,0,3,0
1,0,1,0
2,0,2,0
3,0,3,0
0,69,69,18
1,0,1,0
0,2,2,23
2,0,2,0
42,0,42,0
124,0,124,0
0,2,2,8
0,3,3,1
3,0,3,0
0,1,1,4
0,1,1,16
1,0,1,0
1,0,1,0
0,2,2,37
1,0,1,0
3,0,3,0
3,0,3,0
11,0,11,0
12,0,12,10
4,0,4,0
0,6,6,4
0,2,2,2
1,0,1,0
0,1136,1136,25
8,0,8,0
1,0,1,0
0,1,1,37
10,0,10,0
0,30,30,1
15,0,15,0
7,0,7,0
0,7,7,10
6,0,6,0
1,0,1,0
2,0,2,0
0,5,5,47
4,0,4,0
6,0,6,0
4,0,4,0
2,0,2,0
6,0,6,0
2,0,2,0
1,0,1,0
8,0,8,0
2,0,2,0
51,0,51,0
7,0,7,0
2,0,2,0
2,0,2,0
2,0,2,0
0,13,13,2
6,0,6,0
0,61,61,34
2,0,2,0
1,0,1,0
17,0,17,0
6,0,6,0
0,22,22,14
78,0,78,0
2,0,2,0
2,0,2,0
7,0,7,0
0,9,9,9
1,0,1,0
4,0,4,0
0,32,32,21
42,0,42,0
1,0,1,0
1,0,1,0
22,0,22,0
3,0,3,0
0,26,26,12
8,0,8,0
3,0,3,0
5,0,5,0
3,0,3,0
6,0,6,0
4,0,4,0
1,0,1,0
85,0,85,0
0,9,9,12
1,0,1,0
0,1,1,9
2,0,2,0
8,0,8,0
2,0,2,0
1,0,1,0
0,2,2,1
0,7,7,4
11,0,11,0
5,0,5,0
0,10,10,30
16,0,16,0
1,0,1,0
6,0,6,0
2,0,2,0
4,0,4,0
2,0,2,0
23,0,23,0
0,704,704,224
7,0,7,0
1,0,1,0
3,0,3,0
2,0,2,0
1,0,1,0
10,0,10,0
1,0,1,0
1,0,1,0
1,0,1,0
4,0,4,0
8,0,8,0
2,0,2,0
0,5,5,36
1,0,1,0
8,0,8,0
31,0,31,0
2,0,2,0
1,0,1,0
1,0,1,0
41,0,41,0
0,4,4,23
18,0,18,0
10,0,10,0
1,0,1,0
3,0,3,0
0,4,4,17
5,0,5,0
6,0,6,0
1,0,1,0
56,0,56,0
1,0,1,0
1,0,1,0
2,0,2,0
1,0,1,0
21,0,21,0
0,33,33,35
1,0,1,0
2,0,2,0
0,6,6,8
1,0,1,0
13,0,13,0
9,0,9,0
8,0,8,0
0,1,1,5
0,3,3,25
0,92,92,31
3,0,3,0
1,0,1,0
1,0,1,0
4,0,4,0
1,0,1,0
1,0,1,0
3,0,3,0
3,0,3,0
59,0,59,0
3,0,3,0
0,4,4,16
0,21,21,19
9,0,9,0
11,0,11,0
1,0,1,0
1,0,1,0
3,0,3,0
72,0,72,0
1,0,1,0
4,0,4,0
0,3,3,40
7,0,7,0
5,0,5,0
0,2,2,0
1,0,1,0
17,0,17,0
1,0,1,0
7,0,7,0
1,0,1,0
0,4,4,71
2,0,2,0
0,15,15,9
4,0,4,0
0,14,14,12
5,0,5,0
0,11,11,24
5,0,5,0
1,0,1,0
1,0,1,0
1,0,1,0
1,0,1,0
0,3,3,71
1,0,1,0
1,0,1,0
0,196,196,3
13,0,13,0
0,1,1,1
1,0,1,0
0,7,7,1
1,0,1,0
6,0,6,0
1,0,1,0
1,0,1,0
5,0,5,0
2,0,2,0
6,0,6,0
7,0,7,0
5,0,5,0
2,0,2,0
5,0,5,0
0,1,1,4
6,0,6,0
0,72,72,76
37,0,37,0
95,0,95,0
1,0,1,0
0,8,8,16
1,0,1,0
0,37,37,14
1,0,1,0
1,0,1,0
1,0,1,0
0,71,71,6
0,2,2,0
4,0,4,0
28,0,28,0
1,0,1,0
1,0,1,0
0,8,8,0
0,7,7,16
3,0,3,0
3,0,3,0
54,0,54,0
3,0,3,0
4,0,4,0
0,2,2,5
1,0,1,0
16,0,16,0
7,0,7,0
1,0,1,0
4,0,4,0
0,1,1,1
9,0,9,0
1,0,1,0
6,0,6,0
8,0,8,0
1,0,1,0
12,0,12,0
7,0,7,0
2,0,2,0
4,0,4,0
7,0,7,0
21,0,21,0
3,0,3,0
0,12,12,115
0,9,9,7
1,0,1,0
11,0,11,0
1,0,1,0
2,0,2,0
0,2,2,53
3,0,3,0
1,0,1,0
0,3,3,2
1,0,1,0
17,0,17,0
6,0,6,0
0,9,9,7
5,0,5,0
0,1,1,0
26,0,26,0
0,118,118,49
2,0,2,0
1,0,1,0
1,0,1,0
10,0,10,0
0,12,12,2
140,0,140,0
4,0,4,0
6,0,6,0
9,0,9,0
1,0,1,0
5,0,5,0
0,6,6,10
1,0,1,0
1,0,1,0
2,0,2,0
2,0,2,0
18,0,18,0
89,0,89,0
2,0,2,0
2,0,2,0
2,0,2,0
3,0,3,0
15,0,15,0
2,0,2,0
2,0,2,0
4,0,4,0
13,0,13,0
4,0,4,0
6,0,6,0
2,0,2,0
0,29,29,13
18,0,18,0
3,0,3,0
11,0,11,0
11,0,11,0
1,0,1,0
1,0,1,0
0,6,6,1
1,0,1,0
9,0,9,0
2,0,2,0
2,0,2,0
4,0,4,0
12,0,12,0
2,0,2,0
1,0,1,0
5,0,5,0
0,26,26,7
2,0,2,0
43,0,43,0
0,1,1,2
2,0,2,0
6,0,6,0
0,7,7,1
3,0,3,0
9,0,9,0
0,25,25,32
2,0,2,0
1,0,1,0
6,0,6,0
0,1,1,18
0,2,2,3
54,0,54,0
0,9,9,1
7,0,7,0
0,63,63,34
21,0,21,0
6,0,6,0
1,0,1,0
1,0,1,0
3,0,3,0
0,4,4,15
4,0,4,0
1,0,1,0
1,0,1,0
3,0,3,0
21,0,21,0
1,0,1,0
4,0,4,0
10,0,10,0
2,0,2,0
3,0,3,0
1,0,1,0
4,0,4,0
2,0,2,0
1,0,1,0
0,2,2,13
6,0,6,0
9,0,9,0
4,0,4,0
3,0,3,0
49,0,49,0
0,70,70,23
0,12,12,10
3,0,3,0
7,0,7,0
58,0,58,0
0,61,61,19
1,0,1,0
0,2,2,1
57,0,57,0
2,0,2,0
4,0,4,0
1,0,1,0
11,0,11,0
2,0,2,0
2,0,2,0
0,78,78,1
4,0,4,0
1,0,1,0
7,0,7,0
1,0,1,0
14,0,14,0
2,0,2,0
103,0,103,0
3,0,3,0
3,0,3,0
13,0,13,0
10,0,10,0
1,0,1,0
0,1,1,35
3,0,3,0
3,0,3,0
16,0,16,0
0,2,2,13
2,0,2,0
7,0,7,0
2,0,2,0
1,0,1,0
1,0,1,0
1,0,1,0
1,0,1,0
9,0,9,0
5,0,5,0
7,0,7,0
5,0,5,0
0,1,1,0
1,0,1,0
1,0,1,0
2,0,2,0
2,0,2,0
1,0,1,0
5,0,5,0
0,50,50,11
2,0,2,0
148,0,148,0
0,76,76,15
28,0,28,0
1,0,1,0
17,0,17,0
19,0,19,0
29,0,29,0
21,0,21,0
5,0,5,0
0,72,72,40
61,0,61,0
1,0,1,0
0,2,2,0
3,0,3,0
0,1,1,1
2,0,2,0
4,0,4,0
1,0,1,0
0,18,18,10
2,0,2,0
4,0,4,0
1,0,1,0
5,0,5,0
14,0,14,0
1,0,1,0
1,0,1,0
1,0,1,0
1,0,1,0
0,3,3,4
4,0,4,0
15,0,15,0
229,0,229,0
46,0,46,0
0,122,122,21
111,0,111,0
0,1,1,0
2,0,2,0
0,30,30,18
0,1,1,12
5,0,5,0
10,0,10,0
5,0,5,0
5,0,5,0
0,2,2,58
16,0,16,0
1,0,1,0
2,0,2,0
1,0,1,0
0,8,8,18
7,0,7,0
8,0,8,0
0,63,63,3
0,3,3,4
2,0,2,0
15,0,15,0
1,0,1,0
0,639,639,22
1,0,1,0
0,2,2,43
2,0,2,0
1,0,1,0
1,0,1,0
0,8,8,1
5,0,5,0
0,2,2,0
1,0,1,0
0,1,1,1
1,0,1,0
1,0,1,0
1,0,1,0
0,21,21,78
12,0,12,0
2,0,2,0
1,0,1,0
1,0,1,0
3,0,3,0
1,0,1,0
3,0,3,0
0,3,3,26
0,1,1,21
7,0,7,0
27,0,27,0
5,0,5,0
0,245,245,19
0,14,14,5
0,93,93,42
0,36,36,14
4,0,4,0
1,0,1,0
1,0,1,0
14,0,14,0
0,3,3,219
0,9,9,5
0,31,31,27
0,100,100,91
97,0,97,0
4,0,4,0
4,0,4,0
0,1,1,4
1,0,1,0
0,1,1,152
0,57,57,14
1,0,1,0
0,3,3,29
1,0,1,0
10,0,10,0
1,0,1,0
13,0,13,0
1,0,1,0
0,3,3,52
8,0,8,0
1,0,1,0
19,0,19,0
4,0,4,0
3,0,3,0
1,0,1,0
1,0,1,0
1,0,1,0
1,0,1,0
2,0,2,0
2,0,2,0
13,0,13,0
2,0,2,0
0,69,69,8
1,0,1,0
2,0,2,0
23,0,23,0
0,7,7,26
8,0,8,0
4,0,4,0
4,0,4,0
4,0,4,0
5,0,5,0
2,0,2,0
1,0,1,0
0,19,19,0
16,0,16,0
1,0,1,0
2,0,2,0
6,0,6,0
1,0,1,0
1,0,1,0
0,4,4,19
7,0,7,0
0,26,26,12
4,0,4,0
0,1,1,37
0,24,24,12
17,0,17,0
0,16,16,36
7,0,7,0
1,0,1,0
0,46,46,58
1,0,1,0
13,0,13,0
2,0,2,0
2,0,2,0
0,9,9,5
3,0,3,0
0,3,3,33
10,0,10,0
6,0,6,0
1,0,1,0
1,0,1,0
1,0,1,0
6,0,6,0
3,0,3,0
4,0,4,0
7,0,7,0
1,0,1,0
1,0,1,0
11,0,11,0
7,0,7,0
1,0,1,0
1,0,1,0
3,0,3,0
5,0,5,0
1,0,1,0
2,0,2,0
2,0,2,0
0,1,1,10
2,0,2,0
0,1,1,17
6,0,6,0
0,3,3,16
2,0,2,0
129,0,129,0
34,0,34,0
1,0,1,0
7,0,7,0
0,1,1,1
3,0,3,0
0,6,6,18
2,0,2,0
0,20,20,5
1,0,1,0
1,0,1,0
9,0,9,0
2,0,2,0
11,0,11,0
2,0,2,0
5,0,5,0
1,0,1,0
0,3,3,22
0,591,591,38
1,0,1,0
2,0,2,0
2,0,2,0
0,3,3,6
6,0,6,0
2,0,2,0
1,0,1,0
0,3,3,6
5,0,5,0
0,78,78,38
0,2,2,68
1,0,1,0
2,0,2,0
4,0,4,0
4,0,4,0
1,0,1,0
1,0,1,0
0,2,2,4
59,0,59,0
3,0,3,0
9,0,9,0
2,0,2,0
0,1,1,9
20,0,20,0
1,0,1,0
0,5,5,45
14,0,14,0
3,0,3,0
2,0,2,0
0,3,3,13
3,0,3,0
0,1,1,7
3,0,3,0
4,0,4,0
0,1,1,50
92,0,92,0
1,0,1,0
0,1,1,129
8,0,8,0
0,57,57,18
51,0,51,0
0,315,315,22
66,0,66,0
0,4,4,81
1,0,1,0
0,455,455,23
10,0,10,0
0,6,6,9
41,0,41,0
0,2,2,0
1,0,1,0
2,0,2,0
2,0,2,0
2,0,2,0
0,1,1,18
0,2,2,102
5,0,5,0
0,104,104,34
98,0,98,0
0,1,1,12
2,0,2,0
0,28,28,26
1,0,1,0
42,0,42,0
13,0,13,0
0,5,5,14
34,0,34,0
1,0,1,0
0,1,1,5
3,0,3,0
1,0,1,0
12,0,12,0
3,0,3,0
0,18,18,3
0,6,6,3
9,0,9,0
1,0,1,0
19,0,19,0
0,1,1,19
0,4,4,82
0,1,1,0
1,0,1,0
8,0,8,0
44,0,44,0
1,0,1,0
2,0,2,0
2,0,2,0
0,39,39,51
20,0,20,0
1,0,1,0
2,0,2,0
1,0,1,0
0,4,4,9
22,0,22,0
1,0,1,0
5,0,5,0
4,0,4,0
3,0,3,0
4,0,4,0
38,0,38,0
0,4,4,5
0,1,1,6
21,0,21,0
4,0,4,0
5,0,5,0
3,0,3,0
1,0,1,0
0,15,15,25
4,0,4,0
13,0,13,0
1,0,1,0
6,0,6,0
0,2,2,42
0,4,4,18
0,4,4,36
0,5,5,12
4,0,4,0
0,25,25,9
1,0,1,0
1,0,1,0
6,0,6,0
101,0,101,0
20,0,20,0
6,0,6,0
1,0,1,0
1,0,1,0
1,0,1,0
1,0,1,0
5,0,5,0
1,0,1,0
0,3,3,6
3,0,3,0
0,5,5,15
3,0,3,0
3,0,3,0
13,0,13,0
0,234,234,9
16,0,16,0
0,8,8,4
20,0,20,0
0,456,456,7
448,0,448,0
0,16,16,31
1,0,1,0
0,2,2,1
14,0,14,0
0,82,82,139
1,0,1,0
0,1,1,30
0,21,21,20
0,1,1,8
0,6,6,35
0,9,9,21
0,7,7,6
5,0,5,0
0,41,41,10
2,0,2,0
1,0,1,0
0,9,9,8
3,0,3,0
3,0,3,0
0,4,4,43
0,88,88,34
0,3,3,28
6,22,28,16
0,2,2,22
5,0,5,0
0,2,2,23
4,0,4,0
1,0,1,0
1,0,1,0
1,0,1,0
1,0,1,0
3,0,3,0
2,0,2,0
2,0,2,0
1,0,1,0
0,106,106,36
40,0,40,0
0,28,28,10
1,0,1,0
18,0,18,0
25,0,25,0
5,0,5,0
9,0,9,0
2,0,2,0
1,0,1,0
2,0,2,0
0,8,8,7
6,0,6,0
1,0,1,0
2,0,2,0
4,0,4,0
0,2,2,4
0,20,20,10
0,2,2,3
1,0,1,0
7,0,7,0
0,14,14,17
1,0,1,0
0,1,1,0
9,0,9,0
46,0,46,0
0,2,2,21
0,2,2,3
0,1,1,12
8,0,8,0
0,2,2,1
2,0,2,0
0,8,8,47
8,0,8,0
1,0,1,0
7,0,7,0
9,0,9,0
0,1,1,19
0,106,106,7
71,0,71,0
1,0,1,0
1,0,1,0
1,0,1,0
314,0,314,0
0,6,6,0
15,0,15,0
2,0,2,0
6,0,6,0
1,0,1,0
1,0,1,0
3,0,3,0
0,5,5,2
11,0,11,0
5,0,5,0
1,0,1,0
1,0,1,0
6,0,6,0
0,4,4,0
8,0,8,0
11,0,11,0
0,10,10,1
2,0,2,0
2,0,2,0
8,0,8,0
81,0,81,0
6,0,6,0
1,0,1,0
3,0,3,0
2,0,2,0
1,0,1,0
2,0,2,0
1,0,1,0
0,3,3,18
1,0,1,0
4,0,4,0
2,0,2,0
0,94,94,19
4,0,4,0
1,0,1,0
2,0,2,0
0,1070,1070,29
1073,0,1073,0
8,0,8,0
0,14,14,25
2,0,2,0
2,0,2,0
7,0,7,0
5,0,5,0
12,0,12,0
6,0,6,0
1,0,1,0
0,15,15,2
4,0,4,0
13,0,13,0
2,0,2,0
2,0,2,0
1,0,1,0
27,0,27,0
2,0,2,0
6,0,6,0
1,0,1,0
0,2,2,4
2,0,2,0
4,0,4,0
5,0,5,0
5,0,5,0
11,0,11,0
2,0,2,0
0,5,5,104
2,0,2,0
2,0,2,0
1,0,1,0
1,0,1,0
2,0,2,0
1,0,1,0
0,49,49,22
2,0,2,0
165,0,165,0
3,0,3,0
9,0,9,0
2,0,2,0
3,0,3,0
1,0,1,0
1,0,1,0
14,0,14,0
4,0,4,0
1,0,1,0
0,98,98,46
18,0,18,0
15,0,15,0
2,0,2,0
2,0,2,0
1,0,1,0
2,0,2,0
7,0,7,0
2,0,2,0
0,5,5,36
1,0,1,0
0,12,12,46
8,0,8,0
3,0,3,0
0,1,1,0
2,0,2,0
0,42,42,48
12,0,12,0
1,0,1,0
3,0,3,0
2,0,2,0
6,0,6,0
2,0,2,0
0,2,2,25
3,0,3,0
1,0,1,0
14,0,14,0
3,0,3,0
8,0,8,0
5,0,5,0
1,0,1,0
2,0,2,0
0,1,1,29
2,0,2,0
2,0,2,0
14,0,14,0
2,0,2,0
2,0,2,0
6,0,6,0
1,0,1,0
1,0,1,0
4,0,4,0
2,0,2,0
0,21,21,35
1,0,1,0
5,0,5,0
1,0,1,0
1,0,1,0
0,5,5,6
0,35,35,16
0,7,7,22
6,0,6,0
1,0,1,0
0,2,2,6
1,0,1,0
8,0,8,0
1,0,1,0
0,1,1,12
0,10,10,53
0,1,1,3
1,0,1,0
3,0,3,0
2,0,2,0
3,0,3,0
1,0,1,0
0,2,2,11
2,0,2,0
14,0,14,0
3,0,3,0
0,13,13,6
2,0,2,0
1,0,1,0
9,0,9,0
0,4,4,65
1,0,1,0
0,1,1,0
0,2,2,0
1,0,1,0
2,0,2,0
0,2,2,2
0,2,2,46
2,0,2,0
0,25,25,8
1,0,1,0
0,83,83,57
1,0,1,0
1,0,1,0
10,0,10,0
12,0,12,0
0,3,3,52
2,0,2,0
3,0,3,0
7,0,7,0
304,0,304,0
2,0,2,0
1,0,1,0
5,0,5,0
1,0,1,0
7,0,7,0
2,0,2,0
1,0,1,0
5,0,5,0
0,7,7,11
1,0,1,0
0,1,1,0
3,0,3,0
2,0,2,0
1,0,1,0
0,2,2,18
2,0,2,0
2,0,2,0
3,0,3,0
3,0,3,0
1,0,1,0
5,0,5,0
2,0,2,0
10,0,10,0
6,0,6,0
81,0,81,0
2,0,2,0
2,0,2,0
0,42,42,72
1,0,1,0
19,0,19,0
2,0,2,0
0,290,290,22
1,0,1,0
2,0,2,0
0,5,5,20
31,0,31,0
1,0,1,0
22,0,22,0
0,32,32,4
1,0,1,0
1,0,1,0
0,1,1,4
0,2,2,11
9,0,9,0
0,48,48,100
4,0,4,0
9,1,10,0
36,0,36,0
8,0,8,0
1,0,1,0
2,0,2,0
1,0,1,0
0,3,3,75
0,41,41,11
28,0,28,0
0,10,10,35
1,0,1,0
3,0,3,0
0,3,3,0
4,0,4,0
2,0,2,0
0,2,2,17
1,0,1,0
0,39,39,7
1,0,1,0
1,0,1,0
2,0,2,0
1,0,1,0
8,0,8,0
1,0,1,0
1,0,1,0
0,2,2,93
4,0,4,0
0,1,1,4
3,0,3,0
6,0,6,0
0,27,27,8
9,0,9,0
0,1,1,2
2,0,2,0
1,0,1,0
0,10,10,26
67,0,67,0
0,1,1,3
16,0,16,0
1,0,1,0
6,0,6,0
1,0,1,0
0,10,10,14
6,0,6,0
3,0,3,0
0,4,4,7
1,0,1,0
2,0,2,0
1,0,1,0
6,0,6,0
4,0,4,0
59,0,59,0
4,0,4,0
0,23,23,19
0,57,57,25
7,0,7,0
1,0,1,0
0,59,59,29
2,0,2,0
0,1,1,1
2,0,2,0
2,0,2,0
20,0,20,36
8,0,8,0
0,11,11,9
2,0,2,0
1,0,1,0
18,0,18,0
2,0,2,0
3,0,3,0
213,0,213,0
1,0,1,0
0,1,1,14
2,0,2,0
1,0,1,0
10,0,10,0
4,0,4,0
0,1,1,11
2,0,2,0
10,0,10,0
0,1,1,10
21,0,21,0
1,0,1,0
7,0,7,0
6,0,6,0
2,0,2,0
0,54,54,25
3,0,3,0
1,0,1,0
4,0,4,0
1,0,1,0
1,0,1,0
0,4,4,51
1,0,1,0
0,39,39,41
3,0,3,0
1,0,1,0
8,0,8,0
2,0,2,0
0,11,11,12
0,4,4,4
12,0,12,0
0,3,3,27
5,0,5,0
3,0,3,0
0,1,1,23
29,0,29,0
1,0,1,0
2,0,2,0
0,4,4,6
7,0,7,0
2,0,2,0
1,0,1,0
0,4,4,1
4,0,4,0
5,0,5,0
3,0,3,0
1,0,1,0
0,12,12,2
1,0,1,0
6,0,6,0
2,0,2,0
0,20,20,0
6,0,6,0
9,0,9,0
2,0,2,0
0,4,4,0
2,0,2,0
12,0,12,0
0,22,22,8
0,22,22,0
4,0,4,0
1,0,1,0
0,6,6,65
0,5,5,71
2,0,2,0
0,7,7,2
416,0,416,0
0,1,1,9
1,0,1,0
5,0,5,0
0,3,3,23
8,0,8,0
8,0,8,0
3,0,3,0
3,0,3,0
5,0,5,0
23,0,23,0
0,2,2,2
1,0,1,0
2,0,2,0
10,0,10,0
1,0,1,0
0,9,9,3
2,0,2,0
1,0,1,0
0,63,63,16
2,0,2,0
56,0,56,0
22,0,22,0
1,0,1,0
2,0,2,0
6,0,6,0
7,0,7,0
0,2,2,0
21,0,21,0
1,0,1,0
1,0,1,0
0,1,1,2
2,0,2,0
4,0,4,0
1,0,1,0
2,0,2,0
1,0,1,0
6,0,6,0
2,0,2,0
2,0,2,0
2,0,2,0
0,12,12,24
0,4,4,41
2,0,2,0
2,0,2,0
0,66,66,26
0,3,3,8
28,0,28,0
10,0,10,0
2,0,2,0
1,0,1,0
9,0,9,0
9,0,9,0
6,0,6,0
2,0,2,0
0,1,1,15
1,0,1,0
0,2,2,1
4,0,4,0
12,0,12,0
0,2,2,112
353,0,353,0
0,18,18,14
0,1,1,15
2,0,2,0
8,0,8,0
1,0,1,0
0,2,2,27
1,0,1,0
28,0,28,0
1,0,1,0
1,0,1,0
9,0,9,0
0,11,11,1
0,848,848,17
14,0,14,0
1,0,1,0
2,0,2,0
20,0,20,0
2,0,2,0
2,0,2,0
1,0,1,0
11,0,11,0
9,0,9,0
3,0,3,0
130,0,130,0
78,0,78,0
0,6,6,9
4,0,4,0
2,0,2,0
15,0,15,0
1,0,1,0
6,0,6,0
0,8,8,1
1,0,1,0
35,0,35,0
0,55,55,4
0,8,8,29
10,0,10,0
1,0,1,0
1,0,1,0
2,0,2,0
2,0,2,0
2,0,2,0
1,0,1,0
12,0,12,0
37,0,37,0
3,0,3,0
5,0,5,0
10,0,10,0
0,53,53,14
11,0,11,0
0,4,4,1
9,0,9,0
0,1,1,5
4,0,4,0
0,11,11,14
0,1,1,6
2,0,2,0
1,0,1,0
18,0,18,0
1,0,1,0
0,42,42,19
46,0,46,0
0,2,2,50
0,3,3,12
1,0,1,0
6,0,6,0
0,16,16,7
1,0,1,0
0,14,14,17
1,0,1,0
1,0,1,0
0,3,3,19
0,6,6,5
39,0,39,0
2,0,2,0
0,4,4,66
0,7,7,4
1,0,1,0
1,0,1,0
1,0,1,0
3,0,3,0
3,0,3,0
1,0,1,0
1,0,1,0
2,0,2,0
2,0,2,0
0,215,215,52
46,0,46,0
1,0,1,0
46,0,46,0
0,6,6,7
46,0,46,0
6,0,6,0
0,1,1,3
1,0,1,0
1,0,1,0
3,0,3,0
0,22,22,33
5,0,5,0
1,0,1,0
2,0,2,0
13,0,13,0
45,0,45,0
10,0,10,0
1,0,1,0
0,5,5,74
3,0,3,0
0,1,1,0
9,0,9,0
1,0,1,0
1,0,1,0
3,0,3,0
12,0,12,0
0,101,101,30
0,5,5,4
1,0,1,0
0,1,1,5
2,0,2,0
1,0,1,0
2,0,2,0
1,0,1,0
1,0,1,0
0,1,1,6
1,0,1,0
1,0,1,0
0,6,6,30
6,0,6,0
25,0,25,0
18,0,18,0
3,0,3,0
0,2,2,35
1,0,1,0
0,3,3,0
5,0,5,0
1,0,1,0
1,0,1,0
0,54,54,161
71,0,71,0
1,0,1,0
3,0,3,0
0,1,1,111
8,0,8,0
2,0,2,0
0,56,56,65
2,0,2,0
13,0,13,0
1,0,1,0
1,0,1,0
5,0,5,0
62,0,62,0
1,0,1,0
3,0,3,0
3,0,3,0
0,17,17,4
10,0,10,0
2,0,2,0
2,0,2,0
4,0,4,0
1,0,1,0
5,0,5,0
23,0,23,0
0,2,2,26
5,0,5,0
1,0,1,0
5,0,5,0
1,0,1,0
4,0,4,0
1,0,1,0
1,0,1,0
8,0,8,0
0,9,9,19
9,0,9,0
5,0,5,0
0,8,8,26
5,0,5,0
0,11,11,13
0,4,4,31
5,0,5,0
1,0,1,0
2,0,2,0
3,0,3,0
1,0,1,0
2,0,2,0
17,0,17,0
4,0,4,0
0,9,9,13
8,0,8,0
2,0,2,0
2,0,2,0
0,6,6,1
2,0,2,0
0,2,2,12
1,0,1,0
0,1,1,0
1,0,1,0
5,0,5,0
0,16,16,18
23,0,23,0
3,0,3,0
17,0,17,0
2,0,2,0
1,0,1,0
0,30,30,1
2,0,2,0
1,0,1,0
7,0,7,0
0,16,16,33
0,2,2,49
4,0,4,0
1,0,1,0
12,0,12,0
8,0,8,0
3,0,3,0
31,0,31,0
3,0,3,0
10,0,10,0
1,0,1,0
0,1,1,1
0,177,177,21
1,0,1,0
0,57,57,9
12,0,12,0
0,86,86,66
0,2,2,145
1,0,1,0
11,0,11,0
1,0,1,0
2,0,2,0
7,0,7,0
2,0,2,0
1,0,1,0
4,0,4,0
1,0,1,0
7,0,7,0
2,0,2,0
4,0,4,0
1,0,1,0
1,0,1,0
2,0,2,0
14,0,14,0
1,0,1,0
8,0,8,0
2,0,2,0
5,0,5,0
3,0,3,0
5,0,5,0
1,0,1,0
14,0,14,0
1,0,1,0
5,0,5,0
2,0,2,0
1,0,1,0
7,0,7,0
1,0,1,0
180,0,180,0
0,1,1,208
2,0,2,0
0,1,1,11
2,0,2,0
0,2,2,1
3,0,3,0
5,0,5,0
19,0,19,0
1,0,1,0
1,0,1,0
4,0,4,0
0,44,44,45
5,0,5,0
1,0,1,0
5,0,5,0
2,0,2,0
2,0,2,0
8,0,8,0
0,3,3,9
3,0,3,0
43,0,43,0
0,5,5,44
15,0,15,0
0,6,6,39
0,3,3,65
7,0,7,0
8,0,8,0
5,0,5,0
1,0,1,0
1,0,1,0
1,0,1,0
6,0,6,0
2,0,2,0
0,4,4,1
6,0,6,0
0,5,5,13
0,15,15,65
0,12,12,0
0,255,255,40
64,0,64,0
1,0,1,0
0,70,70,8
0,4,4,49
7,0,7,0
0,44,44,6
1,0,1,0
13,0,13,0
0,22,22,19
5,0,5,0
4,0,4,0
2,0,2,0
4,0,4,0
6,0,6,0
7,0,7,0
29,0,29,0
6,0,6,0
19,0,19,0
2,0,2,0
4,0,4,0
12,0,12,0
4,0,4,0
24,0,24,0
3,0,3,0
7,0,7,0
1,0,1,0
7,0,7,0
10,0,10,0
1,0,1,0
3,0,3,0
5,0,5,0
10,0,10,0
1,0,1,0
59,0,59,0
0,15,15,2
5,0,5,0
0,2,2,22
6,0,6,0
1,0,1,0
48,0,48,0
27,0,27,0
2,0,2,0
5,0,5,0
9,0,9,0
1,0,1,0
7,0,7,0
4,0,4,0
0,68,68,34
58,0,58,0
0,41,41,8
7,0,7,0
6,0,6,0
0,1,1,0
1,0,1,0
1,0,1,0
8,0,8,0
7,0,7,0
1,0,1,0
0,4,4,3
5,0,5,0
1,0,1,0
6,0,6,0
1,0,1,0
3,0,3,0
1,0,1,0
2,0,2,0
6,0,6,0
5,0,5,0
7,0,7,0
0,5,5,79
151,0,151,0
1,0,1,0
10,0,10,0
1,0,1,0
3,0,3,0
2,0,2,0
1,0,1,0
6,0,6,0
1,0,1,0
4,0,4,0
230,0,230,0
5,0,5,0
5,0,5,0
14,0,14,0
1,0,1,0
9,0,9,0
2,0,2,0
6,0,6,0
6,0,6,0
0,1,1,0
3,0,3,0
0,224,224,2
0,2,2,4
0,1,1,1
4,0,4,0
0,161,161,46
1,0,1,0
0,1,1,54
4,0,4,0
4,0,4,0
1,0,1,0
1,0,1,0
0,2,2,2
4,0,4,0
14,0,14,0
1,0,1,0
0,55,55,6
1,0,1,0
2,0,2,0
2,0,2,0
0,5,5,0
2,0,2,0
0,1,1,1
0,1,1,15
0,5,5,0
6,0,6,0
2,0,2,0
12,0,12,0
8,0,8,0
0,19,19,200
10,0,10,0
1,0,1,0
2,0,2,0
1,0,1,0
1,0,1,0
14,0,14,0
0,1,1,24
3,0,3,0
1,0,1,0
7,0,7,0
8,0,8,0
2,0,2,0
1,0,1,0
5,0,5,0
9,0,9,0
13,0,13,0
1,0,1,0
2,0,2,0
0,1,1,1
0,10,10,21
1,0,1,0
1,0,1,0
29,0,29,0
1,0,1,0
10,0,10,0
0,2,2,21
1,0,1,0
3,0,3,0
5,0,5,0
3,0,3,0
3,0,3,0
2,0,2,0
0,1,1,17
6,0,6,0
6,0,6,0
1,0,1,0
0,3,3,8
5,0,5,0
2,0,2,0
153,0,153,0
0,2,2,4
0,12,12,8
5,0,5,0
2,0,2,0
3,0,3,0
0,3,3,80
4,0,4,0
1,0,1,0
0,2,2,9
43,0,43,0
1,0,1,0
0,3,3,23
1,0,1,0
3,0,3,0
3,0,3,0
1,0,1,0
1,0,1,0
1,0,1,0
1,0,1,0
2,0,2,0
0,1,1,5
0,7,7,4
1,0,1,0
2,0,2,0
2,0,2,0
36,0,36,0
1,0,1,0
0,1,1,24
1,0,1,0
30,0,30,0
2,0,2,0
0,7,7,11
7,0,7,0
11,0,11,0
3,0,3,0
11,0,11,0
2,0,2,0
0,176,176,13
1,0,1,0
0,10,10,54
0,131,131,32
3,0,3,0
1,0,1,0
0,5,5,46
1,0,1,0
13,0,13,0
5,0,5,0
10,0,10,0
0,9,9,3
0,2,2,18
0,1,1,0
3,0,3,0
0,2,2,22
2,0,2,0
14,0,14,0
1,0,1,0
1,0,1,0
111,0,111,0
0,2,2,21
0,26,26,1
2,0,2,0
0,3,3,26
125,0,125,0
3,0,3,0
1,0,1,0
0,6,6,34
11,0,11,0
0,17,17,41
0,5,5,7
2,0,2,0
1,0,1,0
1,0,1,0
1,0,1,0
0,4,4,9
0,3,3,0
22,0,22,0
0,6,6,4
0,2,2,30
4,0,4,0
1,0,1,0
1,0,1,0
0,7,7,17
1,0,1,0
0,3,3,6
0,52,52,75
5,0,5,0
0,2,2,94
0,46,46,57
0,14,14,75
2,0,2,0
1,0,1,0
0,6,6,3
3,0,3,0
17,0,17,0
3,0,3,0
8,0,8,0
3,0,3,0
0,3,3,29
1,0,1,0
0,5,5,3
1,0,1,0
0,9,9,42
1,0,1,0
0,9,9,7
318,0,318,0
0,2,2,0
0,216,216,6
1,0,1,0
4,0,4,0
4,0,4,0
3,0,3,0
0,3,3,1
3,0,3,0
0,22,22,57
1,0,1,0
1,0,1,0
0,2,2,0
0,1,1,2
0,1,1,46
7,0,7,0
3,0,3,0
2,0,2,0
34,0,34,0
18,0,18,0
22,0,22,0
4,0,4,0
0,2,2,2
0,179,179,17
5,0,5,0
4,0,4,0
0,28,28,35
2,0,2,0
2,0,2,0
3,0,3,0
61,0,61,0
8,0,8,0
2,0,2,0
179,0,179,0
6,0,6,0
2,0,2,0
8,0,8,0
0,3,3,36
0,3,3,4
9,0,9,0
1,0,1,0
1,0,1,0
1,0,1,0
2,0,2,0
1,0,1,0
2,0,2,0
6,0,6,0
0,78,78,46
0,6,6,1
2,0,2,0
1,0,1,0
6,0,6,0
2,0,2,0
0,1,1,4
4,0,4,0
0,1,1,2
2,0,2,0
0,2,2,3
3,0,3,0
0,10,10,7
0,8,8,5
0,99,99,26
5,0,5,0
91,0,91,0
12,0,12,0
1,0,1,0
0,5,5,6
1,0,1,0
189,0,189,0
1,0,1,0
2,0,2,0
0,9,9,25
13,0,13,0
6,0,6,0
0,9,9,136
2,0,2,0
0,12,12,10
3,0,3,0
1,0,1,0
8,0,8,0
2,0,2,0
4,0,4,0
1,0,1,0
1,0,1,0
0,21,21,31
0,3,3,21
0,15,15,11
0,25,25,7
0,94,94,5
11,0,11,0
2,0,2,0
0,3,3,18
6,0,6,0
1,0,1,0
13,0,13,0
2,0,2,0
0,2,2,2
71,0,71,0
1,0,1,0
2,0,2,0
8,0,8,0
0,2,2,3
4,0,4,0
2,0,2,0
2,0,2,0
1,0,1,0
1,0,1,0
2,0,2,0
0,4,4,12
3,0,3,0
0,2,2,17
1,0,1,0
1,0,1,0
2,0,2,0
0,2,2,117
1,0,1,0
0,37,37,34
1,0,1,0
6,0,6,0
0,2,2,4
0,8,8,4
0,35,35,48
50,0,50,0
8,0,8,0
0,7,7,12
4,0,4,0
1,0,1,0
24,0,24,0
2,0,2,0
43,0,43,0
3,0,3,0
2,0,2,0
4,0,4,0
2,0,2,0
2,0,2,0
1,0,1,0
2,0,2,0
5,0,5,0
0,3,3,24
2,0,2,0
4,0,4,0
0,16,16,15
0,1,1,7
0,14,14,70
2,0,2,0
0,3,3,45
8,0,8,0
8,0,8,0
2,0,2,0
10,0,10,0
0,70,70,15
28,0,28,0
0,7,7,1
1,0,1,0
2,0,2,0
0,10,10,29
2,0,2,0
1,0,1,0
6,0,6,0
7,0,7,0
1,0,1,0
0,3,3,73
0,1,1,0
3,0,3,0
0,5,5,40
1,0,1,0
5,0,5,0
0,15,15,36
2,0,2,0
2,0,2,0
3,0,3,0
0,225,225,26
3,0,3,0
2,0,2,0
1,0,1,0
11,0,11,0
1,0,1,0
0,3,3,11
0,3,3,0
0,7,7,31
9,0,9,0
0,669,669,117
2,0,2,0
9,0,9,0
3,0,3,0
2,0,2,0
0,11,11,29
0,7,7,12
0,1,1,0
1,0,1,0
1,0,1,0
7,0,7,0
0,9,9,49
10,0,10,0
0,4,4,6
0,5,5,4
1,0,1,0
0,22,22,4
0,45,45,79
18,0,18,0
1,0,1,0
4,0,4,0
2,0,2,0
23,0,23,0
4,0,4,0
0,14,14,14
0,35,35,3
2,0,2,0
6,0,6,0
6,0,6,0
20,0,20,0
0,1,1,1
3,0,3,0
1,0,1,0
1,0,1,0
0,5,5,18
4,0,4,0
3,0,3,0
5,0,5,0
11,0,11,0
4,0,4,0
0,1,1,4
0,11,11,13
0,196,196,49
2,0,2,0
1,0,1,0
1,0,1,0
3,0,3,0
2,0,2,0
12,0,12,0
0,6,6,66
9,0,9,0
4,0,4,0
0,1,1,2
2,0,2,0
0,1,1,0
5,0,5,0
5,0,5,0
6,0,6,0
45,0,45,0
3,0,3,0
7,0,7,0
8,0,8,0
1,0,1,0
14,0,14,0
3,0,3,0
1,0,1,0
3,0,3,0
1,0,1,0
2,0,2,0
6,0,6,0
0,4,4,0
5,0,5,0
0,156,156,76
1,0,1,0
1,0,1,0
3,0,3,0
3,0,3,0
0,7,7,20
0,23,23,21
8,0,8,0
4,0,4,0
3,0,3,0
4,0,4,0
10,0,10,0
2,0,2,0
2,0,2,0
1,0,1,0
18,0,18,0
7,0,7,0
4,0,4,0
4,0,4,0
5,0,5,0
1,0,1,0
4,0,4,0
9,0,9,0
3,0,3,0
2,0,2,0
1,0,1,0
7,0,7,0
1,0,1,0
2,0,2,0
8,0,8,60
0,2,2,7
0,30,30,8
1,0,1,0
0,18,18,1
7,0,7,0
0,2,2,27
13,0,13,0
0,10,10,38
1,0,1,0
3,0,3,0
2,0,2,0
3,0,3,0
87,0,87,0
5,0,5,0
0,6,6,9
1,0,1,0
0,1,1,113
2,0,2,0
6,0,6,0
2,0,2,0
1,0,1,0
11,0,11,0
5,0,5,0
3,0,3,0
2,0,2,0
4,0,4,0
1,0,1,0
2,0,2,0
2,0,2,0
3,0,3,0
1,0,1,0
0,7,7,0
0,3,3,4
0,30,30,13
16,0,16,0
1,0,1,0
6,0,6,0
14,0,14,0
0,127,127,3
0,2,2,4
1,0,1,0
1,0,1,0
0,6,6,0
1,0,1,0
3,0,3,0
1,0,1,0
0,2,2,84
4,0,4,0
1,0,1,0
1,0,1,0
1,0,1,0
2,0,2,0
1,0,1,0
1,0,1,0
19,0,19,0
0,3,3,7
1,0,1,0
1,0,1,0
5,0,5,0
0,93,93,8
4,0,4,0
2,0,2,0
7,0,7,0
0,176,176,47
0,5,5,20
0,2,2,28
3,0,3,0
3,0,3,0
2,0,2,0
2,0,2,0
0,14,14,37
4,0,4,0
5,0,5,0
3,0,3,0
7,0,7,0
6,0,6,0
4,0,4,0
1,0,1,0
0,1,1,16
1,0,1,0
0,22,22,10
9,0,9,0
2,0,2,0
1,0,1,0
0,126,126,19
8,0,8,0
0,3,3,5
0,19,19,5
0,3,3,49
0,3,3,24
0,44,44,75
1,0,1,0
1,0,1,0
0,16,16,5
4,0,4,0
2,0,2,0
1,0,1,0
2,0,2,0
3,0,3,0
3,0,3,0
0,4,4,29
10,0,10,0
4,0,4,0
4,0,4,0
2,0,2,0
0,6,6,7
0,53,53,5
3,0,3,0
0,50,50,91
10,0,10,0
0,2,2,2
1,0,1,0
11,0,11,0
2,0,2,0
0,1,1,6
1,0,1,0
0,2,2,3
0,3,3,9
2,0,2,0
0,1,1,5
1,0,1,0
0,39,39,15
24,0,24,0
0,31,31,2
2,0,2,0
2,0,2,0
6,0,6,0
8,0,8,0
1,0,1,0
3,0,3,0
6,0,6,0
2,0,2,0
6,0,6,0
5,0,5,0
13,0,13,0
3,0,3,0
28,0,28,0
1,0,1,0
3,0,3,0
1,0,1,0
2,0,2,0
2,0,2,0
1,0,1,0
2,0,2,0
1,0,1,0
3,0,3,0
0,2,2,0
1,0,1,0
0,37,37,11
0,3,3,17
3,0,3,0
0,1,1,8
0,2,2,2
0,1,1,6
4,0,4,0
0,5,5,13
0,1,1,16
0,14,14,103
13,0,13,0
5,0,5,0
44,0,44,0
1,0,1,0
1,0,1,0
0,2,2,48
20,0,20,0
1,0,1,0
0,14,14,21
1,0,1,0
9,0,9,0
2,0,2,0
0,1,1,71
7,0,7,0
3,0,3,0
0,4,4,2
0,65,65,8
1,0,1,0
0,21,21,12
1,0,1,0
0,3,3,45
1,0,1,0
0,4,4,34
0,75,75,13
5,0,5,0
8,0,8,0
2,0,2,0
1,0,1,0
3,0,3,0
3,0,3,0
11,0,11,0
2,0,2,0
3,0,3,0
0,7,7,9
1,0,1,0
1,0,1,0
5,0,5,0
1,0,1,0
2,0,2,0
0,4,4,8
0,19,19,1
0,2,2,11
0,3,3,2
0,2,2,23
0,32,32,24
2,0,2,0
1,0,1,0
1,0,1,0
3,0,3,0
3,0,3,0
10,0,10,0
1,0,1,0
0,54,54,10
43,0,43,0
0,3,3,40
0,14,14,7
4,0,4,0
0,8,8,107
70,0,70,0
0,1,1,2
6,0,6,0
1,0,1,0
3,0,3,0
4,0,4,0
3,0,3,0
0,109,109,22
2,0,2,0
1,0,1,0
1,0,1,0
1,0,1,0
8,0,8,0
0,103,103,1
7,0,7,0
2,0,2,0
4,0,4,0
1,0,1,0
4,0,4,0
1,0,1,0
0,37,37,4
4,0,4,0
0,2,2,514
1,0,1,0
1,0,1,0
1,0,1,0
0,1,1,13
38,0,38,0
7,0,7,0
2,0,2,0
0,25,25,73
14,0,14,0
1,0,1,0
2,0,2,0
4,0,4,0
0,9,9,8
2,0,2,0
1,0,1,0
1,0,1,0
0,2,2,20
2,0,2,0
0,8,8,11
12,0,12,0
1,0,1,0
5,0,5,0
2,0,2,0
4,0,4,0
1,0,1,0
5,0,5,0
11,0,11,0
6,0,6,0
0,11,11,21
2,0,2,0
3,0,3,0
4,0,4,0
1,0,1,0
1,0,1,0
7,0,7,0
0,3,3,17
1,0,1,0
1,0,1,0
1,0,1,0
0,2,2,10
1,0,1,0
4,0,4,0
2,0,2,0
0,1,1,35
2,0,2,0
0,9,9,36
2,0,2,0
8,0,8,0
11,51,62,13
8,0,8,0
8,0,8,0
0,47,47,4
0,4,4,342
25,0,25,0
1,0,1,0
0,6,6,14
1,0,1,0
59,0,59,0
0,15,15,5
1,0,1,0
4,0,4,0
0,6,6,22
1,0,1,0
6,0,6,0
1,0,1,0
18,0,18,0
1,0,1,0
7,0,7,0
1,0,1,0
13,0,13,0
1,0,1,0
18,0,18,0
2,0,2,0
10,0,10,0
1,0,1,0
37,0,37,0
1,0,1,0
1,0,1,0
21,0,21,0
1,0,1,0
0,5,5,41
2,0,2,0
1,0,1,0
1,0,1,0
5,0,5,0
4,0,4,0
4,0,4,0
3,0,3,0
2,0,2,0
8,0,8,0
29,0,29,0
0,8,8,15
1,0,1,0
1,0,1,0
1,0,1,0
2,0,2,0
2,0,2,0
7,0,7,0
2,0,2,0
0,4,4,6
0,2,2,13
23,0,23,0
5,0,5,0
10,0,10,0
0,1,1,10
0,16,16,5
3,0,3,0
19,0,19,0
3,0,3,0
61,0,61,0
0,16,16,21
1,0,1,0
1,0,1,0
1,0,1,0
7,0,7,0
14,0,14,0
1,0,1,0
2,0,2,0
1,0,1,0
0,2,2,38
1,0,1,0
0,4,4,51
16,0,16,0
2,0,2,0
5,0,5,0
7,0,7,0
4,0,4,0
0,22,22,4
11,0,11,0
0,3,3,6
2,0,2,0
14,0,14,0
2,0,2,0
28,0,28,0
0,17,17,25
2,0,2,0
2,0,2,0
2,0,2,0
6,0,6,0
19,0,19,0
4,0,4,0
5,0,5,0
5,0,5,0
1,0,1,0
0,2,2,10
0,1,1,0
1,0,1,0
0,7,7,23
6,0,6,0
0,32,32,8
1,0,1,0
1,0,1,0
3,0,3,0
1,0,1,0
2,0,2,0
5,0,5,0
0,3,3,41
4,0,4,0
2,0,2,0
2,0,2,0
1,0,1,0
1,0,1,0
1,0,1,0
1,0,1,0
4,0,4,0
1,0,1,0
0,44,44,29
0,7,7,4
0,103,103,14
79,0,79,0
0,1,1,0
0,8,8,3
2,0,2,0
0,1,1,10
0,113,113,45
6,0,6,0
3,0,3,0
0,7,7,30
3,0,3,0
1,0,1,0
0,46,46,15
0,3,3,5
13,0,13,0
8,0,8,0
10,0,10,0
1,0,1,0
55,0,55,0
1,0,1,0
0,1,1,3
13,0,13,0
7,0,7,0
2,0,2,0
26,0,26,0
0,4,4,3
3,0,3,0
0,3,3,9
3,0,3,0
1,0,1,0
16,0,16,0
0,17,17,19
35,0,35,0
5,0,5,0
1,0,1,0
172,0,172,0
8,0,8,0
0,45,45,12
0,191,191,74
8,0,8,0
2,0,2,0
1,0,1,0
88,0,88,0
9,0,9,0
4,0,4,0
3,0,3,0
4,0,4,0
0,3,3,20
5,0,5,0
1,0,1,0
4,0,4,0
2,0,2,0
2,0,2,0
3,0,3,0
2,0,2,0
0,8,8,6
0,8,8,12
64,0,64,0
0,1,1,5
8,0,8,0
7,0,7,0
6,0,6,0
2,0,2,0
16,0,16,0
9,0,9,0
0,18,18,36
11,0,11,0
1,0,1,0
5,0,5,0
1,0,1,0
3,0,3,0
11,0,11,0
59,0,59,0
3,0,3,0
0,2,2,0
1,0,1,0
1,0,1,0
0,1,1,21
6,0,6,0
1,0,1,0
1,0,1,0
4,0,4,0
2,0,2,0
26,0,26,0
0,6,6,13
1,0,1,0
2,0,2,0
0,35,35,14
0,83,83,116
8,0,8,0
10,0,10,0
3,0,3,0
3,0,3,0
4,0,4,0
0,2,2,8
0,3,3,10
2,0,2,0
2,0,2,0
4,0,4,0
3,0,3,0
7,0,7,0
15,0,15,0
3,0,3,0
15,0,15,0
5,0,5,0
1,0,1,0
1,0,1,0
1,0,1,0
0,1,1,32
17,0,17,0
37,0,37,0
1,0,1,0
4,0,4,0
0,2,2,12
0,40,40,61
96,0,96,0
1,0,1,0
1,0,1,0
0,2,2,9
0,1,1,11
0,1,1,21
0,9,9,13
0,6,6,26
2,0,2,0
0,142,142,37
0,2,2,65
5,0,5,0
2,0,2,0
2,0,2,0
3,0,3,0
0,93,93,10
0,1,1,12
3,0,3,0
5,0,5,0
0,4,4,7
2,0,2,0
3,0,3,0
2,0,2,0
3,0,3,0
2,0,2,0
0,8,8,10
3,0,3,0
166,0,166,0
0,3,3,7
0,52,52,43
8,0,8,0
1,0,1,0
1,0,1,0
2,0,2,0
0,17,17,25
8,0,8,0
5,0,5,0
1,0,1,0
11,0,11,0
2,0,2,0
4,0,4,0
1,0,1,0
1,0,1,0
2,0,2,0
3,0,3,0
0,24,24,5
9,0,9,0
1,0,1,0
0,16,16,4
1,0,1,0
68,0,68,0
1,0,1,0
0,1,1,0
28,0,28,0
1,0,1,0
2,0,2,0
0,4,4,0
5,0,5,0
216,0,216,0
0,11,11,8
1,0,1,0
0,11,11,18
10,0,10,0
4,0,4,0
2,0,2,0
5,0,5,0
2,0,2,0
1,0,1,0
1,0,1,0
1,0,1,0
1,0,1,0
1,0,1,0
2,0,2,0
1,0,1,0
3,0,3,0
5,0,5,0
1,0,1,0
1,0,1,0
1,0,1,0
1,0,1,0
4,0,4,0
0,1,1,6
3,0,3,0
1,0,1,0
0,3,3,40
1,0,1,0
1,0,1,0
0,7,7,35
3,0,3,0
2,0,2,0
2,0,2,0
0,1,1,27
3,0,3,0
1,0,1,0
0,30,30,0
24,0,24,0
1,0,1,0
17,0,17,0
0,5,5,47
1,0,1,0
10,0,10,0
1,0,1,0
3,0,3,0
1,0,1,0
0,42,42,9
0,2,2,21
2,0,2,0
1,0,1,0
4,0,4,0
0,1,1,67
13,0,13,0
2,0,2,0
0,2,2,37
58,0,58,0
8,0,8,0
2,0,2,0
0,1,1,49
2,0,2,0
3,0,3,0
3,0,3,0
8,0,8,0
1,0,1,0
0,3,3,31
2,0,2,0
16,0,16,0
5,0,5,0
3,0,3,0
10,0,10,0
2,0,2,0
1,0,1,0
9,0,9,0
4,0,4,0
1,0,1,0
0,1,1,16
5,0,5,0
0,5,5,12
4,0,4,0
1,0,1,0
1,0,1,0
10,0,10,0
0,4,4,14
2,0,2,0
13,0,13,0
3,0,3,0
0,16,16,20
9,0,9,0
75,0,75,0
0,5,5,12
0,3,3,5
9,0,9,0
0,2,2,6
0,8,8,2
3,0,3,0
1,0,1,0
1,0,1,0
3,0,3,0
2,0,2,0
0,20,20,15
0,17,17,1
86,0,86,0
7,0,7,0
1,0,1,0
1,0,1,0
13,0,13,0
6,0,6,0
3,0,3,0
19,0,19,0
1,0,1,0
0,83,83,8
1,0,1,0
1,0,1,0
1,0,1,0
2,0,2,0
4,0,4,0
0,10,10,166
0,5,5,13
4,0,4,0
1,0,1,0
1,0,1,0
0,132,132,22
1,0,1,0
0,14,14,3
1,0,1,0
3,0,3,0
0,2,2,3
1,0,1,0
39,0,39,0
0,11,11,4
2,0,2,0
9,0,9,0
62,0,62,0
1,0,1,0
1,0,1,0
4,0,4,0
0,57,57,15
75,0,75,0
2,0,2,0
1,0,1,0
4,0,4,0
3,0,3,0
1,0,1,0
15,0,15,0
6,0,6,0
4,0,4,0
2,0,2,0
3,0,3,0
25,0,25,0
1,0,1,0
1,0,1,0
7,0,7,0
78,0,78,0
1,0,1,0
0,2,2,16
1,0,1,0
0,1,1,7
58,0,58,0
2,0,2,0
0,6,6,79
0,25,25,5
155,0,155,0
1,0,1,0
3,0,3,0
2,0,2,0
2,0,2,0
0,2,2,0
2,0,2,0
14,0,14,0
14,0,14,0
0,2,2,14
5,0,5,0
11,0,11,0
0,5,5,24
14,0,14,0
1,0,1,0
6,0,6,0
3,0,3,0
12,0,12,0
0,16,16,6
1,0,1,0
0,97,97,7
0,4,4,21
0,11,11,6
1,0,1,0
0,132,132,15
9,0,9,0
0,6,6,4
6,0,6,0
2,0,2,0
3,0,3,0
10,0,10,0
2,0,2,0
4,0,4,0
0,3,3,2
1,0,1,0
0,2,2,76
132,0,132,0
0,3,3,31
1,0,1,0
1,0,1,0
1,0,1,0
5,0,5,0
0,4,4,1
1,0,1,0
0,4,4,10
93,0,93,0
1,0,1,0
1,0,1,0
3,0,3,0
0,160,160,35
2,0,2,0
2,0,2,0
1,0,1,0
1,0,1,0
3,0,3,0
22,0,22,0
1,0,1,0
1,0,1,0
2,0,2,0
1,0,1,0
25,0,25,0
4,0,4,0
1,0,1,0
1,0,1,0
2,0,2,0
8,0,8,0
0,1,1,28
1,0,1,0
1,0,1,0
1,0,1,0
34,0,34,0
0,2,2,29
1,0,1,0
1,0,1,0
6,0,6,0
1,0,1,0
6,0,6,0
2,0,2,0
4,0,4,0
4,0,4,0
0,2,2,6
0,4,4,1
2,0,2,0
6,0,6,0
2,0,2,0
1,0,1,0
9,0,9,0
5,0,5,0
1,0,1,0
1,0,1,0
1,0,1,0
0,14,14,1
8,0,8,0
9,0,9,0
1,0,1,0
0,180,180,43
0,5,5,136
1,0,1,0
0,2,2,1
1,0,1,0
1,0,1,0
0,16,16,35
0,10,10,144
23,0,23,0
1,0,1,0
20,0,20,0
3,0,3,0
1,0,1,0
0,64,64,53
4,0,4,0
0,17,17,19
0,4,4,9
15,0,15,0
3,0,3,0
0,1,1,80
1,0,1,0
5,0,5,0
0,57,57,15
52,0,52,0
3,0,3,0
8,0,8,0
3,0,3,0
1,0,1,0
0,9,9,4
4,0,4,0
0,4,4,22
1,0,1,0
4,0,4,0
0,2,2,3
3,0,3,0
48,0,48,0
2,0,2,0
0,1,1,9
3,0,3,0
8,0,8,0
2,0,2,0
7,0,7,0
0,6,6,1
37,0,37,0
3,0,3,0
3,0,3,0
0,7,7,5
0,2,2,15
1,0,1,0
0,93,93,41
1,0,1,0
0,1,1,1
1,0,1,0
19,0,19,0
1,0,1,0
0,1,1,0
1,0,1,0
0,4,4,31
66,0,66,0
0,3,3,31
2,0,2,0
0,1,1,4
2,0,2,0
11,0,11,0
9,0,9,0
0,7,7,1
0,3,3,2
0,71,71,28
4,0,4,0
12,0,12,0
2,0,2,0
0,59,59,77
1,0,1,0
2,0,2,0
1,0,1,0
25,0,25,0
0,4,4,7
0,17,17,4
2,0,2,0
6,0,6,0
10,0,10,0
0,109,109,14
3,0,3,0
1,0,1,0
1,0,1,0
100,0,100,0
1,0,1,0
1,0,1,0
0,211,211,6
2,0,2,0
43,0,43,0
7,0,7,0
2,0,2,0
0,2,2,6
5,0,5,0
1,0,1,0
3,0,3,0
3,0,3,0
4,0,4,0
4,0,4,0
1,0,1,0
1,0,1,0
13,0,13,0
9,0,9,0
4,0,4,0
2,0,2,0
4,0,4,0
0,7,7,3
0,4,4,11
5,0,5,0
36,0,36,0
3,0,3,0
3,0,3,0
3,0,3,0
1,0,1,0
1,0,1,0
3,0,3,0
3,0,3,0
0,4,4,14
0,2,2,3
1,0,1,0
0,2,2,34
1,0,1,0
2,0,2,0
16,0,16,0
1,0,1,0
0,6,6,11
0,1,1,3
3,0,3,0
2,0,2,0
1,0,1,0
0,19,19,3
1,0,1,0
266,0,266,0
1,0,1,0
1,0,1,0
4,0,4,0
2,0,2,0
0,3,3,522
3,0,3,0
4,0,4,0
2,0,2,0
1,0,1,0
2,0,2,0
1,0,1,0
0,1,1,0
2,0,2,0
1,0,1,0
4,0,4,0
6,0,6,0
0,174,174,27
3,0,3,0
9,0,9,0
4,0,4,0
6,0,6,0
0,2,2,15
4,0,4,0
14,0,14,0
2,0,2,0
0,43,43,17
0,14,14,5
5,0,5,0
10,0,10,0
0,148,148,40
2,0,2,0
58,0,58,0
12,0,12,0
0,6,6,7
0,6,6,77
5,0,5,0
3,0,3,0
0,8,8,19
4,0,4,0
2,0,2,0
2,0,2,0
1,0,1,0
9,0,9,0
19,0,19,0
0,8,8,7
0,1,1,39
3,0,3,0
1,0,1,0
1,0,1,0
0,84,84,4
0,3,3,2
2,0,2,0
0,19,19,31
1,0,1,0
4,0,4,0
1,0,1,0
1,0,1,0
0,1,1,34
2,0,2,0
0,1,1,85
0,2,2,4
3,0,3,0
1,0,1,0
2,0,2,0
8,0,8,0
0,12,12,5
1,0,1,0
0,3,3,40
1,0,1,0
3,0,3,0
1,0,1,0
0,2,2,108
2,0,2,0
2,0,2,0
0,17,17,33
154,0,154,0
1,0,1,0
6,0,6,0
3,0,3,0
8,0,8,0
1,0,1,0
0,90,90,12
3,0,3,0
2,0,2,0
1,0,1,0
61,0,61,0
5,0,5,0
7,0,7,0
0,7,7,2
0,8,8,23
0,75,75,30
2,0,2,0
6,0,6,0
0,43,43,14
0,8,8,15
1,0,1,0
6,0,6,0
0,108,108,8
2,0,2,0
0,1,1,1
6,0,6,0
5,0,5,0
0,9,9,27
3,0,3,0
1,0,1,0
0,36,36,18
2,0,2,0
10,0,10,0
0,1,1,7
1,0,1,0
12,0,12,0
1,0,1,0
3,0,3,0
4,0,4,0
1,0,1,0
4,0,4,0
8,0,8,0
4,0,4,0
4,0,4,0
0,2,2,5
0,1,1,34
6,0,6,0
7,0,7,0
5,0,5,0
0,11,11,47
1,0,1,0
8,0,8,0
0,2,2,192
0,9,9,20
9,0,9,0
3,0,3,0
1,0,1,0
6,0,6,0
2,0,2,0
2,0,2,0
9,0,9,0
3,0,3,0
1,0,1,0
3,0,3,0
1,0,1,0
0,1,1,30
0,2,2,10
3,0,3,0
1,0,1,0
0,1,1,9
2,0,2,0
4,0,4,0
68,0,68,0
0,8,8,7
12,0,12,0
12,0,12,0
1,0,1,0
1,0,1,0
1,0,1,0
0,5,5,0
1,0,1,0
2,0,2,0
2,0,2,0
0,1,1,4
5,0,5,0
1,0,1,0
1,0,1,0
0,8,8,14
1,0,1,0
1,0,1,0
1,0,1,0
4,0,4,0
0,1,1,49
2,0,2,0
18,0,18,0
13,0,13,0
0,1,1,22
2,0,2,0
1,0,1,0
0,1,1,4
0,3,3,12
11,0,11,0
0,62,62,26
3,0,3,0
1,0,1,0
6,0,6,0
1,0,1,0
0,82,82,27
0,2,2,4
1,0,1,0
1,0,1,0
11,0,11,0
1,0,1,0
18,0,18,0
1,0,1,0
7,0,7,0
6,0,6,0
19,0,19,0
10,0,10,0
0,1,1,1
1,0,1,0
0,5,5,4
4,0,4,0
1,0,1,0
0,2,2,0
1,0,1,0
7,0,7,0
3,0,3,0
6,0,6,0
9,0,9,0
0,10,10,7
3,0,3,0
11,0,11,0
49,0,49,0
1,0,1,0
0,30,30,3
1,0,1,0
9,0,9,0
1,0,1,0
1,0,1,0
5,0,5,0
0,13,13,2
5,0,5,0
2,0,2,0
11,0,11,0
20,0,20,0
4,0,4,0
9,0,9,0
0,21,21,56
103,0,103,0
21,0,21,0
6,0,6,0
7,0,7,0
15,0,15,0
5,0,5,0
1,0,1,0
1,0,1,0
0,1,1,1
2,0,2,0
9,0,9,0
3,0,3,0
0,24,24,13
0,10,10,16
1,0,1,0
5,0,5,0
1,0,1,0
0,11,11,8
0,1,1,28
6,0,6,0
93,0,93,0
1,0,1,0
1,0,1,0
2,0,2,0
7,0,7,0
2,0,2,0
1,0,1,0
0,3,3,42
0,4,4,35
0,1,1,11
0,33,33,19
19,0,19,0
0,272,272,44
9,0,9,0
6,0,6,0
0,23,23,11
12,0,12,0
0,2,2,9
4,0,4,0
26,0,26,0
1,0,1,0
0,12,12,0
17,0,17,0
0,6,6,9
1,0,1,0
2,0,2,0
3,0,3,0
0,39,39,2
6,0,6,0
1,0,1,0
1,0,1,0
0,3,3,13
1,0,1,0
3,0,3,0
20,0,20,0
0,23,23,33
0,22,22,30
0,6,6,113
1,0,1,0
4,0,4,0
0,6,6,168
34,0,34,0
7,0,7,0
1,0,1,0
1,0,1,0
1,0,1,0
3,0,3,0
0,99,99,12
1,0,1,0
2,0,2,0
2,0,2,0
4,0,4,0
0,15,15,37
0,2,2,40
52,0,52,0
6,0,6,0
4,0,4,0
2,0,2,0
1,0,1,0
0,4,4,9
2,0,2,0
0,28,28,18
5,0,5,0
13,0,13,0
32,0,32,0
7,0,7,0
3,0,3,0
0,5,5,2
0,3,3,134
0,2,2,17
0,6,6,9
0,2,2,13
5,0,5,0
137,0,137,0
2,0,2,0
21,0,21,0
5,0,5,0
1,0,1,0
0,4,4,51
2,0,2,0
5,0,5,0
0,33,33,75
0,28,28,1
1,0,1,0
0,15,15,7
0,5,5,0
1,0,1,0
1,0,1,0
0,41,41,11
2,0,2,0
1,0,1,0
1,0,1,0
6,0,6,0
0,321,321,4
15,0,15,1
5,0,5,0
13,0,13,0
3,0,3,0
1,0,1,0
6,0,6,0
1,0,1,0
1,0,1,0
1,0,1,0
2,0,2,0
0,1,1,2
1,0,1,0
13,0,13,0
10,0,10,0
7,0,7,0
0,7,7,36
40,0,40,0
0,53,53,29
5,0,5,0
0,7,7,6
0,2,2,6
1,0,1,0
2,0,2,0
0,121,121,29
0,12,12,6
2,0,2,0
2,0,2,0
2,0,2,0
0,2,2,9
1,0,1,0
2,0,2,0
1,0,1,0
0,148,148,16
2,0,2,0
6,0,6,0
4,0,4,0
2,0,2,0
1,0,1,0
0,1,1,40
1,0,1,0
3,0,3,0
1,0,1,0
1,0,1,0
4,0,4,0
7,0,7,0
131,0,131,0
2,0,2,0
2,0,2,0
0,4,4,14
4,0,4,0
0,11,11,27
0,1,1,91
15,0,15,0
0,16,16,1
4,0,4,0
1,0,1,0
2,0,2,0
0,87,87,77
10,0,10,0
1,0,1,0
2,0,2,0
1,0,1,0
2,0,2,0
5,0,5,0
8,0,8,0
0,8,8,5
2,0,2,0
46,0,46,0
2,0,2,0
9,0,9,0
3,0,3,0
23,0,23,0
2,0,2,0
4,0,4,0
3,0,3,0
0,56,56,1
57,0,57,0
10,0,10,0
1,0,1,0
25,0,25,0
1,0,1,0
2,0,2,0
0,16,16,6
2,0,2,0
1,0,1,0
18,0,18,0
13,0,13,0
1,0,1,0
18,0,18,0
24,0,24,0
16,0,16,0
2,0,2,0
0,4,4,25
3,0,3,0
1,0,1,0
5,0,5,0
0,4,4,3
1,0,1,0
5,0,5,0
0,148,148,44
1,0,1,0
2,0,2,0
8,0,8,0
7,0,7,0
5,0,5,0
0,18,18,105
0,9,9,26
0,8,8,10
321,0,321,0
0,5,5,75
1,0,1,0
4,0,4,0
2,0,2,0
0,1,1,19
11,0,11,0
1,0,1,0
25,0,25,0
0,9,9,10
6,0,6,0
1,0,1,0
0,20,20,82
19,0,19,0
1,0,1,0
1,0,1,0
5,0,5,0
2,0,2,0
230,0,230,0
0,2,2,16
0,6,6,3
3,0,3,0
1,0,1,0
1,0,1,0
2,0,2,0
5,0,5,0
0,7,7,1
7,0,7,0
0,93,93,61
1,0,1,0
22,0,22,0
5,0,5,0
1,0,1,0
1,0,1,0
6,0,6,0
2,0,2,0
0,197,197,16
1,0,1,0
4,0,4,0
0,2,2,34
5,0,5,0
0,19,19,32
0,61,61,26
28,0,28,0
7,0,7,0
1,0,1,0
4,0,4,0
2,0,2,0
0,2,2,51
5,0,5,0
2,0,2,0
2,0,2,0
3,0,3,0
1,0,1,0
0,8,8,36
1,0,1,0
1,0,1,0
7,0,7,0
51,0,51,0
0,12,12,28
7,0,7,0
7,0,7,0
1,0,1,0
0,1,1,6
1,0,1,0
7,0,7,0
3,0,3,0
1,0,1,0
4,0,4,0
0,8,8,4
20,0,20,0
1,0,1,0
0,66,66,105
1,0,1,0
1,0,1,0
0,3,3,6
2,0,2,0
1,0,1,0
1,0,1,0
0,10,10,10
18,0,18,0
1,0,1,0
59,0,59,0
2,0,2,0
24,0,24,0
0,62,62,2
26,0,26,0
1,0,1,0
1,0,1,0
0,1,1,13
0,5,5,16
3,0,3,0
2,0,2,0
2,0,2,0
0,1,1,0
1,0,1,0
0,14,14,2
9,0,9,0
1,0,1,0
4,0,4,0
0,32,32,60
3,0,3,0
0,2,2,2
1,0,1,0
1,0,1,0
1,0,1,0
7,0,7,0
1,0,1,0
19,0,19,0
0,134,134,65
33,0,33,0
0,51,51,22
1,0,1,0
0,3,3,17
239,0,239,0
5,0,5,0
13,0,13,0
57,0,57,0
3,0,3,0
9,0,9,0
7,0,7,0
52,0,52,0
0,11,11,2
0,1,1,6
1,0,1,0
2,0,2,0
3,0,3,0
3,0,3,0
14,0,14,0
0,3,3,21
0,2,2,34
1,0,1,0
1,0,1,0
8,0,8,0
0,15,15,19
45,0,45,0
2,0,2,0
19,0,19,0
1,0,1,0
5,0,5,0
7,0,7,0
1,0,1,0
2,0,2,0
2,0,2,0
2,0,2,0
1,0,1,0
2,0,2,0
5,0,5,0
0,3,3,25
4,0,4,0
0,2,2,13
4,0,4,0
2,0,2,0
1,0,1,0
3,0,3,0
1,0,1,0
0,2,2,0
3,0,3,0
1,0,1,0
0,7,7,59
6,0,6,0
0,3,3,2
0,2,2,100
32,0,32,0
0,10,10,23
0,2,2,2
1,0,1,0
1,0,1,0
0,4,4,9
4,0,4,0
0,1,1,30
0,1,1,0
1,0,1,0
2,0,2,0
4,0,4,0
7,0,7,0
1,0,1,0
0,15,15,10
1,0,1,0
1,0,1,0
1,0,1,0
1,0,1,0
1,0,1,0
17,0,17,0
0,12,12,6
4,0,4,0
11,0,11,0
4,0,4,0
4,0,4,0
0,5,5,108
1,0,1,0
1,0,1,0
1,0,1,0
3,0,3,0
10,0,10,0
0,3,3,42
1,0,1,0
2,0,2,0
3,0,3,0
2,0,2,0
2,0,2,0
2,0,2,0
4,0,4,0
0,5,5,27
4,0,4,0
2,0,2,0
2,0,2,0
2,0,2,0
18,0,18,0
2,0,2,0
32,0,32,0
0,1,1,0
2,0,2,0
6,0,6,0
0,22,22,108
1,0,1,0
1,0,1,0
3,0,3,0
0,16,16,11
2,0,2,0
0,1,1,19
0,6,6,17
1,0,1,0
0,2,2,17
2,0,2,0
4,0,4,0
1,0,1,0
4,0,4,0
0,108,108,72
2,0,2,0
2,0,2,0
17,0,17,0
7,0,7,0
26,0,26,0
0,44,44,9
4,0,4,0
5,0,5,0
2,0,2,0
1,0,1,0
1,0,1,0
1,0,1,0
4,0,4,0
55,0,55,0
47,0,47,0
1,0,1,0
60,0,60,0
0,3,3,9
3,0,3,0
1,0,1,0
1,0,1,0
0,2,2,19
1,0,1,0
0,4,4,21
1,0,1,0
1,0,1,0
0,1,1,5
2,0,2,0
0,6,6,8
2,0,2,0
0,10,10,31
1,0,1,0
5,0,5,0
22,0,22,0
0,12,12,2
0,1,1,34
1,0,1,0
0,12,12,5
2,0,2,0
6,0,6,0
1,0,1,0
0,2,2,18
4,0,4,0
7,0,7,0
0,2,2,39
2,0,2,0
12,0,12,0
1,0,1,0
1,0,1,0
3,0,3,0
0,5,5,6
10,0,10,0
14,0,14,0
0,5,5,13
0,1,1,7
0,2,2,67
7,0,7,0
0,29,29,48
1,0,1,0
9,0,9,0
1,0,1,0
8,0,8,0
32,0,32,0
1,0,1,0
4,0,4,0
0,227,227,107
142,0,142,0
72,0,72,0
0,12,12,10
1,0,1,0
1,0,1,0
1,0,1,0
2,0,2,0
37,0,37,0
0,1,1,3
1,0,1,0
0,77,77,7
65,0,65,0
5,0,5,0
1,0,1,0
22,0,22,0
3,0,3,0
1,0,1,0
1,0,1,0
0,2,2,19
0,1,1,57
0,5,5,8
0,4,4,10
0,6,6,4
1,0,1,0
1,0,1,0
0,21,21,26
0,7,7,0
1,0,1,0
0,27,27,2
9,0,9,0
4,0,4,0
1,0,1,0
1,0,1,0
11,0,11,0
2,0,2,0
3,0,3,0
2,0,2,0
75,0,75,0
5,0,5,0
1,0,1,0
4,0,4,0
2,0,2,0
4,0,4,0
2,0,2,0
2,0,2,0
1,0,1,0
0,1,1,124
5,0,5,0
3,0,3,0
0,3,3,10
5,0,5,0
0,2,2,0
0,1,1,12
0,71,71,12
4,0,4,0
6,0,6,0
37,0,37,0
5,0,5,0
4,0,4,0
3,0,3,0
1,0,1,0
1,0,1,0
6,0,6,0
0,3,3,3
3,0,3,0
2,0,2,0
1,0,1,0
0,59,59,47
1,0,1,0
7,0,7,0
1,0,1,0
1,0,1,0
0,1,1,28
3,0,3,0
2,0,2,0
2,0,2,0
4,0,4,0
0,3,3,29
37,0,37,0
0,1,1,8
0,11,11,9
2,0,2,0
2,0,2,0
6,0,6,0
1,0,1,0
5,0,5,0
9,0,9,0
3,0,3,0
12,0,12,0
1,0,1,0
7,0,7,0
5,0,5,0
4,0,4,0
0,9,9,29
5,0,5,0
0,29,29,29
419,0,419,0
1,0,1,0
0,116,116,19
12,0,12,0
8,0,8,0
1,0,1,0
2,0,2,0
2,0,2,0
5,0,5,0
26,0,26,0
0,9,9,5
12,0,12,0
32,0,32,0
29,0,29,0
7,0,7,0
3,0,3,0
0,3,3,42
0,40,40,29
3,0,3,0
7,0,7,0
28,0,28,0
1,0,1,0
5,0,5,0
27,0,27,0
0,1,1,4
2,0,2,0
6,0,6,0
0,3,3,2
25,0,25,0
0,88,88,6
0,6,6,9
1,0,1,0
29,0,29,0
2,0,2,0
18,0,18,0
4,0,4,0
25,0,25,0
0,147,147,22
6,0,6,0
2,0,2,0
36,0,36,0
0,1,1,0
7,0,7,0
1,0,1,0
4,0,4,0
7,0,7,0
0,20,20,17
3,0,3,0
0,1,1,17
1,0,1,0
1,0,1,0
2,0,2,0
2,0,2,0
1,0,1,0
19,0,19,0
24,0,24,0
0,6,6,7
21,0,21,0
0,1,1,0
0,1,1,6
2,0,2,0
1,0,1,0
8,0,8,0
22,0,22,0
2,0,2,0
18,0,18,0
1,0,1,0
0,1,1,36
4,0,4,0
1,0,1,0
11,0,11,0
1,0,1,0
0,14,14,2
19,0,19,0
0,6,6,3
0,91,91,6
4,0,4,0
5,0,5,0
2,0,2,0
1,0,1,0
0,1,1,66
1,0,1,0
2,0,2,0
51,0,51,0
2,0,2,0
0,1,1,3
2,0,2,0
0,4,4,15
7,0,7,0
0,486,486,27
0,3,3,4
2,0,2,0
0,38,38,9
1,0,1,0
0,10,10,6
0,1,1,5
17,0,17,0
9,0,9,0
0,3,3,98
3,0,3,0
0,8,8,31
0,24,24,5
5,0,5,0
0,1,1,140
1,0,1,0
0,1,1,8
0,2,2,2
0,6,6,26
0,9,9,11
4,0,4,0
2,0,2,0
2,0,2,0
1,0,1,0
2,0,2,0
5,0,5,0
1,0,1,0
19,0,19,0
4,0,4,0
6,0,6,0
1,0,1,0
0,43,43,26
1,0,1,0
0,1,1,40
4,0,4,0
3,0,3,0
8,0,8,0
1,0,1,0
0,3,3,89
1,0,1,0
4,0,4,0
4,0,4,0
1,0,1,0
0,4,4,0
1,0,1,0
1,0,1,0
22,0,22,0
0,46,46,40
1,0,1,0
19,0,19,0
0,8,8,1
1,0,1,0
2,0,2,0
0,1,1,71
0,3,3,0
1,0,1,0
2,0,2,0
2,0,2,0
4,0,4,0
2,0,2,0
2,0,2,0
9,0,9,0
2,0,2,0
0,26,26,11
4,0,4,0
16,0,16,0
7,0,7,0
5,0,5,0
1,0,1,0
4,0,4,0
5,0,5,0
2,0,2,0
7,0,7,0
0,14,14,6
7,0,7,0
0,3,3,15
5,0,5,0
2,0,2,0
2,0,2,0
0,47,47,6
23,0,23,0
2,0,2,0
1,0,1,0
1,0,1,0
0,2,2,2
2,0,2,0
0,221,221,248
4,0,4,0
0,25,25,13
7,0,7,0
3,0,3,0
2,0,2,0
1,0,1,0
18,0,18,0
2,0,2,0
3,0,3,0
21,0,21,0
13,0,13,0
19,0,19,0
2,0,2,0
0,192,192,33
2,0,2,0
2,0,2,0
4,0,4,0
1,0,1,0
0,2,2,2
2,0,2,0
1,0,1,0
0,43,43,54
0,17,17,3
0,2,2,19
5,0,5,0
0,5,5,21
1,0,1,0
1,0,1,0
3,0,3,0
1,0,1,0
1,0,1,0
4,0,4,0
2,0,2,0
4,0,4,0
0,11,11,2
1,0,1,0
1,0,1,0
5,0,5,0
0,8,8,21
10,0,10,0
4,0,4,0
2,0,2,0
3,0,3,0
4,0,4,0
0,183,183,5
1,0,1,0
2,0,2,0
19,0,19,0
4,0,4,0
0,19,19,48
11,0,11,0
6,0,6,0
1,0,1,0
2,0,2,0
5,0,5,0
7,0,7,0
4,0,4,0
1,0,1,0
5,0,5,0
0,6,6,5
0,5,5,45
1,0,1,0
10,0,10,0
2,0,2,0
3,0,3,0
20,0,20,0
12,0,12,0
0,129,129,54
0,1,1,3
4,0,4,0
3,0,3,0
1,0,1,0
0,6,6,4
2,0,2,0
11,0,11,0
6,0,6,0
0,1,1,27
2,0,2,0
4,0,4,0
4,0,4,0
7,0,7,0
2,0,2,0
13,0,13,0
5,0,5,0
2,0,2,0
12,0,12,0
3,0,3,0
2,0,2,0
2,0,2,0
4,0,4,0
0,1,1,2
2,0,2,0
0,12,12,6
4,0,4,0
3,0,3,0
1,0,1,0
2,0,2,0
0,1,1,40
228,0,228,0
5,0,5,0
2,0,2,0
0,10,10,33
10,0,10,0
1,0,1,0
14,0,14,0
1,0,1,0
8,0,8,0
1,0,1,0
4,0,4,0
2,0,2,0
2,0,2,0
1,0,1,0
1,0,1,0
3,0,3,0
0,10,10,13
5,0,5,0
3,0,3,0
0,29,29,34
22,0,22,0
1,0,1,0
20,0,20,0
1,0,1,0
2,0,2,0
2,0,2,0
1,0,1,0
1,0,1,6
1,0,1,0
10,0,10,0
11,0,11,5
9,0,9,0
1,0,1,0
35,0,35,0
4,0,4,0
3,0,3,0
1,0,1,0
1,0,1,0
3,0,3,0
0,7,7,111
2,0,2,0
13,0,13,0
11,0,11,0
5,0,5,0
3,0,3,0
1,0,1,0
0,1,1,7
1,0,1,0
2,0,2,0
0,1,1,32
0,6,6,1
6,0,6,0
3,0,3,0
1,0,1,0
4,0,4,0
1,0,1,0
1,0,1,0
1,0,1,0
1,0,1,0
12,0,12,0
1,0,1,0
0,1,1,1
1,0,1,0
1,0,1,0
0,34,34,23
4,0,4,0
0,2,2,3
0,1,1,14
3,0,3,0
5,0,5,0
3,0,3,0
4,0,4,0
2,0,2,0
0,1,1,2
2,0,2,0
0,4,4,8
2,0,2,0
0,15,15,8
1,0,1,0
43,0,43,0
7,0,7,0
0,2,2,0
22,0,22,0
0,27,27,10
4,0,4,0
14,0,14,0
0,4,4,21
1,0,1,0
1,0,1,0
0,14,14,7
13,0,13,0
117,0,117,0
4,0,4,0
0,1,1,55
4,0,4,0
1,0,1,0
2,0,2,0
0,39,39,13
7,0,7,0
10,0,10,0
0,12,12,32
1,0,1,0
0,1,1,3
16,0,16,0
2,0,2,0
0,1,1,0
14,0,14,0
1,0,1,0
0,7,7,3
1,0,1,0
0,39,39,12
4,0,4,0
1,0,1,0
0,63,63,39
0,3,3,27
8,0,8,0
1,0,1,0
3,0,3,0
4,0,4,0
21,0,21,0
35,0,35,0
2,0,2,0
1,0,1,0
0,7,7,6
9,0,9,0
0,3,3,12
27,0,27,0
4,0,4,0
4,0,4,0
1,0,1,0
7,0,7,0
0,32,32,1
9,0,9,0
0,11,11,28
1,0,1,0
4,0,4,0
1,0,1,0
2,0,2,0
9,0,9,0
0,6,6,85
0,2,2,45
1,0,1,0
2,0,2,0
4,0,4,0
0,1,1,25
4,0,4,0
19,0,19,0
2,0,2,0
3,0,3,0
1,0,1,0
7,0,7,0
2,0,2,0
0,7,7,1
0,6,6,40
7,0,7,0
1,0,1,0
50,0,50,0
2,0,2,0
0,1,1,20
5,0,5,0
0,2,2,20
1,0,1,0
1,0,1,0
1,0,1,0
0,2,2,13
2,0,2,0
1,0,1,0
10,0,10,0
0,1,1,8
2,0,2,0
0,1,1,4
0,4,4,14
0,4,4,21
19,0,19,0
0,6,6,3
3,0,3,0
2,0,2,0
0,1,1,96
3,0,3,0
3,0,3,0
0,33,33,2
1,0,1,0
2,0,2,0
1,0,1,0
5,0,5,0
11,0,11,0
3,0,3,0
5,0,5,0
0,8,8,12
0,81,81,9
1,0,1,0
4,0,4,0
7,0,7,0
1,0,1,0
1,0,1,0
11,0,11,0
1,0,1,0
1,0,1,0
1,0,1,0
152,0,152,0
1,0,1,0
0,2,2,2
7,0,7,0
0,5,5,29
9,0,9,0
2,0,2,0
1,0,1,0
1,0,1,0
3,0,3,0
1,0,1,0
1,0,1,0
6,0,6,0
1,0,1,0
4,0,4,0
1,0,1,0
0,3,3,18
1,0,1,0
0,3,3,0
1,0,1,0
26,0,26,0
2,0,2,0
1,0,1,0
0,4,4,27
1,0,1,0
4,0,4,0
1,0,1,0
2,0,2,0
1,0,1,0
55,0,55,0
2,0,2,0
0,4,4,12
4,0,4,0
2,0,2,0
0,2,2,41
0,6,6,7
0,3,3,9
4,0,4,0
50,0,50,0
0,5,5,40
2,0,2,0
9,0,9,0
2,0,2,0
1,0,1,0
1,0,1,0
3,0,3,0
1,0,1,0
1,0,1,0
22,0,22,0
0,33,33,40
3,0,3,0
2,0,2,0
1,0,1,0
8,0,8,0
37,0,37,0
1,0,1,0
0,20,20,47
1,0,1,0
10,0,10,0
0,11,11,16
2,0,2,0
0,7,7,27
4,0,4,0
0,4,4,1
0,8,8,0
11,0,11,0
3,0,3,0
2,0,2,0
4,0,4,0
0,1,1,2
27,0,27,0
1,0,1,0
4,0,4,0
2,0,2,0
4,0,4,0
1,0,1,0
5,0,5,0
3,0,3,0
3,0,3,0
0,20,20,6
2,0,2,0
1,0,1,0
0,3,3,4
4,0,4,0
0,4,4,47
0,2,2,1
3,0,3,0
0,3,3,0
0,157,157,21
2,0,2,0
0,11,11,11
0,4,4,16
2,0,2,0
0,7,7,10
0,28,28,64
1,0,1,0
2,0,2,0
1,0,1,0
2,0,2,0
0,5,5,109
7,0,7,0
5,0,5,0
3,0,3,0
8,0,8,0
0,1,1,2
1,0,1,0
7,0,7,0
1,0,1,0
1,0,1,0
1,0,1,0
1,0,1,0
12,0,12,0
1,0,1,0
0,4,4,42
8,0,8,0
1,0,1,0
5,0,5,0
1,0,1,0
1,0,1,0
4,0,4,0
0,3,3,49
2,0,2,0
18,0,18,0
1,0,1,0
3,0,3,0
1,0,1,0
2,0,2,0
1,0,1,0
1,0,1,0
0,1,1,6
2,0,2,0
3,0,3,0
2,0,2,0
0,4,4,6
3,0,3,0
0,4,4,18
1,0,1,0
0,139,139,53
27,0,27,0
0,2,2,60
1,0,1,0
7,0,7,0
0,21,21,8
0,2,2,48
0,88,88,16
0,7,7,26
1,0,1,0
4,0,4,0
1,0,1,0
5,0,5,0
19,0,19,0
1,0,1,0
7,0,7,0
1,0,1,0
1,0,1,0
7,0,7,0
6,0,6,0
1,0,1,0
6,0,6,0
7,0,7,0
0,6,6,4
1,0,1,0
1,0,1,0
9,0,9,0
1,0,1,0
2,0,2,0
2,0,2,0
6,0,6,0
1,0,1,0
1,0,1,0
3,0,3,0
4,0,4,0
5,0,5,0
0,8,8,0
3,0,3,0
0,19,19,77
0,297,297,89
0,7,7,172
6,0,6,0
1,0,1,0
2,0,2,0
1,0,1,0
121,0,121,0
1,0,1,0
13,0,13,0
2,0,2,0
25,0,25,0
1,0,1,0
1,0,1,0
1,0,1,0
11,0,11,0
6,0,6,0
0,2,2,19
2,0,2,0
0,1,1,2
0,5,5,0
0,19,19,0
2,0,2,0
0,5,5,41
2,0,2,0
9,0,9,0
0,5,5,23
1,0,1,0
7,0,7,0
1,0,1,0
13,0,13,0
16,0,16,0
0,9,9,0
0,2,2,11
1,0,1,0
1,0,1,0
8,0,8,0
0,73,73,2
2,0,2,0
2,0,2,0
0,1,1,11
1,0,1,0
0,2,2,51
3,0,3,0
2,0,2,0
0,1,1,3
2,0,2,0
4,0,4,0
21,0,21,0
9,0,9,0
1,0,1,0
0,9,9,7
0,4,4,51
1,0,1,0
1,0,1,0
23,0,23,0
6,0,6,0
3,0,3,0
0,6,6,43
0,7,7,14
1,0,1,0
1,0,1,0
3,0,3,0
7,0,7,0
1,0,1,0
3,0,3,0
5,0,5,0
0,1,1,1
140,0,140,0
1,0,1,0
1,0,1,0
0,5,5,26
2,0,2,0
2,0,2,0
12,0,12,0
5,0,5,0
0,25,25,91
2,0,2,0
0,3,3,353
3,0,3,0
2,0,2,0
4,0,4,0
1,0,1,0
33,0,33,0
13,0,13,0
3,0,3,0
9,0,9,0
0,3,3,58
5,0,5,0
0,9,9,11
7,0,7,0
1,0,1,0
1,0,1,0
0,9,9,58
14,0,14,0
0,4,4,2
0,42,42,8
5,0,5,0
0,5,5,3
6,0,6,0
29,0,29,0
4,0,4,0
1,0,1,0
5,0,5,0
42,0,42,0
0,3,3,0
39,0,39,0
1,0,1,0
2,0,2,0
0,35,35,52
41,0,41,0
0,9,9,8
1,0,1,0
1,316,317,61
0,7,7,3
0,47,47,17
0,4,4,12
2,0,2,0
17,0,17,0
1,0,1,0
0,47,47,14
1,0,1,0
1,0,1,0
0,47,47,2
1,0,1,0
14,0,14,0
0,64,64,40
2,0,2,0
33,0,33,0
1,0,1,0
24,0,24,0
2,0,2,0
1,0,1,0
10,0,10,0
6,0,6,0
5,0,5,0
13,0,13,0
0,5,5,13
1,0,1,0
1,0,1,0
1,0,1,0
4,0,4,0
0,11,11,2
2,0,2,0
0,150,150,60
1,0,1,0
0,65,65,27
10,0,10,0
0,2,2,23
2,0,2,0
0,107,107,12
0,3,3,1
5,0,5,0
189,0,189,0
1,0,1,0
14,0,14,0
0,4,4,1
2,0,2,0
4,0,4,0
0,8,8,4
6,0,6,0
4,0,4,0
5,0,5,0
2,0,2,0
37,0,37,0
1,0,1,0
55,0,55,0
2,0,2,0
14,0,14,0
0,1,1,56
3,0,3,0
1,0,1,0
3,0,3,0
10,0,10,0
2,0,2,0
0,181,181,8
1,0,1,0
0,27,27,7
8,0,8,0
0,1,1,5
1,0,1,0
1,0,1,0
0,4,4,23
2,0,2,0
0,7,7,29
18,0,18,0
0,99,99,48
1,0,1,0
2,0,2,0
7,0,7,0
0,9,9,3
0,6,6,2
0,94,94,8
3,0,3,0
0,6,6,8
0,2,2,4
1,0,1,0
0,5,5,4
1,0,1,0
0,6,6,1
1,0,1,0
44,0,44,0
7,0,7,0
0,3,3,14
2,0,2,0
17,0,17,0
4,0,4,0
12,0,12,0
6,0,6,0
5,0,5,0
8,0,8,0
0,28,28,18
0,3,3,4
0,9,9,31
3,0,3,0
0,6,6,13
4,0,4,0
4,0,4,0
22,0,22,0
4,0,4,0
3,0,3,0
2,0,2,0
0,32,32,9
8,0,8,0
10,0,10,0
8,0,8,0
11,0,11,0
0,10,10,5
1,0,1,0
3,0,3,0
0,14,14,19
12,0,12,0
0,2,2,0
0,3,3,25
28,0,28,0
3,0,3,0
4,0,4,0
0,1,1,2
1,0,1,0
1,0,1,0
0,27,27,24
1,0,1,0
1,0,1,0
0,1,1,13
0,235,235,4
6,0,6,0
21,0,21,0
0,1,1,22
6,0,6,0
3,0,3,0
1,0,1,0
1,0,1,0
1,0,1,0
6,0,6,0
1,0,1,0
4,0,4,0
4,0,4,0
28,0,28,0
0,2,2,3
0,10,10,91
12,0,12,0
3,0,3,0
2,0,2,0
2,0,2,0
4,0,4,0
21,0,21,0
1,0,1,0
1,0,1,0
3,0,3,0
0,2,2,3
3,0,3,0
3,0,3,0
2,0,2,0
3,0,3,0
1,0,1,0
1,0,1,0
0,14,14,15
0,2,2,2
14,0,14,0
3,0,3,0
5,0,5,0
0,60,60,1
8,0,8,0
0,117,117,20
3,0,3,0
5,0,5,0
17,0,17,0
7,0,7,0
2,0,2,0
0,40,40,10
1,0,1,0
1,0,1,0
0,7,7,25
0,27,27,44
16,0,16,0
0,1,1,3
0,8,8,0
0,1,1,2
5,0,5,0
5,0,5,0
0,3,3,6
0,10,10,4
1,0,1,0
0,3,3,20
0,1,1,11
3,0,3,0
1,0,1,0
3,0,3,0
3,0,3,0
2,0,2,0
3,0,3,0
1,0,1,0
0,28,28,6
2,0,2,0
0,2,2,0
2,0,2,0
1,0,1,0
1,0,1,0
1,0,1,0
1,0,1,0
2,0,2,0
2,0,2,0
0,62,62,0
59,0,59,0
0,49,49,44
3,0,3,0
0,346,346,12
906,0,906,0
3,0,3,0
58,0,58,0
4,0,4,0
13,0,13,0
1,0,1,0
1,0,1,0
3,0,3,0
4,0,4,0
1,0,1,0
1,0,1,0
6,0,6,0
0,81,81,27
17,0,17,0
1,0,1,0
3,0,3,0
1,0,1,0
0,5,5,16
0,3,3,16
0,1,1,0
2,0,2,0
3,0,3,0
12,0,12,0
83,0,83,0
0,14,14,21
1,0,1,0
14,0,14,0
8,0,8,0
2,0,2,0
1,0,1,0
1,0,1,0
10,0,10,0
2,0,2,0
0,30,30,185
6,0,6,0
1,0,1,0
0,11,11,4
1,0,1,0
28,0,28,0
0,5,5,46
2,0,2,0
1,0,1,0
0,1,1,43
5,0,5,0
15,0,15,0
10,0,10,0
4,0,4,0
2,0,2,0
0,2,2,24
7,0,7,0
1,0,1,0
1,0,1,0
4,0,4,0
2,0,2,0
1,0,1,0
0,4,4,19
1,0,1,0
1,0,1,0
1,0,1,0
1,0,1,0
1,0,1,0
4,0,4,0
0,2,2,5
0,8,8,1
0,2,2,7
2,0,2,0
4,0,4,0
1,0,1,0
8,0,8,0
1,0,1,0
0,3,3,1
7,0,7,0
1,0,1,0
61,0,61,0
2,0,2,0
5,0,5,0
0,24,24,32
3,0,3,0
0,17,17,5
7,0,7,0
85,0,85,0
2,0,2,0
9,0,9,0
3,0,3,0
1,0,1,0
0,4,4,16
4,0,4,0
2,0,2,0
0,20,20,7
0,4,4,1
9,0,9,0
0,5,5,14
0,5,5,10
1,0,1,0
13,0,13,0
0,1,1,1
1,0,1,0
11,0,11,0
3,0,3,0
11,0,11,0
0,6,6,43
1,0,1,0
1,0,1,0
3,0,3,0
0,3,3,16
4,0,4,0
1,0,1,0
0,1,1,1
0,1,1,40
2,0,2,0
1,0,1,0
2,0,2,0
4,0,4,0
2,0,2,0
1,0,1,0
0,2,2,7
0,1,1,4
2,0,2,0
107,0,107,0
0,38,38,91
1,0,1,0
0,11,11,2
0,2,2,41
69,0,69,0
0,60,60,15
2,0,2,0
0,4,4,99
1,0,1,0
0,2,2,1
0,4,4,2
0,3,3,0
1,0,1,0
1,0,1,0
3,0,3,0
1,0,1,0
191,0,191,0
3,0,3,0
0,5,5,2
0,31,31,23
8,0,8,0
2,0,2,0
47,0,47,0
2,0,2,0
0,14,14,2
2,0,2,0
1,0,1,0
7,0,7,0
4,0,4,0
1,0,1,0
1,0,1,0
2,0,2,0
77,0,77,0
4,0,4,0
0,9,9,51
1,0,1,0
1,0,1,0
0,1,1,47
2,0,2,0
0,9,9,59
4,0,4,0
2,0,2,0
1,0,1,0
3,0,3,0
1,0,1,0
6,0,6,0
4,0,4,0
14,0,14,0
0,7,7,0
28,0,28,0
0,3,3,1
3,0,3,0
25,0,25,0
3,0,3,0
4,0,4,0
1,0,1,0
1,0,1,0
1,0,1,0
0,19,19,34
20,0,20,0
0,1,1,8
2,0,2,0
0,5,5,0
1,0,1,0
0,2,2,3
3,0,3,0
3,0,3,0
4,0,4,0
8,0,8,0
0,9,9,32
5,0,5,0
0,9,9,118
4,0,4,0
12,0,12,0
1,0,1,0
12,0,12,0
9,0,9,0
1,0,1,0
5,0,5,0
2,0,2,0
2,0,2,0
4,0,4,0
4,0,4,0
4,0,4,0
4,0,4,0
2,0,2,0
0,138,138,12
2,0,2,0
2,0,2,0
6,0,6,0
0,34,34,50
5,0,5,0
8,0,8,0
4,0,4,0
0,36,36,86
12,0,12,0
3,0,3,0
0,2,2,0
1,0,1,0
1,0,1,0
1,0,1,0
5,0,5,0
1,0,1,0
1,0,1,0
0,3,3,34
0,21,21,39
0,19,19,27
21,0,21,0
1,0,1,0
34,0,34,0
1,0,1,0
0,1,1,43
1,0,1,0
10,0,10,0
3,0,3,0
0,40,40,6
4,0,4,0
183,0,183,0
0,2,2,3
12,0,12,0
0,2,2,16
6,0,6,0
26,0,26,0
3,0,3,0
1,0,1,0
1,0,1,0
5,0,5,0
24,0,24,0
3,0,3,0
89,0,89,0
2,0,2,0
0,7,7,93
2,0,2,0
0,177,177,68
58,0,58,0
3,0,3,0
1,0,1,0
0,19,19,167
9,0,9,0
11,0,11,0
1,0,1,0
0,4,4,11
2,0,2,0
0,61,61,14
2,0,2,0
18,0,18,0
4,0,4,0
5,0,5,0
1,0,1,0
0,2,2,3
5,0,5,0
1,0,1,0
0,12,12,19
7,0,7,0
6,0,6,0
1,0,1,0
1,0,1,0
5,0,5,0
1,0,1,0
16,0,16,0
1,0,1,0
0,6,6,7
2,0,2,0
5,0,5,0
4,0,4,0
0,1,1,0
1,0,1,0
0,17,17,146
10,0,10,0
3,0,3,0
0,15,15,86
2,0,2,0
0,8,8,84
1,0,1,0
0,367,367,49
9,0,9,0
0,10,10,27
44,0,44,0
0,12,12,4
1,0,1,0
1,0,1,0
1,0,1,0
5,0,5,0
4,0,4,0
0,1,1,6
46,0,46,0
2,0,2,0
4,0,4,0
0,78,78,62
13,0,13,0
33,0,33,0
8,0,8,0
0,1,1,0
1,0,1,0
0,3,3,40
5,0,5,0
0,1,1,25
7,0,7,0
0,6,6,21
42,0,42,0
5,0,5,0
0,1,1,23
16,0,16,0
0,34,34,92
0,1,1,5
0,4,4,2
1,0,1,0
0,3,3,0
0,12,12,15
7,0,7,0
1,0,1,0
5,0,5,0
5,0,5,0
36,0,36,0
1,0,1,0
0,13,13,51
5,0,5,0
0,7,7,4
1,0,1,0
0,1,1,67
5,0,5,0
1,0,1,0
8,0,8,0
0,4,4,2
1,0,1,0
0,7,7,4
0,6,6,57
0,1,1,7
6,0,6,0
11,0,11,0
3,0,3,0
14,0,14,0
4,0,4,0
0,3,3,11
1,0,1,0
23,0,23,0
8,0,8,0
0,3,3,11
1,0,1,0
10,0,10,0
0,4,4,1
3,0,3,0
23,0,23,0
0,2,2,0
0,7,7,28
0,18,18,42
4,0,4,0
0,4,4,8
32,0,32,0
8,0,8,0
1,0,1,0
1,0,1,0
1,0,1,0
110,0,110,0
17,0,17,0
2,0,2,0
4,0,4,0
2,0,2,0
2,0,2,0
2,0,2,0
10,0,10,0
1,0,1,0
0,3,3,6
3,0,3,0
1,0,1,0
3,0,3,0
6,0,6,0
1,0,1,0
0,8,8,0
24,0,24,0
2,0,2,0
1,0,1,0
0,1,1,8
3,0,3,0
2,0,2,0
1,0,1,0
2,0,2,0
25,0,25,0
4,0,4,0
4,0,4,0
1,0,1,0
2,0,2,0
1,0,1,0
5,0,5,0
0,2,2,10
0,63,63,32
6,0,6,0
0,85,85,53
3,0,3,0
9,0,9,0
5,0,5,0
4,0,4,0
1,0,1,0
4,0,4,0
1,0,1,0
0,130,130,34
38,0,38,0
6,0,6,0
4,0,4,0
0,6,6,44
0,2,2,19
1,0,1,0
5,0,5,0
3,0,3,0
4,0,4,0
3,0,3,0
6,0,6,0
103,0,103,0
1,0,1,0
1,0,1,0
0,4,4,4
7,0,7,0
1,0,1,0
1,0,1,0
1,0,1,0
8,0,8,0
24,0,24,0
0,119,119,8
0,4,4,31
13,0,13,0
12,0,12,0
0,23,23,39
1,0,1,0
2,0,2,0
9,0,9,0
2,0,2,0
0,5,5,12
2,0,2,0
2,0,2,0
2,0,2,0
3,0,3,0
22,0,22,0
19,0,19,0
0,2,2,12
1,0,1,0
0,5,5,0
1,0,1,0
1,0,1,0
4,0,4,0
2,0,2,0
11,0,11,0
0,1,1,9
1,0,1,0
7,0,7,0
1,0,1,0
1,0,1,0
0,3,3,0
1,0,1,0
0,58,58,3
2,0,2,0
2,0,2,0
0,5,5,3
2,0,2,0
0,7,7,24
0,3,3,0
9,0,9,0
7,0,7,0
26,0,26,0
1,0,1,0
6,0,6,0
0,1,1,0
1,0,1,0
1,0,1,0
3,0,3,0
4,0,4,0
0,1,1,34
2,0,2,0
12,0,12,0
0,4,4,9
1,0,1,0
0,5,5,5
4,0,4,0
6,0,6,0
12,0,12,0
1,0,1,0
1,0,1,0
1,0,1,0
0,1,1,1
1,0,1,0
0,3,3,20
5,0,5,0
2,0,2,0
0,3,3,3
4,0,4,0
1,0,1,0
1,0,1,0
0,3,3,8
0,1,1,1
8,0,8,0
1,0,1,0
1,0,1,0
8,0,8,0
6,0,6,0
1,0,1,0
1,0,1,0
6,0,6,0
6,0,6,0
2,0,2,0
2,0,2,0
2,0,2,0
3,0,3,0
11,0,11,0
8,0,8,0
0,5,5,74
3,0,3,0
1,0,1,0
3,0,3,0
5,0,5,0
6,0,6,0
2,0,2,0
0,12,12,1
1,0,1,0
13,0,13,0
2,0,2,0
19,0,19,0
3,0,3,0
1,0,1,0
6,0,6,0
0,1,1,10
9,0,9,0
1,0,1,0
1,0,1,0
0,2,2,18
2,0,2,0
0,22,22,5
3,0,3,0
17,0,17,0
0,1,1,14
2,0,2,0
4,0,4,0
116,0,116,0
1,0,1,0
4,0,4,0
0,4,4,10
1,0,1,0
9,0,9,0
2,0,2,0
2,0,2,0
4,0,4,0
6,0,6,0
1,0,1,0
4,0,4,0
23,0,23,0
6,0,6,0
2,0,2,0
0,1,1,53
0,108,108,3
0,1,1,2
5,0,5,0
2,0,2,0
0,5,5,19
2,0,2,0
0,95,95,10
2,0,2,0
4,0,4,0
1,0,1,0
8,0,8,0
4,0,4,0
1,0,1,0
0,6,6,45
5,0,5,0
1,0,1,0
2,0,2,0
3,0,3,0
1,0,1,0
0,20,20,8
4,0,4,0
2,0,2,0
0,14,14,15
1,0,1,0
2,0,2,0
1,0,1,0
6,0,6,0
4,0,4,0
6,0,6,0
111,0,111,0
1,0,1,0
6,0,6,0
10,0,10,0
1,0,1,0
0,1,1,1
2,0,2,0
1,0,1,0
2,0,2,0
5,0,5,0
0,33,33,19
2,0,2,0
1,0,1,0
6,0,6,0
10,0,10,0
1,0,1,0
4,0,4,0
1,0,1,0
0,11,11,77
13,0,13,0
2,0,2,0
2,0,2,0
2,0,2,0
1,0,1,0
6,0,6,0
4,0,4,0
0,2,2,0
48,0,48,0
3,0,3,0
2,0,2,0
1,0,1,0
1,0,1,0
3,0,3,0
3,0,3,0
1,0,1,0
7,0,7,0
0,3,3,80
0,2,2,16
2,0,2,0
0,10,10,24
0,18,18,58
156,0,156,0
43,0,43,0
5,0,5,0
3,0,3,0
3,0,3,0
0,3,3,7
1,0,1,0
9,0,9,0
1,0,1,0
5,0,5,0
5,0,5,0
2,0,2,0
2,0,2,0
0,4,4,0
0,3,3,40
4,0,4,0
1,0,1,0
7,0,7,0
1,0,1,0
0,1,1,6
0,1,1,0
0,1,1,0
0,2,2,0
5,0,5,0
4,0,4,0
0,63,63,35
12,0,12,0
1,0,1,0
0,5,5,19
1,0,1,0
2,0,2,0
0,18,18,12
2,0,2,0
1,0,1,0
0,1,1,12
3,0,3,0
1,0,1,0
2,0,2,0
1,0,1,0
1,0,1,0
23,0,23,0
0,5,5,73
14,0,14,0
0,9,9,8
21,0,21,0
4,0,4,0
5,0,5,0
0,27,27,30
0,3,3,109
2,0,2,0
3,0,3,0
3,0,3,0
2,0,2,0
2,0,2,0
4,0,4,0
2,0,2,0
2,0,2,0
10,0,10,0
2,0,2,0
0,65,65,18
7,0,7,0
3,0,3,0
0,28,28,7
0,12,12,10
9,0,9,0
0,1,1,7
8,0,8,0
3,0,3,0
3,0,3,0
0,1,1,132
0,32,32,7
15,0,15,0
1,0,1,0
7,0,7,0
8,0,8,0
0,122,122,5
4,0,4,0
1,0,1,0
1,0,1,0
0,13,13,12
7,0,7,0
1,0,1,0
1,0,1,0
4,0,4,0
56,0,56,0
4,0,4,0
0,13,13,70
7,0,7,0
6,0,6,0
3,0,3,0
7,0,7,0
0,42,42,1
2,0,2,0
2,0,2,0
12,0,12,0
6,0,6,0
2,0,2,0
7,0,7,0
45,0,45,0
0,4,4,11
4,0,4,0
2,0,2,0
0,3,3,37
0,140,140,91
0,7,7,12
1,0,1,0
8,0,8,0
13,0,13,0
3,0,3,0
5,0,5,0
1,0,1,0
10,0,10,0
3,0,3,0
1,0,1,0
0,5,5,4
1,0,1,0
1,0,1,0
1,0,1,0
1,0,1,0
8,0,8,0
0,5,5,2
4,0,4,0
1,0,1,0
0,66,66,11
0,2,2,0
1,0,1,0
78,0,78,0
30,0,30,0
1,0,1,0
3,0,3,0
13,0,13,0
2,0,2,0
6,0,6,0
0,3,3,2
0,109,109,8
1,0,1,0
5,0,5,0
1,0,1,0
19,0,19,0
9,0,9,0
6,0,6,0
0,19,19,32
23,0,23,0
36,0,36,0
0,114,114,13
1,0,1,0
0,1,1,13
2,0,2,0
1,0,1,0
8,0,8,0
0,50,50,5
4,0,4,0
2,0,2,0
22,0,22,0
3,0,3,0
8,0,8,0
11,0,11,0
10,0,10,0
2,0,2,0
10,0,10,0
4,0,4,0
35,0,35,0
5,0,5,0
3,0,3,0
6,0,6,0
1,0,1,0
2,0,2,0
2,0,2,0
2,0,2,0
4,0,4,0
1,0,1,0
7,0,7,0
2,0,2,0
1,0,1,0
2,0,2,0
2,0,2,0
8,0,8,0
0,109,109,10
1,0,1,0
0,6,6,23
20,0,20,0
4,0,4,0
2,0,2,0
18,0,18,0
8,0,8,0
2,0,2,0
28,0,28,0
35,0,35,0
1,0,1,0
9,0,9,0
115,0,115,0
30,0,30,0
1,0,1,0
2,0,2,0
1,0,1,0
0,5,5,8
2,0,2,0
1,0,1,0
0,1,1,8
1,0,1,0
9,0,9,0
12,0,12,0
0,11,11,1
1,0,1,0
0,3,3,48
1,0,1,0
3,0,3,0
11,0,11,0
0,2,2,0
1,0,1,0
0,8,8,15
0,6,6,3
0,4,4,2
1,0,1,0
4,0,4,0
7,0,7,0
2,0,2,0
0,4,4,13
19,0,19,0
1,0,1,0
11,0,11,0
44,0,44,0
2,0,2,0
2,0,2,0
1,0,1,0
7,0,7,0
14,0,14,0
0,1,1,119
2,0,2,0
1,0,1,0
0,25,25,0
9,0,9,0
1,0,1,0
0,28,28,5
3,0,3,0
51,0,51,0
1,0,1,0
2,0,2,0
1,0,1,0
2,0,2,0
1,0,1,0
15,0,15,0
2,0,2,0
0,4,4,3
1,0,1,0
6,0,6,0
0,10,10,60
1,0,1,0
4,0,4,0
0,3,3,5
0,1,1,32
0,5,5,0
3,0,3,0
8,0,8,0
0,11,11,21
3,0,3,0
6,0,6,0
0,1,1,34
3,0,3,0
8,0,8,0
2,0,2,0
9,0,9,0
100,0,100,0
32,0,32,0
3,0,3,0
0,46,46,35
0,5,5,61
8,0,8,0
0,10,10,9
2,0,2,0
1,0,1,0
10,0,10,0
0,3,3,19
0,1,1,9
1,0,1,0
1,0,1,0
3,0,3,0
4,0,4,0
0,5,5,12
3,0,3,0
11,0,11,0
3,0,3,0
2,0,2,0
0,24,24,11
1,0,1,0
3,0,3,0
0,3,3,17
3,0,3,0
3,0,3,0
0,8,8,42
0,2,2,15
4,0,4,0
2,0,2,0
1,0,1,0
0,2,2,2
0,109,109,11
2,0,2,0
0,1,1,14
15,0,15,0
1,0,1,0
0,4,4,3
1,0,1,0
42,0,42,0
1,0,1,0
1,0,1,0
1,0,1,0
0,2,2,2
3,0,3,0
1,0,1,0
1,0,1,0
0,12,12,6
0,1,1,2
5,0,5,0
1,0,1,0
1,0,1,0
0,17,17,17
3,0,3,0
2,0,2,0
0,1,1,24
0,7,7,6
12,0,12,0
1,0,1,0
3,0,3,30
1,0,1,0
0,2,2,2
15,0,15,0
2,0,2,0
7,0,7,0
4,0,4,0
0,7,7,0
1,0,1,0
0,42,42,62
19,0,19,0
0,651,651,25
1,0,1,0
4,0,4,0
15,0,15,0
8,0,8,0
3,0,3,0
6,0,6,0
2,0,2,0
1,0,1,0
10,0,10,0
0,388,388,90
1,0,1,0
0,3,3,17
1,0,1,0
6,0,6,0
2,0,2,0
36,0,36,0
1,0,1,0
0,6,6,0
3,0,3,0
1,0,1,0
2,0,2,0
1,0,1,0
1,0,1,0
2,0,2,0
0,4,4,22
1,0,1,0
1,0,1,0
56,0,56,0
1,0,1,0
5,0,5,0
2,0,2,0
4,0,4,0
10,0,10,0
1,0,1,0
3,0,3,0
4,0,4,0
3,0,3,0
4,0,4,0
1,0,1,0
2,0,2,0
2,0,2,0
4,0,4,0
2,0,2,0
2,0,2,0
4,0,4,0
20,0,20,0
5,0,5,0
4,0,4,0
2,0,2,0
9,0,9,0
1,0,1,0
0,5,5,1
0,1,1,39
2,0,2,0
10,0,10,0
1,0,1,0
3,0,3,0
2,0,2,0
0,2,2,2
119,0,119,0
2,0,2,0
2,0,2,0
0,23,23,34
1,0,1,0
32,0,32,0
0,3,3,35
8,0,8,0
12,0,12,0
0,2,2,3
4,0,4,0
0,1,1,8
5,0,5,0
3,0,3,0
1,0,1,0
0,1,1,24
2,0,2,0
2,0,2,0
40,0,40,0
1,0,1,0
0,475,475,48
0,28,28,9
25,0,25,0
0,33,33,41
18,0,18,0
3,0,3,0
5,0,5,0
4,0,4,0
0,7,7,123
5,0,5,0
2,0,2,0
2,0,2,0
8,0,8,0
0,1,1,20
9,0,9,0
2,0,2,0
1,0,1,0
0,2,2,0
1,0,1,0
4,0,4,0
1,0,1,0
2,0,2,0
0,1,1,11
5,0,5,0
10,0,10,0
15,0,15,0
10,0,10,0
0,5,5,5
1,0,1,0
0,5,5,29
1,0,1,0
0,6,6,8
2,0,2,0
6,0,6,0
1,0,1,0
0,29,29,9
1,0,1,0
1,0,1,0
2,0,2,0
2,0,2,0
53,0,53,0
3,0,3,0
2,0,2,0
2,0,2,0
1,0,1,0
2,0,2,0
1,0,1,0
1,0,1,0
1,0,1,0
0,19,19,1
1,0,1,0
1,0,1,0
5,0,5,0
1,0,1,0
2,0,2,0
4,0,4,0
2,0,2,0
0,2,2,4
0,12,12,30
0,1,1,0
31,0,31,0
5,0,5,0
0,3,3,20
18,0,18,0
0,39,39,58
37,0,37,0
3,0,3,0
1,0,1,0
1,0,1,0
9,0,9,0
5,0,5,0
15,0,15,0
17,0,17,0
1,0,1,0
1,0,1,0
6,0,6,0
27,0,27,0
8,0,8,0
7,0,7,0
25,0,25,0
5,0,5,0
0,4,4,85
3,0,3,0
0,9,9,19
0,3,3,0
0,56,56,26
10,0,10,0
1,0,1,0
1,0,1,0
12,0,12,0
0,165,165,12
11,0,11,0
0,1,1,18
3,0,3,0
2,0,2,0
0,20,20,4
1,0,1,0
26,0,26,0
0,5,5,4
71,0,71,0
3,0,3,0
10,0,10,0
7,0,7,0
6,0,6,0
2,0,2,0
13,0,13,0
0,2,2,0
9,0,9,0
0,2,2,0
2,0,2,0
5,0,5,0
3,0,3,0
0,19,19,11
5,0,5,0
2,0,2,0
3,0,3,0
0,9,9,74
2,0,2,0
6,0,6,0
0,1,1,4
0,9,9,12
2,0,2,0
1,0,1,0
0,31,31,20
9,0,9,0
2,0,2,0
0,106,106,30
5,0,5,0
8,0,8,0
0,25,25,12
1,0,1,0
3,0,3,0
3,0,3,0
5,0,5,0
51,0,51,0
0,11,11,16
11,0,11,0
0,1,1,2
18,0,18,0
0,9,9,0
6,0,6,0
2,0,2,0
3,0,3,0
1,0,1,0
3,0,3,0
0,17,17,16
1,0,1,0
8,0,8,0
5,0,5,0
16,0,16,0
5,0,5,0
0,7,7,19
1,0,1,0
1,0,1,0
2,0,2,0
3,0,3,0
6,0,6,0
1,0,1,0
2,0,2,0
50,0,50,0
1,0,1,0
3,0,3,0
4,0,4,0
1,0,1,0
5,0,5,0
0,2,2,2
0,4,4,51
1,0,1,0
0,1,1,0
6,0,6,0
2,0,2,0
2,0,2,0
324,0,324,0
1,0,1,0
3,0,3,0
1,0,1,0
1,0,1,0
7,0,7,0
8,0,8,0
1,0,1,0
1,0,1,0
0,31,31,1
2,0,2,0
1,0,1,0
0,2,2,1
7,0,7,0
0,1,1,3
2,0,2,0
31,0,31,0
1,0,1,0
3,0,3,0
0,66,66,0
1,0,1,0
0,2,2,32
2,0,2,0
22,0,22,0
29,0,29,0
7,0,7,0
1,0,1,0
0,5,5,16
1,0,1,0
11,0,11,0
2,0,2,0
2,0,2,0
3,0,3,0
3,0,3,0
8,0,8,0
3,0,3,0
2,0,2,0
1,0,1,0
10,0,10,0
4,0,4,0
158,0,158,0
27,0,27,0
0,79,79,9
5,0,5,0
4,0,4,0
0,1,1,1
658,0,658,0
101,0,101,0
10,0,10,0
1,0,1,0
6,0,6,0
5,0,5,0
0,13,13,11
0,13,13,10
2,0,2,0
2,0,2,0
7,0,7,0
2,0,2,0
0,21,21,2
1,0,1,0
1,0,1,0
0,12,12,9
12,0,12,0
2,0,2,0
2,0,2,0
1,0,1,0
17,0,17,0
0,3,3,14
4,0,4,0
1,0,1,0
1,0,1,0
1,0,1,0
0,2,2,0
12,0,12,0
2,0,2,0
0,63,63,20
0,2,2,9
3,0,3,0
3,0,3,0
0,20,20,29
35,0,35,0
4,0,4,0
4,0,4,0
2,0,2,0
0,49,49,7
0,1,1,6
7,0,7,0
2,0,2,0
0,22,22,20
5,0,5,0
1,0,1,0
1,0,1,0
36,0,36,0
0,4,4,14
3,0,3,0
17,0,17,0
3,0,3,0
0,112,112,8
2,0,2,0
6,0,6,0
88,0,88,0
1,0,1,0
0,1,1,32
12,0,12,0
2,0,2,0
2,0,2,0
2,0,2,0
0,3,3,1
0,2,2,3
6,0,6,0
0,4,4,5
2,0,2,0
98,0,98,0
3,0,3,0
5,0,5,0
9,0,9,0
2,0,2,0
8,0,8,0
22,0,22,0
3,0,3,0
0,4,4,8
4,0,4,0
1,0,1,0
3,0,3,0
1,0,1,0
18,0,18,0
0,6,6,19
6,0,6,0
23,0,23,0
2,0,2,0
0,64,64,20
1,0,1,0
2,0,2,0
1,0,1,0
0,1,1,2
1,0,1,0
5,0,5,0
0,5,5,8
1,0,1,0
0,4,4,11
0,21,21,10
0,9,9,48
0,2,2,14
0,8,8,21
10,0,10,0
55,0,55,0
1,0,1,0
2,0,2,0
3,0,3,0
1,0,1,0
0,10,10,1
3,0,3,0
0,3,3,56
3,0,3,0
0,76,76,62
3,0,3,0
0,43,43,3
0,6,6,22
2,0,2,0
1,0,1,0
3,0,3,0
1,0,1,0
1,0,1,0
1,0,1,0
0,2,2,0
0,58,58,6
1,0,1,0
3,0,3,0
4,0,4,0
4,0,4,0
0,6,6,9
1,0,1,0
1,0,1,0
0,155,155,20
3,0,3,0
5,0,5,0
2,0,2,0
12,0,12,0
0,1,1,40
1,0,1,0
1,0,1,0
5,0,5,0
23,0,23,0
2,0,2,0
1,0,1,0
1,0,1,0
11,0,11,0
126,0,126,0
1,0,1,0
2,0,2,0
0,44,44,5
8,0,8,0
12,0,12,0
5,0,5,0
0,46,46,0
2,0,2,0
0,9,9,1
1,0,1,0
1,0,1,0
3,0,3,0
1,0,1,0
4,0,4,0
0,2,2,0
2,0,2,0
2,0,2,0
3,0,3,0
1,0,1,0
1,0,1,0
1,0,1,0
6,0,6,0
1,0,1,0
0,7,7,0
0,180,180,127
1,0,1,0
0,1,1,0
0,26,26,5
1,0,1,0
1,0,1,0
2,0,2,0
9,0,9,0
1,0,1,0
1,0,1,0
0,43,43,62
4,0,4,0
0,4,4,5
10,0,10,0
5,0,5,0
33,0,33,0
6,0,6,0
0,18,18,34
22,0,22,0
5,0,5,0
15,0,15,0
57,0,57,0
4,0,4,0
0,38,38,20
2,0,2,0
16,0,16,0
2,0,2,0
0,36,36,3
4,0,4,0
1,0,1,0
2,0,2,0
1,0,1,0
0,45,45,2
1,0,1,0
4,0,4,0
1,0,1,0
10,0,10,0
0,2,2,1
0,3,3,1
6,0,6,0
2,0,2,0
0,20,20,0
2,0,2,0
4,0,4,0
0,2,2,13
0,7,7,8
5,0,5,0
8,0,8,0
10,0,10,0
4,0,4,0
2,0,2,0
4,0,4,0
2,0,2,0
5,0,5,0
2,0,2,0
9,0,9,0
1,0,1,0
1,0,1,0
0,2,2,2
14,0,14,0
31,0,31,0
1,0,1,0
2,0,2,0
15,0,15,0
0,293,293,50
6,0,6,0
0,5,5,22
26,0,26,0
1,0,1,0
1,0,1,0
0,10,10,24
0,10,10,13
3,0,3,0
4,0,4,0
5,0,5,0
0,2,2,18
3,0,3,0
2,0,2,0
1,0,1,0
6,0,6,0
0,10,10,77
0,11,11,26
8,0,8,0
4,0,4,0
7,0,7,0
8,0,8,0
32,0,32,0
3,0,3,0
2,0,2,0
3,0,3,0
4,0,4,0
0,8,8,25
1,0,1,0
2,0,2,0
1,0,1,0
4,0,4,0
3,0,3,0
2,0,2,0
0,13,13,2
7,0,7,0
35,0,35,0
9,0,9,0
4,0,4,0
2,0,2,0
11,0,11,0
1,0,1,0
0,1,1,0
5,0,5,0
1,0,1,0
51,0,51,0
29,0,29,0
1,0,1,0
2,0,2,0
4,0,4,0
5,0,5,0
1,0,1,0
1,0,1,0
2,0,2,0
2,0,2,0
10,0,10,0
1,0,1,0
2,0,2,0
0,1,1,18
1,0,1,0
0,10,10,2
0,1,1,28
0,5,5,162
2,0,2,0
0,1,1,8
5,0,5,0
0,39,39,41
4,0,4,0
2,0,2,0
0,7,7,6
3,0,3,0
0,26,26,43
3,0,3,0
1,0,1,0
3,0,3,0
0,2,2,1
3,0,3,0
1,0,1,0
1,0,1,0
5,0,5,0
0,2,2,30
8,0,8,0
0,1,1,1
0,60,60,3
4,0,4,0
2,0,2,0
26,0,26,0
68,0,68,0
2,0,2,0
0,2,2,13
2,0,2,0
2,0,2,0
0,1,1,66
2,0,2,0
0,12,12,8
0,5,5,170
6,0,6,0
1,0,1,0
2,0,2,0
0,26,26,1
0,14,14,6
13,0,13,0
4,0,4,0
0,37,37,58
5,0,5,0
3,0,3,0
12,0,12,0
1,0,1,0
4,0,4,0
1,0,1,0
0,7,7,11
6,0,6,0
43,0,43,0
8,0,8,0
2,0,2,0
5,0,5,0
1,0,1,0
1,0,1,0
8,0,8,0
3,0,3,0
0,8,8,1
42,0,42,0
1,0,1,0
2,0,2,0
5,0,5,0
1,0,1,0
2,0,2,0
2,0,2,0
8,0,8,0
1,0,1,0
0,4,4,6
0,12,12,69
1,0,1,0
2,0,2,0
5,0,5,0
3,0,3,0
0,5,5,17
0,41,41,16
1,0,1,0
6,0,6,0
0,9,9,7
3,0,3,0
1,0,1,0
5,0,5,0
8,0,8,0
3,0,3,0
3,0,3,0
1,0,1,0
53,0,53,0
2,0,2,0
1,0,1,0
0,26,26,0
0,1,1,5
5,0,5,0
5,0,5,0
0,2,2,0
6,0,6,0
0,15,15,69
3,0,3,0
0,2,2,10
0,3,3,3
5,0,5,0
0,32,32,42
0,11,11,29
5,0,5,0
0,6,6,21
0,5,5,0
9,0,9,0
5,0,5,0
15,0,15,0
0,308,308,17
2,0,2,0
0,33,33,17
1,0,1,0
1,0,1,0
1,0,1,0
3,0,3,0
1,0,1,0
1,0,1,0
2,0,2,0
0,18,18,10
6,0,6,0
0,4,4,52
5,0,5,0
1,0,1,0
0,22,22,33
9,0,9,0
1,0,1,0
9,0,9,0
4,0,4,0
0,10,10,0
0,9,9,1
3,0,3,0
6,0,6,0
1,0,1,0
18,0,18,0
8,0,8,0
0,1,1,0
1,0,1,0
1,0,1,0
8,0,8,0
2,0,2,0
0,5,5,19
7,0,7,0
26,0,26,0
61,0,61,0
1,0,1,0
10,0,10,0
5,0,5,0
5,0,5,0
0,142,142,30
2,0,2,0
0,17,17,13
20,0,20,0
0,6,6,0
13,0,13,0
4,0,4,0
3,0,3,0
1,0,1,0
8,0,8,0
1,0,1,0
3,0,3,0
3,0,3,0
0,11,11,64
17,0,17,0
3,0,3,0
3,0,3,0
3,0,3,0
0,31,31,31
2,0,2,0
4,0,4,0
0,8,8,9
39,0,39,0
0,16,16,28
1,0,1,0
5,0,5,0
1,0,1,0
4,0,4,0
1,0,1,0
2,0,2,0
0,6,6,13
3,0,3,0
2,0,2,0
53,0,53,0
13,0,13,0
10,0,10,0
0,1,1,8
0,3,3,4
1,0,1,0
1,0,1,0
1,0,1,0
0,2,2,4
10,0,10,0
0,1,1,4
20,0,20,0
2,0,2,0
24,0,24,0
9,0,9,0
0,3,3,20
3,0,3,0
91,0,91,0
2,0,2,0
1,0,1,0
9,0,9,0
4,0,4,0
0,27,27,4
0,16,16,6
0,19,19,23
11,0,11,0
0,2,2,22
7,0,7,0
0,84,84,16
0,1,1,2
0,15,15,10
2,0,2,0
8,0,8,0
1,0,1,0
6,0,6,0
3,0,3,0
5,0,5,0
24,0,24,0
2,0,2,0
3,0,3,0
0,29,29,22
28,0,28,0
18,0,18,0
0,63,63,3
58,0,58,0
0,51,51,2
0,54,54,5
5,0,5,0
2,0,2,0
0,9,9,92
1,0,1,0
0,2,2,8
1,0,1,0
1,0,1,12
4,0,4,0
1,0,1,0
10,0,10,0
2,0,2,0
1,0,1,0
1,0,1,0
2,0,2,0
16,0,16,0
22,0,22,0
2,0,2,0
7,0,7,0
2,0,2,0
9,0,9,0
0,8,8,6
1,0,1,0
0,12,12,14
27,0,27,0
2,0,2,0
1,0,1,0
0,6,6,0
8,0,8,0
0,7,7,71
213,0,213,0
0,151,151,9
2,0,2,0
2,0,2,0
1,0,1,0
0,20,20,28
2,0,2,0
0,4,4,2
0,479,479,143
117,0,117,0
0,3,3,3
4,0,4,0
73,0,73,0
5,0,5,0
1,0,1,0
1,0,1,0
1,0,1,0
1,0,1,0
0,2,2,4
2,0,2,0
0,3,3,8
3,0,3,0
1,0,1,0
0,17,17,121
1,0,1,0
0,5,5,14
1,0,1,0
0,15,15,94
2,0,2,0
1,0,1,0
2,0,2,0
0,2,2,5
3,0,3,0
11,0,11,0
0,7,7,170
2,0,2,0
0,17,17,3
0,44,44,35
1,0,1,0
9,0,9,0
1,0,1,0
1,0,1,0
7,0,7,0
22,0,22,0
0,4,4,12
35,0,35,0
1,0,1,0
1,0,1,0
1,0,1,0
0,1,1,2
3,0,3,0
5,0,5,0
0,3,3,3
3,0,3,0
52,0,52,0
45,0,45,0
12,0,12,0
1,0,1,0
0,74,74,52
2,0,2,0
0,82,82,5
0,71,71,70
12,0,12,0
19,0,19,0
0,7,7,27
1,0,1,0
37,0,37,0
1,0,1,0
0,2,2,10
1,0,1,0
2,0,2,0
72,0,72,0
0,5,5,14
1,0,1,0
4,0,4,0
0,2,2,16
4,0,4,0
0,36,36,0
0,85,85,76
54,0,54,0
18,0,18,0
3,0,3,0
2,0,2,0
9,0,9,0
11,0,11,0
15,0,15,0
2,0,2,0
1,0,1,0
1,0,1,0
22,0,22,0
84,0,84,0
1,0,1,0
1,0,1,0
2,0,2,0
25,0,25,0
50,0,50,0
1,0,1,0
4,0,4,0
1,0,1,0
9,0,9,0
2,0,2,0
6,0,6,0
0,7,7,96
2,0,2,0
2,0,2,0
1,0,1,0
0,1,1,18
0,2,2,11
6,0,6,0
0,591,591,22
4,0,4,0
0,7,7,1
1,0,1,0
1,0,1,0
2,0,2,0
1,0,1,0
1,0,1,0
11,0,11,0
0,32,32,35
1,0,1,0
0,17,17,15
12,0,12,0
1,0,1,0
3,0,3,0
11,0,11,0
0,5,5,3
0,25,25,4
1,0,1,0
7,0,7,0
1,0,1,0
7,0,7,0
6,0,6,0
0,1,1,1
0,163,163,40
0,8,8,18
0,2,2,49
2,0,2,0
3,0,3,0
0,1,1,61
38,0,38,0
1,0,1,0
17,0,17,0
33,0,33,0
7,0,7,0
2,0,2,0
1,0,1,0
0,39,39,9
2,0,2,0
6,0,6,0
0,310,310,25
1,0,1,0
23,0,23,0
34,0,34,0
9,0,9,0
9,0,9,0
1,0,1,0
0,3,3,9
12,0,12,0
13,0,13,0
2,0,2,0
5,0,5,0
1,0,1,0
5,0,5,0
4,0,4,0
1,0,1,0
4,0,4,0
1,0,1,0
1,0,1,22
2,0,2,0
1,0,1,0
1,0,1,37
1,0,1,0
27,0,27,0
0,1,1,5
34,0,34,0
10,0,10,0
0,9,9,2
8,0,8,0
1,0,1,0
3,0,3,0
3,0,3,0
1,0,1,0
1,0,1,0
7,0,7,0
0,19,19,13
1,0,1,0
12,0,12,0
1,0,1,0
0,2,2,39
16,0,16,0
31,0,31,0
4,0,4,0
1,0,1,0
1,0,1,0
2,0,2,0
0,86,86,8
0,5,5,92
0,79,79,13
3,0,3,0
18,0,18,0
1,0,1,0
10,0,10,0
8,0,8,0
1,0,1,0
1,0,1,0
5,0,5,0
0,29,29,23
29,0,29,0
2,0,2,0
0,57,57,51
239,0,239,0
7,0,7,0
11,0,11,0
2,0,2,0
0,6,6,1
3,0,3,0
18,0,18,0
5,0,5,0
0,2,2,34
7,0,7,0
0,125,125,126
1,0,1,0
12,0,12,0
6,0,6,0
4,0,4,0
0,1,1,5
0,2,2,1
138,0,138,0
4,0,4,0
5,0,5,0
16,0,16,0
3,0,3,0
1,0,1,0
1,0,1,0
2,0,2,0
1,0,1,0
4,0,4,0
2,0,2,0
84,0,84,0
0,71,71,19
0,19,19,9
2,0,2,0
37,0,37,0
2,0,2,0
1,0,1,0
1,0,1,0
2,0,2,0
4,0,4,0
5,0,5,0
1,0,1,0
0,5,5,16
0,1,1,1
2,0,2,0
0,3,3,22
0,7,7,37
3,0,3,0
1,0,1,0
1,0,1,0
1,0,1,0
27,0,27,0
2,0,2,0
6,0,6,0
3,0,3,0
3,0,3,0
0,25,25,3
2,0,2,0
1,0,1,0
0,13,13,97
1,0,1,0
1,0,1,0
0,1,1,69
2,0,2,0
0,77,77,20
2,0,2,0
0,85,85,17
0,1,1,36
5,0,5,0
1,0,1,0
1,0,1,0
21,0,21,0
8,0,8,0
0,8,8,3
2,0,2,0
0,9,9,57
6,0,6,0
19,0,19,0
2,0,2,0
0,4,4,2
0,1,1,168
3,0,3,0
2,0,2,0
0,1,1,4
0,16,16,14
2,0,2,0
6,0,6,0
3,0,3,0
4,0,4,0
0,4,4,6
8,0,8,0
3,0,3,0
3,0,3,0
0,53,53,25
0,5,5,0
6,0,6,0
1,0,1,0
0,56,56,27
0,3,3,11
0,33,33,5
4,0,4,0
2,0,2,0
1,0,1,0
2,0,2,0
1,0,1,0
3,0,3,0
25,0,25,0
23,0,23,0
0,1,1,133
1,0,1,0
1,0,1,0
1,0,1,0
18,0,18,0
2,0,2,0
0,3,3,4
2,0,2,0
6,0,6,0
6,0,6,0
0,6,6,0
9,0,9,0
2,0,2,0
1,0,1,0
1,0,1,0
0,57,57,8
2,0,2,0
1,0,1,0
1,0,1,0
0,1,1,6
0,3,3,15
4,0,4,0
2,0,2,0
3,0,3,0
1,0,1,0
86,0,86,0
185,0,185,0
0,53,53,19
0,8,8,18
30,0,30,0
5,0,5,0
0,1,1,1
3,0,3,0
1,0,1,0
9,0,9,0
1,0,1,0
0,2,2,0
0,36,36,1
11,0,11,0
2,0,2,0
9,0,9,0
2,0,2,0
0,150,150,46
80,0,80,0
3,0,3,0
7,0,7,0
0,17,17,24
1,0,1,0
291,0,291,0
1,0,1,0
2,0,2,0
1,0,1,0
3,0,3,0
2,0,2,0
61,0,61,0
20,0,20,0
2,0,2,0
13,0,13,0
2,0,2,0
0,9,9,2
0,2,2,38
0,7,7,9
0,29,29,11
1,0,1,0
1,0,1,0
4,0,4,0
0,29,29,10
5,0,5,0
0,14,14,0
0,3,3,4
2,0,2,0
1,0,1,0
6,0,6,0
2,0,2,0
6,0,6,0
2,0,2,0
0,3,3,14
2,0,2,0
16,0,16,0
0,3,3,14
4,0,4,0
0,2,2,36
1,0,1,0
8,0,8,0
99,0,99,0
0,2,2,37
1,0,1,0
3,0,3,0
5,0,5,0
4,0,4,0
1,0,1,0
6,0,6,0
0,4,4,11
0,6,6,73
3,0,3,0
2,0,2,0
1,0,1,0
0,5,5,17
11,0,11,0
4,0,4,0
4,0,4,0
1,0,1,0
3,0,3,0
6,0,6,0
0,13,13,2
1,0,1,0
0,3,3,5
0,27,27,1
20,0,20,0
2,0,2,12
8,0,8,0
1,0,1,0
0,12,12,9
21,0,21,0
9,0,9,0
1,0,1,0
3,0,3,0
14,0,14,0
0,3,3,0
1,0,1,0
27,0,27,0
0,8,8,1
1,0,1,0
1,0,1,0
18,0,18,0
2,0,2,0
1,0,1,0
3,0,3,0
0,3,3,10
0,5,5,7
1,0,1,0
6,0,6,0
0,1,1,37
0,1,1,2
0,26,26,39
20,0,20,0
2,0,2,0
0,28,28,20
0,61,61,4
5,0,5,0
16,0,16,0
0,1,1,8
1,0,1,0
0,74,74,27
4,0,4,0
1,0,1,0
2,0,2,0
4,0,4,0
4,0,4,0
1,0,1,0
0,3,3,30
1,0,1,0
1,0,1,0
6,0,6,0
17,0,17,0
1,0,1,0
0,135,135,16
102,0,102,0
8,0,8,0
17,0,17,0
1,0,1,0
4,0,4,0
1,0,1,0
3,0,3,0
1,0,1,0
1,0,1,0
3,0,3,0
28,0,28,0
1,0,1,0
3,0,3,0
2,0,2,0
3,0,3,0
1,0,1,0
2,0,2,0
9,0,9,0
3,0,3,0
1,0,1,0
0,241,241,11
0,15,15,3
0,1,1,3
0,1,1,2
3,0,3,0
2,0,2,0
47,0,47,0
2,0,2,0
16,0,16,0
0,1,1,2
0,17,17,53
0,3,3,4
0,22,22,2
1,0,1,0
1,0,1,0
2,0,2,0
1,0,1,0
1,0,1,0
2,0,2,0
11,0,11,0
2,0,2,0
0,18,18,2
9,0,9,0
2,0,2,0
0,1,1,2
1,0,1,0
1,0,1,0
1,0,1,0
0,211,211,172
1,0,1,0
129,0,129,0
0,24,24,15
0,2,2,56
20,0,20,0
0,2,2,8
0,22,22,45
8,0,8,0
8,0,8,0
1,0,1,0
2,0,2,0
4,0,4,0
1,0,1,0
0,1,1,1
0,23,23,5
1,0,1,0
1,0,1,0
2,0,2,0
0,1,1,6
4,0,4,0
2,0,2,0
21,0,21,0
2,0,2,0
0,6,6,7
0,17,17,9
17,0,17,0
2,0,2,0
0,11,11,15
1,0,1,0
6,0,6,0
1,0,1,0
0,2,2,2
4,0,4,0
1,0,1,0
13,0,13,0
2,0,2,0
3,0,3,0
45,0,45,0
1,0,1,0
0,12,12,2
1,0,1,0
0,2,2,6
1,0,1,0
1,0,1,0
1,0,1,0
7,0,7,0
0,2,2,4
42,0,42,0
0,3,3,13
0,10,10,26
9,0,9,0
0,44,44,8
10,0,10,0
11,0,11,0
0,5,5,6
0,26,26,12
0,30,30,27
14,0,14,0
2,0,2,0
1,0,1,0
0,6,6,10
4,0,4,0
4,0,4,0
12,0,12,0
8,0,8,0
4,0,4,0
0,33,33,88
2,0,2,0
2,0,2,0
1,0,1,0
0,11,11,2
0,18,18,23
17,0,17,0
0,2,2,33
1,0,1,0
1,0,1,0
3,0,3,0
1,0,1,0
1,0,1,0
11,0,11,0
2,0,2,0
1,0,1,0
0,3,3,59
0,61,61,14
1,0,1,0
4,0,4,0
3,0,3,0
0,32,32,5
11,0,11,0
1,0,1,0
0,31,31,113
26,0,26,0
0,2,2,41
2,0,2,0
0,31,31,0
2,0,2,0
19,0,19,0
2,0,2,0
0,6,6,3
1,0,1,0
0,6,6,0
3,0,3,0
0,7,7,20
2,0,2,0
5,0,5,0
0,15,15,5
1,0,1,0
2,0,2,0
2,0,2,0
6,0,6,0
0,5,5,10
1,0,1,0
0,1,1,9
2,0,2,0
0,2,2,0
2,0,2,0
1,0,1,0
0,3,3,28
4,0,4,0
3,0,3,0
1,0,1,0
1,0,1,0
18,0,18,0
10,0,10,0
1,0,1,0
3,0,3,0
26,0,26,0
0,1,1,11
5,0,5,0
13,0,13,0
3,0,3,0
9,0,9,0
0,89,89,53
90,0,90,0
0,1,1,34
0,84,84,13
4,0,4,0
1,0,1,0
209,0,209,0
2,0,2,0
3,0,3,0
0,8,8,28
3,0,3,0
12,0,12,0
1,0,1,0
1,0,1,0
2,0,2,0
12,0,12,0
0,80,80,55
1,0,1,0
0,12,12,5
7,0,7,0
1,0,1,0
1,0,1,0
2,0,2,0
2,0,2,0
1,0,1,0
4,0,4,0
1,0,1,0
0,3,3,6
0,7,7,53
10,0,10,0
2,0,2,0
0,2,2,11
1,0,1,0
43,0,43,0
0,13,13,6
2,0,2,0
1,0,1,0
2,0,2,0
7,0,7,0
8,0,8,0
1,0,1,0
1,0,1,0
0,9,9,2
5,0,5,0
12,0,12,0
0,3,3,123
5,0,5,0
4,0,4,0
0,7,7,6
6,0,6,0
1,0,1,0
19,0,19,0
6,0,6,0
0,183,183,8
1,0,1,0
1,0,1,0
4,0,4,0
1,0,1,0
1,0,1,0
0,3,3,13
8,0,8,0
2,0,2,0
4,0,4,0
4,0,4,0
1,0,1,0
0,3,3,15
1,0,1,0
2,0,2,0
0,8,8,5
7,0,7,0
2,0,2,0
9,0,9,0
1,0,1,0
3,0,3,0
4,0,4,0
1,0,1,0
67,0,67,0
6,0,6,0
0,35,35,106
15,0,15,0
2,0,2,0
8,0,8,0
5,0,5,0
1,0,1,0
0,230,230,110
2,0,2,0
6,0,6,0
1,0,1,0
1,0,1,0
0,8,8,2
9,0,9,0
21,0,21,0
5,0,5,0
82,0,82,0
4,0,4,0
1,0,1,0
0,1,1,8
0,1,1,3
1,0,1,0
0,17,17,12
4,0,4,0
1,0,1,0
0,1,1,93
1,0,1,0
61,0,61,0
1,0,1,0
25,0,25,0
0,12,12,0
2,0,2,0
1,0,1,0
2,0,2,0
7,0,7,0
2,0,2,0
3,0,3,0
0,3,3,8
7,0,7,0
19,0,19,0
3,0,3,0
1,0,1,0
0,10,10,0
1,0,1,0
1,0,1,0
0,32,32,8
2,0,2,0
2,0,2,0
1,0,1,0
2,0,2,0
0,5,5,107
0,2,2,4
0,1,1,11
1,0,1,0
1,0,1,0
4,0,4,0
2,0,2,0
2,0,2,0
97,0,97,0
2,0,2,0
3,0,3,0
1,0,1,0
2,0,2,0
198,0,198,0
4,0,4,0
5,0,5,0
5,0,5,0
1,0,1,0
2,0,2,0
2,10,12,42
2,0,2,0
0,23,23,1
3,0,3,0
0,10,10,9
5,0,5,0
4,0,4,0
2,0,2,0
1,0,1,0
2,0,2,0
0,5,5,3
14,0,14,0
1,0,1,0
332,0,332,0
1,0,1,0
3,0,3,0
12,0,12,0
10,0,10,0
4,0,4,0
0,5,5,61
4,0,4,0
1,0,1,0
0,1,1,16
1,0,1,0
1,0,1,0
1,0,1,0
5,0,5,0
0,1,1,4
1,0,1,0
2,0,2,0
1,0,1,0
1,0,1,0
12,0,12,0
0,479,479,94
2,0,2,0
20,0,20,0
0,2,2,40
3,0,3,0
24,0,24,0
8,0,8,0
4,0,4,0
6,0,6,0
6,0,6,0
0,60,60,18
3,0,3,0
11,0,11,0
0,15,15,14
13,0,13,0
3,0,3,0
1,0,1,0
1,0,1,0
2,0,2,0
0,2,2,6
1,0,1,0
1,0,1,0
6,0,6,0
21,0,21,0
4,0,4,0
3,0,3,0
9,0,9,0
2,0,2,0
1,0,1,0
2,0,2,0
22,0,22,0
2,0,2,0
0,10,10,54
3,0,3,0
2,0,2,0
0,4,4,11
5,0,5,0
0,229,229,37
5,0,5,0
3,0,3,0
6,0,6,0
1,0,1,0
2,0,2,0
0,1,1,4
3,0,3,0
3,0,3,0
4,0,4,0
0,2,2,9
0,1,1,16
2,0,2,0
1,0,1,0
3,0,3,0
0,16,16,59
3,0,3,0
6,0,6,0
1,0,1,0
8,0,8,0
12,0,12,0
0,43,43,55
60,0,60,0
0,8,8,6
2,0,2,0
4,0,4,0
5,0,5,0
16,0,16,0
1,0,1,0
4,0,4,0
0,1,1,10
0,4,4,0
1,0,1,0
3,0,3,0
0,1,1,38
0,2,2,2
1,0,1,0
6,0,6,0
2,0,2,0
4,0,4,0
18,0,18,0
6,0,6,0
1,0,1,0
1,0,1,0
0,3,3,6
6,0,6,0
21,0,21,0
4,0,4,0
0,1,1,8
2,0,2,0
10,0,10,0
0,141,141,7
14,0,14,0
1,0,1,0
0,17,17,27
1,0,1,0
0,2,2,2
43,0,43,0
1,0,1,0
1,0,1,0
11,0,11,0
10,0,10,0
0,31,31,2
2,0,2,0
5,0,5,0
0,14,14,5
1,0,1,0
1,0,1,0
6,0,6,0
0,8,8,14
6,0,6,0
14,0,14,0
1,0,1,0
6,0,6,0
3,0,3,0
1,0,1,0
2,0,2,0
4,0,4,0
0,1,1,22
0,3,3,3
2,0,2,0
36,0,36,0
2,0,2,0
9,0,9,0
0,6,6,27
3,0,3,0
3,0,3,0
0,1,1,2
12,0,12,0
5,0,5,0
2,0,2,0
26,0,26,0
0,15,15,22
9,0,9,0
0,12,12,2
0,2,2,70
1,0,1,0
6,0,6,0
2,0,2,0
0,183,183,4
2,0,2,0
0,1,1,17
0,1,1,0
3,0,3,0
0,13,13,32
0,24,24,5
17,0,17,0
1,0,1,0
1,0,1,0
1,0,1,0
1,0,1,0
2,0,2,0
123,0,123,0
4,0,4,0
2,0,2,0
1,0,1,0
6,0,6,0
1,0,1,0
1,0,1,0
1,0,1,0
0,79,79,31
0,1,1,6
0,11,11,3
3,0,3,0
0,7,7,3
2,0,2,0
1,0,1,0
1,0,1,0
2,0,2,0
0,34,34,2
1,0,1,0
28,0,28,0
4,0,4,0
12,0,12,0
0,1,1,5
5,0,5,0
11,0,11,0
10,0,10,0
6,0,6,0
1,0,1,0
2,0,2,0
5,0,5,0
2,0,2,0
0,2,2,8
2,0,2,0
2,0,2,0
1,0,1,0
0,1,1,30
31,0,31,0
14,0,14,0
0,55,55,22
2,0,2,0
0,2,2,17
2,0,2,0
1,0,1,0
0,3,3,10
2,0,2,0
8,0,8,0
0,11,11,20
6,0,6,0
0,10,10,80
0,6,6,21
2,0,2,0
5,0,5,0
3,0,3,0
0,2,2,42
3,0,3,0
0,67,67,26
27,0,27,0
0,208,208,67
8,0,8,0
4,0,4,0
4,0,4,0
1,0,1,0
1,0,1,0
22,0,22,0
1,0,1,0
13,0,13,0
12,0,12,0
1,0,1,0
1,0,1,0
0,10,10,0
0,2,2,25
1,0,1,0
3,0,3,0
1,0,1,0
4,0,4,0
3,0,3,0
2,0,2,0
16,0,16,0
0,31,31,49
11,0,11,0
1,0,1,0
0,6,6,3
1,0,1,0
0,1,1,8
0,3,3,27
2,0,2,0
8,0,8,0
5,0,5,0
5,0,5,0
1,0,1,0
3,0,3,0
1,0,1,0
0,5,5,165
2,0,2,0
67,0,67,0
10,0,10,0
0,32,32,4
1,0,1,0
10,0,10,0
2,0,2,0
1,0,1,0
1,0,1,0
0,5,5,13
7,0,7,0
1,0,1,0
4,0,4,0
15,0,15,0
6,0,6,0
20,0,20,0
1,0,1,0
2,0,2,0
1,0,1,0
0,1,1,0
3,0,3,0
0,143,143,32
130,0,130,0
2,0,2,0
4,0,4,0
4,0,4,0
2,0,2,0
1,0,1,0
31,0,31,0
0,60,60,8
7,0,7,0
1,0,1,0
0,92,92,46
51,0,51,0
11,0,11,0
0,1,1,5
1,0,1,0
9,0,9,0
0,98,98,13
3,0,3,0
1,0,1,0
2,0,2,0
1,0,1,0
0,2,2,33
0,20,20,0
2,0,2,0
12,0,12,0
16,0,16,0
3,0,3,0
0,8,8,55
0,6,6,34
3,0,3,0
0,13,13,12
1,0,1,0
6,0,6,0
2,0,2,0
3,0,3,0
1,0,1,0
2,0,2,0
8,0,8,0
1,0,1,0
33,0,33,0
3,0,3,0
0,33,33,6
9,0,9,0
5,0,5,0
0,4,4,10
18,0,18,0
3,0,3,0
5,0,5,0
0,2,2,6
13,0,13,0
0,13,13,14
0,2,2,17
2,0,2,0
1,0,1,0
62,0,62,0
3,0,3,0
8,0,8,0
1,0,1,0
0,58,58,35
23,0,23,0
3,0,3,0
0,60,60,5
4,0,4,0
5,0,5,0
0,2,2,77
1,0,1,0
2,0,2,0
22,0,22,0
1,0,1,0
2,0,2,0
0,3,3,13
2,0,2,0
5,0,5,0
2,0,2,0
1,0,1,0
0,6,6,29
0,8,8,18
163,0,163,0
24,0,24,0
3,0,3,0
1,0,1,0
0,75,75,26
0,2,2,0
23,0,23,0
5,0,5,0
3,0,3,0
2,0,2,0
0,5,5,54
72,0,72,0
2,0,2,0
0,2,2,2
0,18,18,12
0,6,6,4
17,0,17,0
0,4,4,22
2,0,2,0
11,0,11,0
1,0,1,0
5,0,5,0
0,2,2,12
0,15,15,32
1,0,1,0
1,0,1,0
0,26,26,116
6,0,6,0
1,0,1,0
6,0,6,0
2,0,2,0
1,0,1,0
3,0,3,0
1,0,1,0
38,0,38,0
1,0,1,0
0,26,26,4
6,0,6,0
0,45,45,21
5,0,5,0
2,0,2,0
4,0,4,0
1,0,1,0
0,6,6,52
0,4,4,5
1,0,1,0
4,0,4,0
0,42,42,14
1,0,1,0
0,35,35,59
87,0,87,0
0,12,12,65
10,0,10,0
7,0,7,0
3,0,3,0
13,0,13,0
10,0,10,0
1,0,1,0
1,0,1,0
103,0,103,0
4,0,4,0
0,6,6,53
14,0,14,0
1,0,1,0
0,2,2,30
3,0,3,0
0,9,9,11
1,0,1,0
45,0,45,0
1,0,1,0
5,0,5,0
16,0,16,0
0,8,8,29
4,0,4,0
5,0,5,0
36,0,36,0
2,0,2,0
3,0,3,0
1,0,1,0
0,1,1,5
1,0,1,0
2,0,2,0
1,0,1,0
2,0,2,0
55,0,55,0
6,0,6,0
0,2,2,26
0,7,7,2
1,0,1,0
0,1,1,100
0,36,36,2
5,0,5,0
46,0,46,0
0,60,60,48
11,0,11,0
0,1,1,50
10,0,10,0
2,0,2,0
1,0,1,0
26,0,26,0
2,0,2,0
3,0,3,0
3,0,3,0
3,0,3,0
1,0,1,0
1,0,1,0
4,0,4,0
70,0,70,0
6,0,6,0
10,0,10,0
0,2,2,0
1,0,1,0
0,17,17,12
5,0,5,0
2,0,2,0
6,0,6,0
0,7,7,24
9,0,9,0
25,0,25,0
18,0,18,0
2,0,2,0
0,46,46,16
4,0,4,0
0,24,24,0
6,0,6,0
5,0,5,0
0,8,8,26
2,0,2,0
2,0,2,0
1,0,1,0
1,0,1,0
0,3,3,8
5,0,5,0
3,0,3,0
6,0,6,0
1,0,1,0
3,0,3,0
4,0,4,0
2,0,2,0
2,0,2,0
0,74,74,8
2,0,2,0
0,7,7,50
0,1,1,0
1,0,1,0
1,0,1,0
1,0,1,0
0,22,22,11
1,0,1,0
0,36,36,0
6,0,6,0
9,0,9,0
8,0,8,0
1,0,1,0
2,0,2,0
6,0,6,0
2,0,2,0
4,0,4,0
2,0,2,0
0,3,3,9
60,0,60,0
0,31,31,9
2,0,2,0
0,14,14,122
4,0,4,0
4,0,4,0
1,0,1,0
0,163,163,48
8,0,8,0
0,1,1,20
3,0,3,0
2,0,2,0
0,55,55,38
193,0,193,0
2,0,2,0
1,0,1,0
1,0,1,0
2,0,2,0
7,0,7,0
14,0,14,0
4,0,4,0
0,3,3,6
29,0,29,0
0,3,3,35
5,0,5,0
1,0,1,0
11,0,11,0
2,0,2,0
1,0,1,0
0,37,37,5
11,0,11,0
1,0,1,0
2,0,2,0
138,0,138,0
1,0,1,0
1,0,1,0
0,5,5,20
2,0,2,0
2,0,2,0
0,1,1,4
3,0,3,0
3,0,3,0
0,1,1,27
2,0,2,0
1,0,1,0
1,0,1,0
1,0,1,0
2,0,2,0
0,7,7,4
19,0,19,0
1,0,1,0
2,0,2,0
1,0,1,0
14,0,14,0
1,0,1,0
0,10,10,30
3,0,3,0
1,0,1,0
15,0,15,0
2,0,2,0
3,0,3,0
1,0,1,0
2,0,2,0
1,0,1,0
4,0,4,0
3,0,3,0
0,66,66,1
3,0,3,0
3,0,3,0
0,5,5,50
2,0,2,0
1,0,1,0
0,1,1,11
4,0,4,0
0,11,11,10
6,0,6,0
0,9,9,2
0,19,19,29
1,0,1,0
2,0,2,0
0,1,1,5
5,0,5,0
3,0,3,0
1,0,1,0
0,4,4,37
3,0,3,0
0,8,8,37
1,0,1,0
7,0,7,0
0,11,11,14
8,0,8,0
1,0,1,0
5,0,5,0
0,15,15,60
2,0,2,0
9,0,9,0
2,0,2,0
5,0,5,0
19,0,19,0
3,0,3,0
0,4,4,7
11,0,11,0
0,3,3,12
4,0,4,0
2,0,2,0
9,0,9,0
3,0,3,0
68,0,68,0
6,0,6,0
1,0,1,0
3,0,3,0
0,2,2,10
0,7,7,7
0,8,8,0
4,0,4,0
0,5,5,8
1,0,1,0
1,0,1,0
0,1,1,0
1,0,1,0
0,32,32,3
1,0,1,0
2,0,2,0
13,0,13,0
1,0,1,0
0,4,4,0
19,0,19,0
0,14,14,4
1,0,1,0
0,137,137,41
132,0,132,0
0,2,2,46
1,0,1,0
1,0,1,0
1,0,1,0
0,2,2,95
2,0,2,0
14,0,14,0
1,0,1,0
0,2,2,0
0,1,1,6
0,1,1,136
9,0,9,0
2,0,2,0
0,1,1,17
1,0,1,0
0,6,6,47
18,0,18,0
2,0,2,0
0,4,4,22
0,23,23,8
4,0,4,0
6,0,6,0
2,0,2,0
0,1,1,0
5,0,5,0
2,0,2,0
2,0,2,0
0,178,178,37
4,0,4,0
6,0,6,0
1,0,1,0
2,0,2,0
2,0,2,0
0,1,1,0
4,0,4,0
5,0,5,0
0,2,2,5
0,55,55,140
1,0,1,0
0,38,38,9
3,0,3,0
0,62,62,3
52,0,52,0
2,0,2,0
11,0,11,0
6,0,6,0
0,32,32,65
17,0,17,0
0,1,1,11
3,0,3,0
9,0,9,0
0,7,7,1
14,0,14,0
1,0,1,0
0,209,209,54
1,0,1,0
5,0,5,0
1,0,1,0
3,0,3,0
13,0,13,0
0,1,1,29
9,0,9,0
0,7,7,20
4,0,4,0
6,0,6,0
11,0,11,0
0,1,1,12
6,0,6,0
0,13,13,14
2,0,2,0
2,0,2,0
3,0,3,0
1,0,1,0
0,7,7,24
1,0,1,0
2,0,2,0
1,0,1,0
2,0,2,0
5,0,5,0
2,0,2,0
6,0,6,0
12,0,12,0
2,0,2,0
54,0,54,0
29,0,29,0
0,28,28,40
2,0,2,0
1,0,1,0
10,0,10,0
1,0,1,0
2,0,2,0
0,23,23,84
2,0,2,0
1,0,1,0
2,0,2,0
1,0,1,0
1,0,1,0
0,2,2,27
1,0,1,0
3,0,3,0
1,0,1,0
10,0,10,0
6,0,6,0
2,0,2,0
7,0,7,0
1,0,1,0
6,0,6,0
2,0,2,0
0,8,8,2
1,0,1,0
3,0,3,0
212,0,212,0
1,0,1,0
0,1,1,2
12,0,12,0
6,0,6,0
0,4,4,0
5,0,5,0
2,0,2,0
12,0,12,0
5,0,5,0
0,140,140,22
1,0,1,0
3,0,3,0
28,0,28,0
4,0,4,0
1,0,1,0
6,0,6,0
0,2,2,2
40,0,40,0
2,0,2,0
4,0,4,0
0,1,1,2
1,0,1,0
4,0,4,0
6,0,6,0
7,0,7,0
3,0,3,0
2,0,2,0
1,0,1,0
3,0,3,0
0,12,12,20
9,0,9,0
1,0,1,0
3,0,3,0
4,0,4,0
6,0,6,0
1,0,1,0
18,0,18,0
3,0,3,0
1,0,1,0
0,13,13,2
0,6,6,90
0,3,3,51
5,0,5,0
8,0,8,0
1,0,1,0
0,2,2,61
0,14,14,6
0,1,1,1
2,0,2,0
1,0,1,0
1,0,1,0
0,1,1,3
0,7,7,22
18,0,18,0
1,0,1,0
5,0,5,0
6,0,6,0
2,0,2,0
1,0,1,0
1,0,1,0
4,0,4,0
4,0,4,0
2,0,2,0
1,0,1,0
0,60,60,20
0,11,11,2
0,4,4,5
4,0,4,0
1,0,1,0
5,0,5,0
1,0,1,0
1,0,1,0
1,0,1,0
9,0,9,0
3,0,3,0
5,0,5,0
7,0,7,0
3,0,3,0
1,0,1,0
0,3,3,3
2,0,2,0
163,0,163,0
1,0,1,0
0,6,6,30
4,0,4,0
0,1,1,0
12,0,12,0
3,0,3,0
1,0,1,0
4,0,4,0
2,0,2,0
1,0,1,0
0,2,2,46
2,0,2,0
7,0,7,0
9,0,9,0
1,0,1,0
0,153,153,92
14,0,14,0
0,2,2,3
0,17,17,14
4,0,4,0
0,2,2,0
3,0,3,0
1,0,1,0
0,2,2,130
5,0,5,0
17,0,17,0
6,0,6,0
0,10,10,7
1,0,1,0
0,3,3,5
12,0,12,0
0,33,33,3
2,0,2,0
2,0,2,0
0,1,1,7
52,0,52,0
0,1,1,57
24,0,24,0
2,0,2,0
5,0,5,0
2,0,2,0
0,6,6,38
0,1,1,10
4,0,4,0
3,0,3,0
1,0,1,0
1,0,1,0
8,0,8,0
4,0,4,0
2,0,2,0
0,1,1,0
3,0,3,0
11,0,11,0
2,0,2,0
0,86,86,6
56,0,56,0
2,0,2,0
1,0,1,0
3,0,3,0
0,7,7,8
2,0,2,0
1,0,1,0
2,0,2,0
1,0,1,0
0,8,8,24
7,0,7,0
14,0,14,0
0,6,6,13
34,0,34,0
1,0,1,0
0,1,1,51
0,2,2,0
70,0,70,0
0,93,93,8
0,2,2,23
2,0,2,0
1,0,1,0
7,0,7,0
2,0,2,0
2,0,2,0
1,0,1,0
1,0,1,0
0,8,8,47
11,0,11,0
1,0,1,0
13,0,13,0
5,0,5,0
3,0,3,0
3,0,3,0
28,0,28,0
4,0,4,0
4,0,4,0
3,0,3,0
0,2,2,0
9,0,9,0
14,0,14,0
11,0,11,0
1,0,1,0
1,0,1,0
0,1,1,6
1,0,1,0
0,29,29,30
16,0,16,0
5,0,5,0
3,0,3,0
0,6,6,32
0,1,1,0
0,2,2,2
2,0,2,0
0,6,6,12
0,211,211,28
2,0,2,0
2,0,2,0
5,0,5,0
0,60,60,45
1,0,1,0
38,0,38,0
0,34,34,52
20,0,20,0
4,0,4,0
160,0,160,0
9,0,9,0
3,0,3,0
5,0,5,0
0,2,2,1
239,0,239,0
14,0,14,0
9,0,9,0
2,0,2,0
0,11,11,0
2,0,2,0
0,1,1,13
5,0,5,0
2,0,2,0
0,3,3,32
4,0,4,0
1,0,1,0
0,8,8,7
0,5,5,8
9,0,9,0
10,0,10,0
0,10,10,22
1,0,1,0
48,0,48,0
2,0,2,0
2,0,2,0
0,15,15,1
1,0,1,0
2,0,2,0
4,0,4,0
0,54,54,105
9,0,9,0
10,0,10,0
3,0,3,0
2,0,2,0
0,4,4,5
11,0,11,0
15,0,15,0
0,8,8,7
18,0,18,0
6,0,6,0
0,3,3,9
15,0,15,0
5,0,5,0
1,0,1,0
4,0,4,0
0,2,2,36
1,0,1,0
0,65,65,51
1,0,1,0
1,0,1,0
6,0,6,0
3,0,3,0
35,0,35,0
3,0,3,0
1,0,1,0
7,0,7,0
1,0,1,0
8,0,8,0
14,0,14,0
2,0,2,0
3,0,3,0
27,0,27,0
3,0,3,0
1,0,1,0
55,0,55,0
17,0,17,0
1,0,1,0
4,0,4,0
0,14,14,68
0,2,2,53
0,6,6,25
1,0,1,0
0,34,34,10
4,0,4,0
0,2,2,45
13,0,13,0
0,1,1,7
5,0,5,0
3,0,3,0
10,0,10,0
1,0,1,0
2,0,2,0
1,0,1,0
3,0,3,0
72,0,72,0
3,0,3,0
1,0,1,0
1,0,1,0
2,0,2,0
2,0,2,0
1,0,1,0
9,0,9,0
0,2,2,0
2,0,2,0
1,0,1,0
1,0,1,0
3,0,3,0
1,0,1,0
1,0,1,0
4,0,4,0
5,0,5,0
2,0,2,0
0,3,3,6
0,24,24,11
23,0,23,0
11,0,11,0
1,0,1,0
0,11,11,1
1,0,1,0
0,2,2,9
2,0,2,0
1,0,1,0
1,0,1,0
0,1,1,93
3,0,3,0
2,0,2,0
1,0,1,0
4,0,4,0
4,0,4,0
3,0,3,0
3,0,3,0
0,66,66,126
9,0,9,0
3,0,3,0
2,0,2,0
3,0,3,0
18,0,18,0
0,9,9,12
1,0,1,0
2,0,2,0
6,0,6,0
2,0,2,0
21,0,21,0
3,0,3,0
1,0,1,0
9,0,9,0
2,0,2,0
0,27,27,8
0,7,7,2
3,0,3,0
9,0,9,0
3,0,3,0
4,0,4,0
0,10,10,51
14,1,15,0
1,0,1,0
1,0,1,0
1,0,1,0
2,0,2,0
3,0,3,0
1,0,1,0
1,0,1,0
15,0,15,0
2,0,2,0
1,0,1,0
7,0,7,0
1,0,1,0
4,0,4,0
1,0,1,0
1,0,1,0
38,0,38,0
4,0,4,0
4,0,4,0
3,0,3,0
0,4,4,11
1,0,1,0
3,0,3,0
1,0,1,0
8,0,8,0
1,0,1,0
0,7,7,40
5,0,5,0
5,0,5,0
0,2,2,10
0,106,106,27
1,0,1,0
1,0,1,0
0,3,3,5
1,0,1,0
0,4,4,18
3,0,3,0
0,8,8,26
0,2,2,0
1,0,1,0
1,0,1,0
8,0,8,0
2,0,2,0
0,1,1,15
1,0,1,0
1,0,1,0
1,0,1,0
1,0,1,0
0,6,6,23
1,0,1,0
2,0,2,0
0,5,5,14
48,0,48,0
2,0,2,0
0,2,2,7
8,0,8,0
9,0,9,0
1,0,1,0
2,0,2,0
6,0,6,0
0,2,2,92
1,0,1,0
8,0,8,0
2,0,2,0
1,0,1,0
0,51,51,7
0,5,5,25
1,0,1,0
3,0,3,0
0,1,1,8
0,37,37,17
5,0,5,0
0,3,3,0
3,0,3,0
1,0,1,0
1,0,1,0
11,0,11,0
5,0,5,0
1,0,1,0
4,0,4,0
0,3,3,23
6,0,6,0
0,7,7,5
13,0,13,0
5,0,5,0
3,0,3,0
0,1,1,51
2,0,2,0
1,0,1,0
1,0,1,0
4,0,4,0
1,0,1,0
3,0,3,0
2,0,2,0
1,0,1,0
3,0,3,0
0,25,25,68
16,0,16,0
2,0,2,0
3,0,3,0
7,0,7,0
5,0,5,0
1,0,1,0
0,7,7,3
2,0,2,0
0,4,4,1
5,0,5,0
1,0,1,0
17,0,17,0
7,0,7,0
1,0,1,0
4,0,4,0
2,0,2,0
2,0,2,0
2,0,2,0
2,0,2,0
1,0,1,0
0,77,77,20
0,1,1,0
9,0,9,0
0,5,5,64
2,0,2,0
4,0,4,0
0,2,2,26
3,0,3,0
1,0,1,0
1,0,1,0
0,3,3,2
2,0,2,0
2,0,2,0
0,67,67,12
3,0,3,0
3,0,3,0
6,0,6,0
1,0,1,0
21,0,21,0
2,0,2,0
2,0,2,0
1,0,1,0
0,14,14,0
0,4,4,11
0,14,14,2
1,0,1,0
0,66,66,238
59,0,59,0
48,0,48,0
0,5,5,68
1,0,1,0
1,0,1,0
2,0,2,0
1,0,1,0
3,0,3,0
0,1,1,0
3,0,3,0
0,1,1,38
0,4,4,8
5,0,5,0
8,0,8,0
25,0,25,0
1,0,1,0
5,0,5,0
1,0,1,0
14,0,14,0
1,0,1,0
0,7,7,39
4,0,4,0
2,0,2,0
2,0,2,0
0,8,8,13
1,0,1,0
3,0,3,0
3,0,3,0
2,0,2,0
6,0,6,0
2,0,2,0
1,0,1,0
1,0,1,0
0,1,1,22
12,0,12,0
0,1,1,1
1,0,1,0
0,1,1,12
3,0,3,0
7,0,7,0
1,0,1,0
4,0,4,0
0,1,1,8
1,0,1,0
1,0,1,0
2,0,2,0
2,0,2,0
5,0,5,0
0,15,15,27
1,0,1,0
0,1,1,48
0,13,13,28
1,0,1,0
1,0,1,0
2,0,2,0
100,0,100,0
6,0,6,0
0,16,16,66
8,0,8,0
3,0,3,0
0,1,1,7
1,0,1,0
0,4,4,10
2,0,2,0
1,0,1,0
0,1,1,4
1,0,1,0
1,0,1,0
6,0,6,0
3,0,3,0
2,0,2,0
0,2,2,6
0,91,91,39
1,0,1,0
2,0,2,0
4,0,4,0
0,16,16,25
67,0,67,0
1,0,1,0
6,0,6,0
7,0,7,0
0,6,6,1
4,0,4,0
7,0,7,0
5,0,5,0
9,0,9,0
0,1,1,8
0,117,117,12
117,0,117,0
1,0,1,0
2,0,2,0
2,0,2,0
1,0,1,0
6,0,6,0
2,0,2,0
1,0,1,0
5,0,5,0
2,0,2,0
1,0,1,0
0,33,33,24
15,0,15,0
2,0,2,0
2,0,2,0
2,0,2,0
1,0,1,0
0,21,21,13
5,0,5,0
8,0,8,0
6,0,6,0
1,0,1,0
0,2,2,0
0,30,30,31
1,0,1,0
1,0,1,0
3,0,3,0
11,0,11,0
2,0,2,0
1,0,1,0
13,0,13,0
5,0,5,0
9,0,9,0
2,0,2,0
4,0,4,0
1,0,1,0
1,0,1,0
5,0,5,0
6,0,6,0
0,6,6,22
5,0,5,0
1,0,1,0
2,0,2,0
1,0,1,0
6,0,6,0
0,1,1,96
5,0,5,0
78,0,78,0
1,0,1,0
0,10,10,3
16,0,16,0
6,0,6,0
4,0,4,0
2,0,2,0
1,0,1,0
60,0,60,0
3,0,3,0
8,0,8,0
29,0,29,0
1,0,1,0
0,12,12,30
3,0,3,0
8,0,8,0
1,0,1,0
1,0,1,0
1,0,1,0
2,0,2,0
0,14,14,29
21,0,21,0
8,0,8,0
0,1,1,0
0,134,134,7
6,0,6,0
0,46,46,3
0,1,1,7
0,27,27,124
6,0,6,0
0,13,13,7
0,19,19,40
9,0,9,0
19,0,19,0
2,0,2,0
10,0,10,0
2,0,2,0
4,0,4,0
0,5,5,5
1,0,1,0
3,0,3,0
2,0,2,0
4,0,4,0
5,0,5,0
15,0,15,0
4,0,4,0
0,5,5,11
3,0,3,0
29,0,29,0
565,0,565,0
2,0,2,0
0,5,5,39
0,5,5,2
3,0,3,0
1,0,1,0
2,0,2,0
3,0,3,0
1,0,1,0
1,0,1,0
6,0,6,0
4,0,4,0
0,15,15,27
7,0,7,0
1,0,1,0
48,0,48,0
1,0,1,0
19,0,19,0
15,0,15,0
33,0,33,0
0,1,1,80
4,0,4,0
0,6,6,49
0,17,17,2
1,0,1,0
0,2,2,154
3,0,3,0
3,0,3,0
13,0,13,0
12,0,12,0
1,0,1,0
1,0,1,0
2,0,2,0
1,0,1,0
0,21,21,22
2,0,2,0
5,0,5,0
0,3,3,27
13,0,13,0
0,7,7,0
1,0,1,0
0,6,6,2
4,0,4,0
1,0,1,0
1,0,1,0
2,0,2,0
13,0,13,0
7,0,7,0
2,0,2,0
1,0,1,0
0,4,4,12
0,7,7,24
3,0,3,0
0,6,6,2
4,0,4,0
0,20,20,2
9,0,9,0
2,0,2,0
7,0,7,0
0,2,2,15
3,0,3,0
4,0,4,0
0,31,31,2
2,0,2,0
2,0,2,0
0,5,5,17
8,0,8,0
1,0,1,0
2,0,2,0
0,4,4,15
1,0,1,0
27,0,27,0
0,9,9,3
1,0,1,0
3,0,3,0
3,0,3,0
6,0,6,0
0,14,14,35
11,0,11,0
4,0,4,0
1,0,1,0
3,0,3,0
15,0,15,0
0,2,2,2
7,0,7,0
1,0,1,0
1,0,1,0
1,0,1,0
2,0,2,0
0,18,18,0
1,0,1,0
20,0,20,0
0,3,3,49
0,2,2,3
1,0,1,0
21,0,21,0
2,0,2,0
3,0,3,0
1,0,1,0
24,0,24,0
2,0,2,0
17,0,17,0
58,0,58,0
3,0,3,0
3,0,3,0
1,0,1,0
1,0,1,0
1,0,1,0
0,15,15,12
0,5,5,21
2,0,2,0
5,0,5,0
1,0,1,0
0,26,26,4
4,0,4,0
0,26,26,16
0,2,2,12
9,0,9,0
1,0,1,0
0,32,32,3
0,37,37,7
1,0,1,0
15,0,15,0
2,0,2,0
23,0,23,0
2,0,2,0
1,0,1,0
0,2,2,1
1,0,1,0
0,2,2,32
0,6,6,25
4,0,4,0
2,0,2,0
0,12,12,7
0,21,21,8
0,31,31,12
2,0,2,0
1,0,1,0
0,60,60,39
10,0,10,0
4,0,4,0
2,0,2,0
0,6,6,9
7,0,7,0
0,17,17,5
2,0,2,0
1,0,1,0
20,0,20,0
1,0,1,0
2,0,2,0
1,0,1,0
21,0,21,0
1,0,1,0
12,0,12,0
0,61,61,1
0,2,2,28
0,18,18,31
10,0,10,0
43,0,43,0
1,0,1,0
4,0,4,0
0,7,7,0
2,0,2,0
3,0,3,0
2,0,2,0
0,3,3,8
0,13,13,53
0,18,18,16
2,0,2,0
0,109,109,12
0,4,4,8
4,0,4,0
0,1,1,0
4,0,4,0
10,0,10,0
0,5,5,27
4,0,4,0
1,0,1,0
0,89,89,25
1,0,1,0
1,0,1,0
3,0,3,0
0,6,6,70
1,0,1,0
2,0,2,0
2,0,2,0
4,0,4,0
1,0,1,0
4,0,4,0
13,0,13,0
0,8,8,3
0,86,86,308
2,0,2,0
4,0,4,0
0,1,1,6
1,0,1,0
3,0,3,0
1,0,1,0
0,10,10,9
0,4,4,0
8,0,8,0
23,0,23,0
0,3,3,5
0,60,60,10
9,0,9,0
5,0,5,0
2,0,2,0
1,0,1,0
3,0,3,0
4,0,4,0
14,0,14,0
19,0,19,0
4,0,4,0
0,45,45,158
2,0,2,0
0,3,3,24
6,0,6,0
1,0,1,0
5,0,5,0
0,1,1,10
1,0,1,0
3,0,3,0
1,0,1,0
0,41,41,34
1,0,1,0
2,0,2,0
12,0,12,0
1,0,1,0
0,8,8,0
0,31,31,16
0,14,14,3
1,0,1,0
0,24,24,41
5,0,5,0
2,0,2,0
9,0,9,0
4,0,4,0
2,0,2,0
6,0,6,0
5,0,5,0
2,0,2,0
1,0,1,0
6,0,6,0
1,0,1,0
0,6,6,2
0,11,11,20
8,0,8,0
0,32,32,1
12,0,12,0
1,0,1,0
3,0,3,0
0,2,2,81
2,0,2,0
3,0,3,0
3,0,3,0
2,0,2,0
0,1,1,1
1,0,1,0
2,0,2,0
3,0,3,0
1,0,1,0
3,0,3,0
1,0,1,0
1,0,1,0
461,0,461,0
0,2,2,4
2,0,2,0
0,2,2,11
1,0,1,0
8,0,8,0
1,0,1,0
6,0,6,0
1,0,1,0
9,0,9,0
0,1,1,155
1,0,1,0
11,0,11,0
1,0,1,0
0,86,86,21
21,0,21,0
8,0,8,0
1,0,1,0
10,0,10,0
0,82,82,7
7,0,7,0
4,0,4,0
12,0,12,0
11,0,11,0
0,1,1,1
6,0,6,0
2,0,2,0
1,0,1,0
0,2,2,2
1,0,1,0
4,0,4,0
0,1,1,111
10,0,10,0
2,0,2,0
0,3,3,217
0,5,5,2
1,0,1,0
0,243,243,9
1,0,1,0
0,3,3,0
0,3,3,4
26,0,26,0
0,9,9,56
1,0,1,0
4,0,4,0
0,5,5,23
3,0,3,0
1,0,1,0
0,17,17,38
1,0,1,0
1,0,1,0
0,4,4,31
3,0,3,0
1,0,1,0
1,0,1,0
3,0,3,0
27,0,27,0
1,0,1,0
24,0,24,0
27,0,27,0
1,0,1,0
1,0,1,0
29,0,29,0
2,0,2,0
11,0,11,0
0,5,5,8
0,1,1,43
2,0,2,0
3,0,3,0
7,0,7,0
9,0,9,0
0,1,1,2
1,0,1,0
0,2,2,11
1,0,1,0
4,0,4,0
0,2,2,6
2,0,2,0
1,0,1,0
0,10,10,19
2,0,2,0
0,4,4,2
1,0,1,0
2,0,2,0
0,12,12,21
6,0,6,0
10,0,10,0
6,0,6,0
2,0,2,0
1,0,1,0
2,0,2,0
0,46,46,52
14,0,14,0
5,0,5,0
11,0,11,0
2,0,2,0
1,0,1,0
3,0,3,0
1,0,1,0
33,0,33,0
0,2,2,2
13,0,13,0
2,0,2,0
2,0,2,0
2,0,2,0
3,0,3,0
28,0,28,0
2,0,2,0
1,0,1,0
0,7,7,129
5,0,5,0
0,11,11,38
1,0,1,0
5,0,5,0
3,0,3,0
20,0,20,0
7,0,7,0
5,0,5,0
0,62,62,7
1,0,1,0
0,20,20,52
21,0,21,0
4,0,4,0
20,0,20,0
3,0,3,0
0,4,4,6
0,7,7,31
4,0,4,0
3,0,3,0
10,0,10,0
0,30,30,19
2,0,2,0
1,0,1,0
19,0,19,0
2,0,2,0
4,0,4,0
2,0,2,0
7,0,7,0
2,0,2,0
7,0,7,0
3,0,3,0
1,0,1,0
3,0,3,0
0,3,3,28
6,0,6,0
3,0,3,0
1,0,1,0
0,4,4,69
7,0,7,0
2,0,2,0
7,0,7,0
2,0,2,0
1,0,1,0
0,16,16,6
53,0,53,0
4,0,4,0
0,9,9,4
2,0,2,0
6,0,6,0
6,0,6,0
1,0,1,0
3,0,3,0
0,4,4,10
3,0,3,0
1,0,1,0
3,0,3,0
1,0,1,0
132,0,132,0
4,0,4,0
3,0,3,0
2,0,2,0
1,0,1,0
5,0,5,0
1,0,1,0
0,1,1,0
7,0,7,0
4,0,4,0
2,0,2,0
10,0,10,0
2,0,2,0
1,0,1,0
3,0,3,0
1,0,1,0
0,1,1,2
2,0,2,0
5,0,5,0
0,4,4,17
1,0,1,0
2,0,2,0
11,0,11,0
0,3,3,5
0,3,3,2
1,0,1,0
3,0,3,0
1,0,1,0
1,0,1,0
0,31,31,53
4,0,4,0
9,0,9,0
0,62,62,2
98,0,98,0
9,0,9,0
11,0,11,0
16,0,16,0
10,0,10,0
3,0,3,0
0,15,15,55
13,0,13,0
16,0,16,0
0,14,14,19
0,2,2,3
30,0,30,0
1,0,1,0
0,1,1,23
7,0,7,0
1,0,1,0
1,0,1,0
0,3,3,58
21,0,21,0
0,1,1,0
2,0,2,0
3,0,3,0
3,0,3,0
2,0,2,0
3,0,3,0
0,1,1,7
0,1,1,35
1,0,1,0
3,0,3,0
0,61,61,122
0,6,6,5
0,3,3,10
1,0,1,13
6,0,6,0
3,0,3,0
0,1,1,14
0,4,4,3
1,0,1,0
1,0,1,0
0,26,26,12
2,0,2,0
3,0,3,0
4,0,4,0
4,0,4,0
1,0,1,0
1,0,1,0
2,0,2,0
7,0,7,0
3,0,3,0
1,0,1,0
6,0,6,0
2,0,2,0
2,0,2,0
2,0,2,0
0,6,6,95
2,0,2,0
2,0,2,0
1,0,1,0
0,12,12,6
1,0,1,0
1,0,1,0
2,0,2,0
0,2,2,40
1,0,1,0
5,0,5,0
0,2,2,14
0,5,5,9
5,0,5,0
3,0,3,0
4,0,4,0
0,5,5,53
5,0,5,0
3,0,3,0
0,5,5,96
2,0,2,0
6,0,6,0
8,0,8,0
0,1,1,1
4,0,4,0
3,0,3,0
0,65,65,3
23,0,23,0
2,0,2,0
8,0,8,0
1,0,1,0
0,24,24,80
5,0,5,0
0,28,28,121
0,1,1,0
1,0,1,0
1,0,1,0
4,0,4,0
1,0,1,0
1,0,1,0
1,0,1,0
3,0,3,0
3,0,3,0
2,0,2,0
7,0,7,0
3,0,3,0
1,0,1,0
79,0,79,0
3,0,3,0
3,0,3,0
5,0,5,0
0,13,13,24
6,0,6,0
11,0,11,0
0,2,2,4
2,0,2,0
2,0,2,0
3,0,3,0
2,0,2,0
7,0,7,0
1,0,1,0
2,0,2,0
4,0,4,0
1,0,1,0
4,0,4,0
0,5,5,17
1,0,1,0
2,0,2,0
0,1,1,4
59,0,59,0
38,0,38,0
13,0,13,0
1,0,1,0
14,0,14,0
2,0,2,0
1,0,1,0
6,0,6,0
0,6,6,10
0,1,1,11
1,0,1,0
6,0,6,0
2,0,2,0
11,0,11,0
1,0,1,0
1,0,1,0
7,0,7,0
1,0,1,0
77,0,77,0
4,0,4,0
2,0,2,0
0,28,28,22
13,0,13,0
93,0,93,0
1,0,1,0
1,0,1,0
1,0,1,0
40,0,40,0
1,0,1,0
3,0,3,0
2,0,2,0
0,10,10,1
3,0,3,0
5,0,5,0
0,1,1,57
0,1,1,10
0,5,5,18
0,1,1,20
7,0,7,0
1,0,1,0
2,0,2,0
38,0,38,0
2,0,2,0
4,0,4,0
1,0,1,0
2,0,2,0
0,52,52,17
20,0,20,0
3,0,3,0
2,0,2,0
3,0,3,0
0,2,2,9
1,0,1,0
9,0,9,0
2,0,2,0
2,0,2,0
1,0,1,0
5,0,5,0
0,1,1,0
1,0,1,0
1,0,1,0
18,0,18,0
6,0,6,0
2,0,2,0
0,5,5,0
0,1,1,68
1,0,1,0
1,0,1,0
6,0,6,0
2,0,2,0
0,10,10,6
16,0,16,0
0,3,3,16
3,0,3,0
10,0,10,0
3,0,3,0
26,0,26,0
0,6,6,27
0,15,15,11
7,0,7,0
3,0,3,0
0,8,8,37
2,0,2,0
2,0,2,0
3,0,3,0
2,0,2,0
0,1,1,5
0,2,2,33
2,0,2,0
1,0,1,0
2,0,2,0
0,6,6,29
9,0,9,0
0,4,4,176
0,1,1,45
0,13,13,52
4,0,4,0
5,0,5,15
0,9,9,14
7,0,7,0
0,4,4,5
5,0,5,0
0,3,3,16
1,0,1,0
0,12,12,20
22,0,22,0
1,0,1,0
0,4,4,12
0,10,10,8
2,0,2,0
0,30,30,4
4,0,4,0
0,13,13,4
0,13,13,13
1,0,1,0
3,0,3,0
0,8,8,10
2,0,2,0
1,0,1,0
8,0,8,0
4,0,4,0
5,0,5,0
23,0,23,0
3,0,3,0
4,0,4,0
0,10,10,62
3,0,3,0
4,0,4,0
3,0,3,0
3,0,3,0
0,1,1,27
13,0,13,0
0,78,78,5
1,0,1,0
25,0,25,0
3,0,3,0
29,0,29,0
2,0,2,0
0,3,3,9
21,0,21,0
0,9,9,37
5,0,5,0
1,0,1,0
0,27,27,21
6,0,6,0
0,14,14,20
20,0,20,0
8,0,8,0
1,31,32,21
2,0,2,0
2,0,2,0
0,2,2,19
1,0,1,0
1,0,1,0
2,0,2,0
4,0,4,0
16,0,16,0
0,5,5,7
44,0,44,0
0,5,5,17
7,0,7,0
22,0,22,0
0,3,3,0
1,0,1,0
0,1,1,5
5,0,5,0
3,0,3,0
3,0,3,0
8,0,8,0
35,0,35,0
4,0,4,0
0,6,6,33
0,26,26,3
0,4,4,6
2,0,2,0
2,0,2,0
0,4,4,7
4,0,4,0
0,1,1,4
16,0,16,0
2,0,2,0
17,0,17,0
2,0,2,0
4,0,4,0
16,0,16,0
1,0,1,0
0,1,1,18
0,64,64,5
7,0,7,0
0,6,6,13
1,0,1,0
0,86,86,5
18,0,18,0
3,0,3,0
1,0,1,0
5,0,5,0
1,0,1,0
0,55,55,35
1,0,1,0
1,0,1,0
1,0,1,0
0,21,21,5
6,0,6,0
0,6,6,34
3,0,3,0
0,4,4,81
3,0,3,0
0,9,9,22
4,0,4,0
2,0,2,0
5,0,5,0
0,4,4,36
6,0,6,0
1,0,1,0
3,0,3,0
0,3,3,3
4,0,4,0
0,1,1,0
0,4,4,14
0,12,12,10
4,0,4,0
2,0,2,0
6,0,6,0
0,1,1,26
0,18,18,8
3,0,3,0
0,6,6,3
4,0,4,0
6,0,6,0
9,0,9,0
2,0,2,0
6,0,6,0
1,0,1,0
117,0,117,0
1,0,1,0
3,0,3,0
5,0,5,0
8,0,8,0
0,2,2,1
1,0,1,0
1,0,1,0
5,0,5,0
5,0,5,0
9,0,9,0
0,5,5,2
12,0,12,0
2,0,2,0
10,0,10,0
2,0,2,0
1,0,1,0
2,0,2,0
5,0,5,0
0,6,6,0
1,0,1,0
0,2,2,49
0,8,8,2
8,0,8,0
2,0,2,0
2,0,2,0
3,0,3,0
0,5,5,54
1,0,1,0
13,0,13,0
0,4,4,40
0,4,4,73
1,0,1,0
5,0,5,0
9,0,9,0
6,0,6,0
1,0,1,0
0,2,2,4
2,0,2,0
1,0,1,0
0,100,100,0
4,0,4,0
2,0,2,0
14,0,14,0
1,0,1,0
6,0,6,0
0,1,1,9
1,0,1,0
0,19,19,33
3,0,3,0
6,0,6,0
0,5,5,122
4,0,4,0
3,0,3,0
1,0,1,0
0,1,1,0
6,0,6,0
17,0,17,0
3,0,3,0
5,0,5,0
0,2,2,53
0,1,1,0
0,1,1,80
3,0,3,0
0,1,1,5
8,0,8,0
0,3,3,431
0,41,41,2
5,0,5,0
0,127,127,64
2,0,2,0
0,1,1,54
2,0,2,0
1,0,1,0
6,0,6,0
5,0,5,0
1,0,1,0
0,2,2,3
12,0,12,0
3,0,3,0
16,0,16,0
0,6,6,2
3,0,3,0
2,0,2,0
1,0,1,0
0,2,2,3
0,2,2,98
1,0,1,0
14,0,14,0
3,0,3,0
1,0,1,0
21,0,21,0
3,0,3,0
18,0,18,0
0,1,1,11
6,0,6,0
3,0,3,0
19,0,19,0
33,0,33,0
4,0,4,0
35,0,35,0
8,0,8,0
0,20,20,18
2,0,2,0
4,0,4,0
2,0,2,0
1,0,1,0
12,0,12,0
3,0,3,0
0,3,3,10
1,0,1,0
1,0,1,0
23,0,23,0
2,0,2,0
2,0,2,0
1,0,1,0
20,0,20,0
1,0,1,0
7,0,7,0
3,0,3,0
3,0,3,0
1,0,1,0
0,12,12,16
0,6,6,9
2,0,2,0
0,2,2,0
0,5,5,3
2,0,2,0
1,0,1,0
3,0,3,0
0,1,1,2
11,0,11,0
1,0,1,0
1,0,1,0
5,0,5,0
3,0,3,0
3,0,3,0
0,22,22,16
9,0,9,0
2,0,2,0
6,0,6,0
1,0,1,0
0,2,2,1
0,72,72,0
0,12,12,11
3,0,3,0
10,0,10,0
6,0,6,0
2,0,2,0
13,0,13,0
2,0,2,0
3,0,3,0
3,0,3,0
9,0,9,0
0,4,4,7
0,6,6,43
0,4,4,14
16,0,16,0
6,0,6,0
0,3,3,36
1,0,1,0
7,0,7,0
29,0,29,0
22,0,22,0
1,0,1,0
0,20,20,27
9,0,9,0
13,0,13,0
1,0,1,0
5,0,5,0
2,0,2,0
4,0,4,0
3,0,3,0
0,1,1,0
3,0,3,0
1,0,1,0
0,87,87,294
6,0,6,0
20,0,20,0
2,0,2,0
2,0,2,0
4,0,4,0
1,0,1,0
10,0,10,0
0,1,1,0
0,4,4,35
6,0,6,0
0,1,1,1
0,6,6,2
2,0,2,0
0,4,4,2
66,0,66,0
1,0,1,0
0,71,71,0
0,13,13,3
12,0,12,0
2,0,2,0
1,0,1,0
2,0,2,0
0,2,2,4
2,0,2,0
5,0,5,0
5,0,5,0
0,10,10,34
4,0,4,0
2,0,2,0
4,0,4,0
13,0,13,0
3,0,3,0
2,0,2,0
0,5,5,0
1,0,1,0
9,0,9,0
2,0,2,0
5,0,5,0
0,31,31,5
2,0,2,0
4,0,4,0
2,0,2,0
0,3,3,0
2,0,2,0
7,0,7,0
3,0,3,0
2,0,2,0
4,0,4,0
0,185,185,189
1,0,1,0
3,0,3,0
12,0,12,0
1,0,1,0
0,5,5,6
3,0,3,0
1,0,1,0
3,0,3,0
0,2,2,11
1,0,1,0
1,0,1,0
0,6,6,0
1,0,1,0
11,0,11,0
1,0,1,0
0,2,2,156
17,0,17,0
1,0,1,0
7,0,7,0
9,0,9,0
4,0,4,0
0,154,154,35
0,127,127,5
2,0,2,0
1,0,1,0
0,8,8,24
1,0,1,0
2,0,2,0
5,0,5,0
1,0,1,0
1,0,1,0
0,60,60,61
0,4,4,34
1,0,1,0
2,0,2,0
73,0,73,0
1,0,1,0
4,0,4,0
3,0,3,0
14,0,14,0
0,10,10,2
21,0,21,0
1,0,1,0
1,0,1,0
2,0,2,0
1,0,1,0
9,0,9,0
0,3,3,11
0,16,16,33
0,10,10,6
6,0,6,0
1,0,1,0
25,0,25,0
10,0,10,0
0,6,6,20
3,0,3,0
20,0,20,0
0,2,2,20
2,0,2,0
97,0,97,0
5,0,5,0
0,1,1,9
0,70,70,9
2,0,2,0
3,0,3,0
12,0,12,0
2,0,2,0
1,0,1,0
5,0,5,0
3,0,3,0
0,8,8,44
0,13,13,0
223,0,223,0
10,0,10,0
3,0,3,0
3,0,3,0
0,3,3,9
0,3,3,12
0,5,5,23
1,0,1,0
15,0,15,0
1,0,1,0
2,0,2,0
12,0,12,0
0,2,2,18
1,0,1,0
2,0,2,0
1,0,1,0
8,0,8,0
17,0,17,0
2,0,2,0
17,0,17,0
1,0,1,0
0,13,13,29
4,0,4,0
0,6,6,37
0,5,5,5
1,0,1,0
2,0,2,0
1,0,1,0
1,0,1,0
1,0,1,0
1,0,1,0
1,0,1,0
1,0,1,0
0,1,1,10
9,0,9,0
0,3,3,2
0,11,11,0
6,0,6,0
0,16,16,9
2,0,2,0
0,68,68,110
2,0,2,0
0,2,2,36
1,0,1,0
2,0,2,0
5,0,5,0
8,0,8,0
1,0,1,0
3,0,3,0
0,347,347,3
18,0,18,0
0,2,2,2
1,0,1,0
4,0,4,0
2,0,2,0
0,72,72,99
2,0,2,0
0,2,2,3
2,0,2,0
0,4,4,12
1,0,1,0
0,8,8,12
10,0,10,0
1,0,1,0
0,2,2,1
3,0,3,0
1,0,1,0
3,0,3,0
2,0,2,0
2,0,2,0
0,5,5,1
3,0,3,0
0,26,26,4
1,0,1,0
0,20,20,0
0,3,3,29
21,0,21,0
0,2,2,85
3,0,3,0
1,0,1,0
0,20,20,18
0,12,12,0
1,0,1,0
2,0,2,0
0,2,2,21
2,0,2,0
1,0,1,0
0,2,2,82
1,0,1,0
38,0,38,0
1,0,1,0
2,0,2,0
4,0,4,0
2,0,2,0
1,0,1,0
0,13,13,3
2,0,2,0
1,0,1,0
0,114,114,50
9,0,9,0
1,0,1,0
0,5,5,30
3,0,3,0
9,0,9,0
1,0,1,0
3,0,3,0
2,0,2,0
0,1,1,2
4,0,4,0
0,2,2,66
1,0,1,0
2,0,2,0
1,0,1,0
1,0,1,0
5,0,5,0
3,0,3,0
8,0,8,0
0,27,27,3
46,0,46,0
2,0,2,0
9,0,9,0
0,9,9,9
0,6,6,14
3,0,3,0
3,0,3,0
0,15,15,84
4,0,4,0
6,0,6,0
0,2,2,17
0,78,78,3
5,0,5,0
5,0,5,0
1,0,1,0
1,0,1,0
0,2,2,16
1,0,1,0
62,0,62,0
1,0,1,0
0,1,1,25
0,11,11,19
0,3,3,16
0,15,15,28
0,10,10,4
8,0,8,0
6,0,6,0
3,0,3,0
1,0,1,0
1,0,1,0
2,0,2,0
1,0,1,0
1,0,1,0
89,0,89,0
2,0,2,0
3,0,3,0
1,0,1,0
2,0,2,0
146,0,146,0
3,0,3,0
4,0,4,0
3,0,3,0
0,5,5,10
7,0,7,0
6,0,6,0
0,8,8,26
6,0,6,0
1,0,1,0
1,0,1,0
2,0,2,0
9,0,9,0
8,0,8,0
0,4,4,24
7,0,7,0
0,8,8,5
1,0,1,0
4,0,4,0
0,5,5,18
0,1,1,13
8,0,8,0
26,0,26,0
27,0,27,0
6,0,6,0
13,0,13,0
3,0,3,0
2,0,2,0
6,0,6,0
5,0,5,0
0,5,5,12
2,0,2,0
2,0,2,0
3,0,3,0
1,0,1,0
0,13,13,5
1,0,1,0
0,11,11,8
0,1,1,105
0,2,2,4
12,0,12,0
2,0,2,0
1,0,1,0
2,0,2,0
4,0,4,0
23,0,23,0
1,0,1,0
2,0,2,0
0,24,24,13
28,0,28,0
3,0,3,0
3,0,3,0
3,0,3,0
0,4,4,22
5,0,5,0
1,0,1,0
1,0,1,0
0,23,23,6
1,0,1,0
2,0,2,0
2,0,2,0
1,0,1,0
9,0,9,0
4,0,4,0
1,0,1,0
1,0,1,0
0,13,13,9
4,0,4,0
0,3,3,4
5,0,5,0
0,1,1,5
1,0,1,0
2,0,2,0
2,0,2,0
0,25,25,5
0,1,1,0
1,0,1,0
0,9,9,46
4,0,4,0
1,0,1,0
1,0,1,0
7,0,7,0
0,2,2,49
2,0,2,0
1,0,1,0
8,0,8,0
1,0,1,0
1,0,1,0
1,0,1,0
2,0,2,0
21,0,21,0
1,0,1,0
0,1,1,43
7,0,7,0
1,0,1,0
110,0,110,0
3,0,3,0
2,0,2,0
8,0,8,0
42,0,42,0
0,2,2,45
0,45,45,16
3,0,3,0
179,0,179,0
1,0,1,0
3,0,3,0
2,0,2,0
19,0,19,0
1,0,1,0
0,15,15,21
2,0,2,0
1,0,1,0
0,5,5,0
22,0,22,0
3,0,3,0
4,0,4,0
0,13,13,2
27,0,27,0
2,0,2,0
13,0,13,0
15,0,15,0
16,0,16,0
226,0,226,0
0,44,44,22
1,0,1,0
3,0,3,0
6,0,6,0
2,0,2,0
3,0,3,0
2,0,2,0
3,0,3,0
3,0,3,0
1,0,1,0
6,0,6,0
2,0,2,0
6,0,6,0
3,0,3,0
45,0,45,0
91,0,91,0
6,0,6,0
0,111,111,17
0,7,7,19
3,0,3,0
0,1,1,16
3,0,3,0
2,0,2,0
10,0,10,0
3,0,3,0
16,0,16,0
3,0,3,0
0,17,17,8
5,0,5,0
14,0,14,0
1,0,1,0
1,0,1,0
0,2,2,6
3,0,3,0
1,0,1,0
1,0,1,0
0,1,1,0
2,0,2,0
5,0,5,0
5,0,5,0
2,0,2,0
1,0,1,0
1,0,1,0
0,15,15,17
0,265,265,19
0,8,8,10
3,0,3,0
1,0,1,0
3,0,3,0
1,0,1,0
2,0,2,0
211,0,211,0
5,0,5,0
18,0,18,0
1,0,1,0
0,61,61,76
1,0,1,0
4,0,4,0
1,0,1,0
4,0,4,0
1,0,1,0
5,0,5,0
1,0,1,0
6,0,6,0
4,0,4,0
0,6,6,17
1,0,1,0
0,2,2,2
1,0,1,0
31,0,31,0
1,0,1,0
3,0,3,0
19,0,19,0
1,0,1,0
0,2,2,20
0,44,44,6
1,0,1,0
1,0,1,0
4,0,4,0
2,0,2,0
0,1,1,17
0,2,2,5
4,0,4,0
0,2,2,0
22,0,22,0
1,0,1,0
1,0,1,0
0,5,5,11
10,0,10,0
3,0,3,0
1,0,1,0
0,2,2,13
3,0,3,0
0,3,3,82
3,0,3,0
19,0,19,0
9,0,9,0
1,0,1,0
0,1,1,3
1,0,1,0
1,0,1,0
0,15,15,0
6,0,6,0
1,0,1,0
3,0,3,0
0,1,1,0
4,0,4,0
0,4,4,10
0,6,6,88
1,0,1,0
0,10,10,5
0,10,10,0
2,0,2,0
1,0,1,0
1,0,1,0
5,0,5,0
0,11,11,0
8,0,8,0
6,0,6,0
0,13,13,7
0,28,28,57
17,0,17,0
0,1,1,6
3,0,3,0
1,0,1,0
2,0,2,0
1,0,1,0
0,30,30,119
0,5,5,3
2,0,2,0
10,0,10,0
0,12,12,51
0,11,11,4
2,0,2,0
0,1,1,4
3,0,3,0
6,0,6,0
0,3,3,1
1,0,1,0
1,0,1,0
0,1,1,1
5,0,5,0
2,0,2,0
2,0,2,0
0,10,10,2
0,3,3,24
1,0,1,0
0,3,3,7
2,0,2,0
3,0,3,0
0,6,6,186
1,0,1,0
1,0,1,0
4,0,4,0
5,0,5,0
111,0,111,0
0,4,4,271
13,0,13,0
7,0,7,0
0,11,11,3
3,0,3,0
18,0,18,0
3,0,3,0
0,2,2,3
0,1,1,0
4,0,4,0
1,0,1,0
3,0,3,0
5,0,5,0
39,0,39,0
1,0,1,0
0,3,3,46
2,0,2,0
1,0,1,0
1,0,1,0
9,0,9,0
3,0,3,0
6,0,6,0
4,0,4,0
23,0,23,0
1,0,1,0
2,0,2,0
1,0,1,0
2,0,2,0
3,0,3,0
58,0,58,0
21,0,21,0
0,1,1,23
2,0,2,0
1,0,1,0
2,0,2,0
3,0,3,0
2,0,2,0
1,0,1,0
0,76,76,10
0,9,9,3
13,0,13,0
13,0,13,0
2,0,2,0
6,0,6,0
13,0,13,0
3,0,3,0
1,0,1,0
4,0,4,0
3,0,3,0
9,0,9,0
1,0,1,0
7,0,7,0
4,0,4,0
1,0,1,0
16,0,16,0
0,12,12,10
7,0,7,0
1,0,1,0
9,0,9,0
253,0,253,0
0,61,61,60
48,0,48,0
0,13,13,30
3,0,3,0
7,0,7,0
46,0,46,0
1,0,1,0
4,0,4,0
6,0,6,0
3,0,3,0
3,0,3,0
40,0,40,0
10,0,10,0
5,0,5,0
0,2,2,78
1,0,1,0
5,0,5,0
0,9,9,25
0,5,5,11
12,0,12,0
1,0,1,0
5,0,5,0
1,0,1,0
8,0,8,0
1,0,1,0
15,0,15,0
3,0,3,0
9,0,9,0
3,0,3,0
2,0,2,0
0,2,2,51
0,8,8,11
4,0,4,0
8,0,8,0
3,0,3,0
3,0,3,0
2,0,2,0
7,0,7,0
0,8,8,5
2,0,2,0
3,0,3,0
1,0,1,0
1,0,1,0
3,0,3,0
2,0,2,0
0,1,1,10
2,0,2,0
7,0,7,0
2,0,2,0
26,0,26,0
2,0,2,0
7,0,7,0
0,7,7,19
1,0,1,0
2,0,2,0
1,0,1,0
4,0,4,0
3,0,3,0
0,1,1,12
2,0,2,0
36,0,36,0
2,0,2,0
10,0,10,0
3,0,3,0
7,0,7,0
1,0,1,0
3,0,3,0
1,0,1,0
3,0,3,0
2,0,2,0
4,0,4,0
2,0,2,0
7,0,7,0
1,0,1,0
3,0,3,0
0,5,5,43
2,0,2,0
8,0,8,0
1,0,1,0
3,0,3,0
122,0,122,0
3,0,3,0
0,1,1,0
12,0,12,0
0,1,1,5
2,0,2,0
1,0,1,0
137,0,137,0
1,0,1,0
2,0,2,0
0,26,26,30
8,0,8,0
2,0,2,0
0,3,3,0
4,0,4,0
5,0,5,0
14,0,14,0
1,0,1,0
3,0,3,0
5,0,5,0
0,3,3,0
0,2,2,8
2,0,2,0
1,0,1,0
11,0,11,0
6,0,6,0
1,0,1,0
4,0,4,0
0,1,1,21
2,0,2,0
0,1,1,12
24,0,24,0
2,0,2,0
3,0,3,0
0,1,1,87
1,0,1,0
1,0,1,0
10,0,10,0
2,0,2,0
12,0,12,0
11,0,11,0
51,0,51,0
22,0,22,0
0,3,3,14
10,0,10,0
0,5,5,14
3,0,3,0
0,3,3,15
5,0,5,0
2,0,2,0
2,0,2,0
2,0,2,0
1,0,1,0
0,3,3,86
5,0,5,0
2,0,2,0
0,2,2,6
1,0,1,0
1,0,1,0
6,0,6,0
5,0,5,0
2,0,2,0
75,0,75,0
30,0,30,0
3,0,3,0
1,0,1,0
19,0,19,0
8,0,8,0
0,5,5,1
6,0,6,0
0,2,2,24
6,0,6,0
0,1,1,10
8,0,8,0
9,0,9,0
1,0,1,0
2,0,2,0
2,0,2,0
0,70,70,97
62,0,62,0
0,19,19,60
4,0,4,0
1,0,1,0
1,0,1,0
2,0,2,0
0,10,10,39
39,0,39,0
0,10,10,21
1,0,1,0
0,37,37,0
0,1,1,2
3,0,3,0
4,0,4,0
0,8,8,26
0,6,6,10
1,0,1,0
6,0,6,0
0,1,1,5
0,24,24,29
17,0,17,0
1,0,1,0
7,0,7,0
0,3,3,36
5,0,5,0
0,19,19,9
2,0,2,0
2,0,2,0
105,0,105,0
1,0,1,0
3,0,3,0
6,0,6,0
3,0,3,0
1,0,1,0
3,0,3,0
0,2,2,4
1,0,1,0
10,0,10,0
0,18,18,4
2,0,2,0
1,0,1,0
3,0,3,0
2,0,2,0
4,0,4,0
6,0,6,0
7,0,7,0
4,0,4,0
7,0,7,0
2,0,2,0
2,0,2,0
0,1,1,16
0,5,5,1
0,1,1,45
2,0,2,0
2,0,2,0
0,116,116,61
0,124,124,111
0,1,1,75
2,0,2,0
3,0,3,0
38,0,38,0
0,8,8,32
7,0,7,0
2,0,2,0
0,33,33,5
0,51,51,4
17,0,17,0
2,0,2,0
11,0,11,0
1,0,1,0
2,0,2,0
1,0,1,0
22,0,22,0
1,0,1,0
2,0,2,0
0,22,22,0
1,0,1,0
0,7,7,57
6,0,6,0
3,0,3,0
2,0,2,0
3,0,3,0
2,0,2,0
2,0,2,0
0,16,16,56
9,0,9,0
4,0,4,0
1,0,1,0
0,2,2,2
3,0,3,0
1,0,1,0
5,0,5,0
0,43,43,7
0,49,49,10
3,0,3,0
3,0,3,0
2,0,2,0
0,3,3,10
0,20,20,12
1,0,1,0
0,114,114,5
27,0,27,0
2,0,2,0
1,0,1,0
13,0,13,0
6,0,6,0
23,0,23,0
1,0,1,0
0,64,64,6
0,220,220,14
1,0,1,0
71,0,71,0
0,2,2,21
0,4,4,14
0,4,4,6
0,2,2,2
0,7,7,4
2,0,2,0
7,0,7,0
1,0,1,0
6,0,6,0
1,0,1,0
0,3,3,6
0,2,2,92
0,57,57,69
1,0,1,0
2,0,2,0
1,0,1,0
5,0,5,0
5,0,5,0
1,0,1,0
2,0,2,0
7,0,7,0
3,0,3,0
5,0,5,0
0,157,157,131
2,0,2,0
1,0,1,0
57,0,57,0
4,0,4,0
8,0,8,0
1,0,1,0
21,0,21,0
3,0,3,0
35,0,35,0
5,0,5,0
0,11,11,18
4,0,4,0
1,0,1,0
5,0,5,0
1,0,1,0
2,0,2,0
0,62,62,12
42,0,42,0
7,0,7,0
1,0,1,0
8,0,8,0
25,0,25,0
3,0,3,0
0,5,5,6
1,0,1,0
5,0,5,0
1,0,1,0
2,0,2,0
1,0,1,0
1,0,1,0
32,0,32,0
1,0,1,0
4,0,4,0
22,0,22,0
7,0,7,0
0,1,1,1
0,2,2,175
0,3,3,7
2,0,2,0
1,0,1,0
0,3,3,1
6,0,6,0
45,0,45,0
0,81,81,10
51,0,51,0
6,0,6,0
0,3,3,17
2,0,2,0
12,0,12,0
6,0,6,0
4,0,4,0
3,0,3,0
8,0,8,0
0,1,1,1
0,16,16,69
1,0,1,0
3,0,3,0
1,0,1,0
0,1,1,0
1,0,1,0
0,1,1,0
1,0,1,0
8,0,8,0
29,0,29,0
0,7,7,13
4,0,4,0
1,0,1,0
2,0,2,0
0,1,1,19
3,0,3,0
24,0,24,0
0,73,73,0
0,18,18,33
3,0,3,0
0,1,1,2
7,0,7,0
1,0,1,0
0,1,1,0
15,0,15,0
0,2,2,4
0,2,2,16
0,41,41,8
3,0,3,0
0,12,12,23
1,0,1,0
1,0,1,0
4,0,4,0
6,0,6,0
5,0,5,0
3,0,3,0
3,0,3,0
0,8,8,0
1,0,1,0
1,0,1,0
3,0,3,0
0,6,6,3
3,0,3,0
0,25,25,1
0,15,15,28
1,0,1,0
2,0,2,0
0,1,1,9
0,7,7,6
19,0,19,0
1,0,1,0
1,0,1,0
1,0,1,0
2,0,2,0
2,0,2,0
0,2,2,43
1,0,1,0
1,0,1,0
1,0,1,0
0,12,12,29
2,0,2,0
0,11,11,28
9,0,9,0
1,0,1,0
0,1,1,3
3,0,3,0
0,1,1,0
9,0,9,0
0,3,3,50
0,3,3,132
1,0,1,0
1,0,1,0
1,0,1,0
1,0,1,0
1,0,1,0
0,3,3,1
30,0,30,0
0,10,10,5
2,0,2,0
1,0,1,0
0,9,9,20
1,0,1,0
0,2,2,16
4,0,4,0
1,0,1,0
2,0,2,0
1,0,1,0
4,0,4,0
0,10,10,9
1,0,1,0
0,1,1,0
0,22,22,13
1,0,1,0
0,159,159,11
5,0,5,0
3,0,3,0
3,0,3,0
4,0,4,0
3,0,3,0
3,0,3,0
3,0,3,0
3,0,3,0
1,0,1,0
1,0,1,0
0,1,1,10
5,0,5,0
0,23,23,2
4,0,4,0
1,0,1,0
0,2,2,45
1,0,1,0
1,0,1,0
1,0,1,0
5,0,5,0
3,0,3,0
0,16,16,16
8,0,8,0
0,8,8,64
2,0,2,0
4,0,4,0
0,4,4,12
3,0,3,0
0,4,4,1
6,0,6,0
4,0,4,0
0,2,2,58
0,15,15,5
5,0,5,0
0,4,4,20
32,0,32,0
0,1,1,37
1,0,1,0
16,0,16,0
1,0,1,0
37,0,37,0
1,0,1,0
2,0,2,0
0,1,1,28
0,3,3,15
2,0,2,0
1,0,1,0
7,0,7,0
1,0,1,0
34,0,34,0
1,0,1,0
15,0,15,0
2,0,2,0
1,0,1,0
1,0,1,0
0,7,7,3
0,30,30,9
25,0,25,0
1,0,1,0
2,0,2,0
1,0,1,0
2,0,2,0
1,0,1,0
4,0,4,0
0,59,59,6
1,0,1,0
1,0,1,0
3,0,3,0
4,0,4,0
0,4,4,3
1,0,1,0
2,0,2,0
4,0,4,0
25,0,25,0
0,7,7,5
0,9,9,4
3,0,3,0
0,1,1,2
2,0,2,0
5,0,5,0
0,3,3,32
7,0,7,0
0,5,5,9
1,0,1,0
0,4,4,17
23,0,23,0
14,0,14,0
0,103,103,116
4,0,4,0
0,5,5,0
2,0,2,0
2,0,2,0
2,0,2,0
5,0,5,0
0,4,4,85
14,0,14,0
3,0,3,0
0,10,10,2
1,0,1,0
2,0,2,0
0,3,3,1
8,0,8,0
1,0,1,0
3,0,3,0
0,7,7,4
2,0,2,0
2,0,2,0
3,0,3,0
2,0,2,0
6,0,6,0
1,0,1,0
0,19,19,21
6,0,6,0
4,0,4,0
1,0,1,0
1,0,1,0
1,0,1,0
3,0,3,0
0,33,33,23
2,0,2,0
3,0,3,0
19,0,19,0
12,0,12,0
12,0,12,0
1,0,1,0
1,0,1,0
0,34,34,22
1,0,1,0
0,5,5,3
6,0,6,0
10,0,10,0
2,0,2,0
2,0,2,1
2,0,2,0
0,10,10,43
0,7,7,7
0,1,1,24
0,3,3,51
4,0,4,0
0,4,4,58
4,0,4,0
0,84,84,3
1,0,1,0
1,0,1,0
96,0,96,0
0,10,10,3
4,0,4,0
0,14,14,13
1,0,1,0
2,0,2,0
2,0,2,0
7,0,7,0
0,2,2,8
0,8,8,19
1,0,1,0
5,0,5,0
1,0,1,0
88,0,88,0
30,0,30,0
3,0,3,0
18,0,18,0
2,0,2,0
1,0,1,0
5,0,5,0
2,0,2,0
12,0,12,0
2,0,2,0
0,13,13,31
0,7,7,2
0,6,6,19
2,0,2,0
0,1,1,0
6,0,6,0
0,4,4,5
0,6,6,14
2,0,2,0
4,0,4,0
0,5,5,36
11,0,11,0
1,0,1,0
15,0,15,0
1,0,1,0
0,1,1,32
2,0,2,0
14,0,14,0
5,0,5,0
0,4,4,9
3,0,3,0
0,31,31,31
0,17,17,43
0,4,4,33
0,24,24,4
1,0,1,0
0,12,12,1
2,0,2,0
3,0,3,0
2,0,2,0
3,0,3,0
0,8,8,20
2,0,2,0
1,0,1,0
1,0,1,0
3,0,3,0
2,0,2,0
3,0,3,0
4,0,4,0
6,0,6,0
0,14,14,52
3,0,3,0
0,15,15,9
2,0,2,0
0,20,20,50
3,0,3,0
2,0,2,0
4,0,4,0
0,5,5,1
4,0,4,0
1,0,1,0
21,0,21,0
21,0,21,0
0,1,1,10
1,0,1,0
0,6,6,5
4,0,4,0
22,0,22,0
8,0,8,0
1,0,1,0
10,0,10,0
0,3,3,6
3,0,3,0
0,2,2,7
2,0,2,0
1,0,1,0
13,0,13,0
1,0,1,0
3,0,3,0
6,0,6,0
2,0,2,0
18,0,18,0
7,0,7,0
1,0,1,0
1,0,1,0
2,0,2,0
0,1,1,66
6,0,6,0
3,0,3,0
1,0,1,0
0,24,24,0
2,0,2,0
1,0,1,0
3,0,3,0
6,0,6,0
4,0,4,0
0,2,2,4
7,0,7,0
0,1,1,3
0,4,4,1
1,0,1,0
2,0,2,0
0,16,16,7
2,0,2,0
4,0,4,0
4,0,4,0
4,0,4,0
6,0,6,0
0,6,6,7
0,3,3,5
1,0,1,0
0,24,24,37
1,0,1,0
1,0,1,0
72,0,72,0
0,2,2,59
2,0,2,0
8,0,8,0
7,0,7,0
10,0,10,0
2,0,2,0
5,0,5,0
0,1,1,10
8,0,8,0
0,141,141,66
67,0,67,0
0,2,2,7
4,0,4,0
2,0,2,0
0,61,61,13
6,0,6,0
1,0,1,0
2,0,2,0
12,0,12,0
6,0,6,0
3,0,3,0
15,0,15,0
3,0,3,0
6,0,6,0
1,0,1,0
3,0,3,0
17,0,17,0
3,0,3,0
11,0,11,0
23,0,23,0
2,0,2,0
2,0,2,0
2,0,2,0
2,0,2,0
13,0,13,0
0,159,159,24
2,0,2,0
0,23,23,22
1,0,1,0
5,0,5,0
125,0,125,0
1,0,1,0
0,22,22,33
1,0,1,0
3,0,3,0
1,0,1,0
6,0,6,0
0,2,2,5
3,0,3,0
2,0,2,0
2,0,2,0
0,2,2,9
1,0,1,0
1,0,1,0
5,0,5,0
0,1,1,2
1,0,1,0
0,4,4,21
0,53,53,19
8,0,8,0
0,18,18,119
7,0,7,0
3,0,3,0
4,0,4,0
2,0,2,0
2,0,2,0
0,1,1,88
3,0,3,0
0,9,9,58
0,15,15,25
0,2,2,174
0,10,10,150
58,0,58,0
0,19,19,27
1,0,1,0
4,0,4,0
1,0,1,0
1,0,1,0
2,0,2,0
1,0,1,0
0,6,6,6
1,0,1,0
1,0,1,0
1,0,1,0
0,10,10,1
0,30,30,29
1,0,1,0
0,1,1,7
1,0,1,0
9,0,9,0
7,0,7,0
1,0,1,0
0,8,8,51
1,0,1,0
0,1,1,1
0,8,8,2
11,0,11,0
0,85,85,21
41,0,41,0
15,0,15,0
1,0,1,0
12,0,12,0
3,0,3,0
0,2,2,4
2,0,2,0
44,0,44,0
70,0,70,0
2,0,2,0
0,2,2,7
3,0,3,0
15,0,15,0
2,0,2,0
13,0,13,0
3,0,3,0
2,0,2,0
0,1,1,7
4,0,4,0
0,1,1,3
0,8,8,101
21,0,21,0
3,0,3,0
2,0,2,0
1,0,1,0
1,0,1,0
0,3,3,1
1,0,1,0
40,0,40,0
2,0,2,0
26,0,26,0
0,4,4,2
3,0,3,0
2,0,2,0
3,0,3,0
5,0,5,0
4,0,4,0
11,0,11,0
0,1,1,59
0,1,1,43
55,0,55,0
10,0,10,0
3,0,3,0
1,0,1,0
1,0,1,0
1,0,1,0
3,0,3,0
42,0,42,0
0,3,3,19
2,0,2,0
5,0,5,0
8,0,8,0
0,6,6,4
0,76,76,4
3,0,3,0
2,0,2,0
35,0,35,0
12,0,12,0
2,0,2,0
1,0,1,0
0,35,35,12
2,0,2,0
0,63,63,19
4,0,4,0
1,0,1,0
17,0,17,0
1,0,1,0
0,20,20,6
1,0,1,0
5,0,5,0
15,0,15,0
0,16,16,4
16,0,16,0
1,0,1,0
1,0,1,0
3,0,3,0
0,1,1,10
3,0,3,0
2,0,2,0
2,0,2,0
1,0,1,0
8,0,8,0
26,0,26,0
1,0,1,0
4,0,4,0
4,0,4,0
0,3,3,46
1,0,1,0
0,3,3,17
3,0,3,0
2,0,2,0
24,0,24,0
1,0,1,0
3,0,3,0
4,0,4,0
0,17,17,29
1,0,1,0
0,2,2,2
0,1,1,7
0,1,1,30
29,0,29,0
68,0,68,0
3,0,3,0
2,0,2,0
9,0,9,0
0,3,3,146
1,0,1,0
2,0,2,0
3,0,3,0
49,0,49,0
1,0,1,0
4,0,4,0
2,0,2,0
3,0,3,0
1,0,1,0
4,0,4,0
3,0,3,0
119,0,119,0
0,15,15,13
11,0,11,0
0,8,8,7
4,0,4,0
1,0,1,0
8,0,8,0
0,14,14,34
18,0,18,0
0,1,1,47
15,0,15,0
1,0,1,0
2,0,2,0
4,0,4,0
3,0,3,0
1,0,1,0
1,0,1,0
1,0,1,0
3,0,3,0
0,1,1,7
0,3,3,2
1,0,1,0
2,0,2,0
7,0,7,0
1,0,1,0
0,47,47,6
7,0,7,0
0,1,1,17
2,0,2,0
0,2,2,0
3,0,3,0
1,0,1,0
12,0,12,0
3,0,3,0
1,0,1,0
1,0,1,0
0,4,4,41
0,43,43,65
4,0,4,0
0,4,4,6
1,0,1,0
2,0,2,0
2,0,2,0
0,2,2,0
1,0,1,0
5,0,5,0
1,0,1,0
10,0,10,0
2,0,2,0
1,0,1,0
4,0,4,0
2,0,2,0
10,0,10,0
1,0,1,0
6,0,6,0
3,0,3,0
1,0,1,0
1,0,1,0
11,0,11,0
0,3,3,13
3,0,3,0
2,0,2,0
1,0,1,0
1,0,1,0
1,0,1,0
1,0,1,0
0,16,16,7
2,0,2,0
0,7,7,39
0,1,1,0
3,0,3,0
1,0,1,0
0,126,126,18
0,4,4,67
0,3,3,6
0,7,7,52
2,0,2,0
1,0,1,0
2,0,2,0
4,0,4,0
1,0,1,0
4,0,4,0
0,13,13,4
1,0,1,0
4,0,4,0
0,6,6,0
0,1,1,75
24,0,24,0
0,10,10,27
1,0,1,0
1,0,1,0
1,0,1,0
1,0,1,0
2,0,2,0
5,0,5,0
1,0,1,0
0,1,1,2
1,0,1,0
0,2,2,0
0,8,8,53
1,0,1,0
5,0,5,0
2,0,2,0
1,0,1,0
6,0,6,0
0,27,27,70
0,1,1,1
4,0,4,0
17,0,17,0
4,0,4,0
10,0,10,0
1,0,1,0
0,2,2,5
131,0,131,0
1,0,1,0
1,0,1,0
0,142,142,9
3,0,3,0
143,0,143,0
3,0,3,0
2,0,2,0
1,0,1,0
7,0,7,0
4,0,4,0
1,0,1,0
1,0,1,0
3,0,3,0
0,20,20,112
23,0,23,0
0,1,1,0
3,0,3,0
0,1,1,7
0,2,2,0
1,0,1,0
3,0,3,0
0,3,3,11
1,0,1,0
2,0,2,0
4,0,4,0
0,9,9,24
5,0,5,0
1,0,1,0
6,0,6,0
1,0,1,0
3,0,3,0
2,0,2,0
1,0,1,0
5,0,5,0
5,0,5,0
1,0,1,0
2,0,2,0
0,4,4,132
1,0,1,0
0,4,4,2
5,0,5,0
2,0,2,0
1,0,1,0
1,0,1,0
2,0,2,0
4,0,4,0
4,0,4,0
0,4,4,5
1,0,1,0
0,9,9,9
12,0,12,0
6,0,6,0
18,0,18,0
5,0,5,0
1,0,1,0
2,0,2,0
4,0,4,0
6,0,6,0
11,0,11,0
10,0,10,0
0,8,8,20
0,36,36,33
3,0,3,0
1,0,1,0
1,0,1,0
0,158,158,42
29,0,29,0
1,0,1,0
3,0,3,0
0,14,14,25
1,0,1,0
1,0,1,0
1,0,1,0
0,44,44,27
0,20,20,9
0,25,25,45
31,0,31,0
0,8,8,29
3,0,3,0
0,9,9,94
1,0,1,0
4,0,4,0
3,0,3,0
3,0,3,0
0,88,88,12
0,5,5,8
0,1,1,4
33,0,33,0
0,11,11,31
0,4,4,0
2,0,2,0
2,0,2,0
4,0,4,0
0,2,2,83
0,1,1,2
0,31,31,15
1,0,1,0
2,0,2,0
4,0,4,0
16,0,16,0
0,17,17,3
1,0,1,0
0,27,27,31
0,22,22,45
1,0,1,0
10,0,10,0
10,0,10,0
4,0,4,0
1,0,1,0
12,0,12,0
2,0,2,0
1,0,1,0
2,0,2,0
1,0,1,0
2,0,2,0
0,95,95,164
42,0,42,0
1,0,1,0
3,0,3,0
2,0,2,0
1,0,1,0
0,2,2,2
4,0,4,0
10,0,10,0
0,3,3,11
4,0,4,0
1,0,1,0
7,0,7,0
1,0,1,0
4,0,4,0
1,0,1,0
1,0,1,0
0,14,14,26
5,0,5,0
1,0,1,0
0,55,55,44
4,0,4,0
1,0,1,0
3,0,3,0
0,1,1,9
1,0,1,0
2,0,2,0
8,0,8,0
0,57,57,0
1,0,1,0
4,0,4,0
3,0,3,0
0,6,6,0
4,0,4,0
0,12,12,11
1,0,1,0
4,0,4,0
2,0,2,0
2,0,2,0
0,3,3,20
1,0,1,0
1,0,1,0
3,0,3,0
5,0,5,0
0,414,414,49
1,0,1,0
66,0,66,0
0,1,1,0
2,0,2,0
26,0,26,0
8,0,8,0
0,2,2,31
2,0,2,0
5,0,5,0
0,136,136,16
92,0,92,0
0,4,4,1
6,0,6,0
0,20,20,8
5,0,5,0
15,0,15,0
0,2,2,10
3,0,3,0
0,7,7,13
1,0,1,0
6,0,6,0
6,0,6,0
4,0,4,0
23,0,23,0
3,0,3,0
0,156,156,184
1,0,1,0
8,0,8,0
1,0,1,0
1,0,1,0
1,0,1,0
6,0,6,0
1,0,1,0
0,1,1,7
1,0,1,0
0,3,3,9
7,0,7,0
3,0,3,0
9,0,9,0
5,0,5,0
0,1,1,4
1,0,1,0
2,0,2,0
1,0,1,0
8,0,8,0
1,0,1,0
60,0,60,0
6,0,6,0
4,0,4,0
14,0,14,0
3,0,3,0
11,0,11,0
1,0,1,0
3,0,3,0
0,10,10,34
5,0,5,0
3,0,3,0
54,0,54,0
0,12,12,1
0,22,22,27
0,5,5,0
1,0,1,0
2,0,2,0
3,0,3,0
0,136,136,33
7,0,7,0
1,0,1,0
2,0,2,0
0,40,40,2
5,0,5,0
0,9,9,8
1,0,1,0
3,0,3,0
0,11,11,6
3,0,3,0
98,0,98,0
14,0,14,0
0,58,58,4
9,0,9,0
0,4,4,5
5,0,5,0
4,0,4,0
23,0,23,0
19,0,19,0
1,0,1,0
3,0,3,0
19,0,19,0
0,19,19,9
19,0,19,0
0,8,8,0
1,0,1,0
3,0,3,0
2,0,2,0
0,11,11,12
1,0,1,0
2,0,2,0
0,3,3,9
2,0,2,0
5,0,5,0
1,0,1,0
1,0,1,0
1,0,1,0
0,2,2,47
8,0,8,0
0,2,2,17
1,0,1,0
4,0,4,0
3,0,3,0
1,0,1,0
0,2,2,26
1,0,1,0
1,0,1,0
0,9,9,0
3,0,3,0
18,0,18,0
0,2,2,31
3,0,3,0
2,0,2,0
3,0,3,0
1,0,1,0
0,13,13,39
6,0,6,0
1,0,1,0
7,0,7,0
1,0,1,0
3,0,3,0
1,0,1,0
2,0,2,0
8,0,8,0
0,3,3,0
1,0,1,0
2,0,2,0
1,0,1,0
1,0,1,0
4,0,4,0
0,2,2,1
1,0,1,0
1,0,1,0
1,0,1,0
0,3,3,1
1,0,1,0
1,0,1,0
0,3,3,45
2,0,2,0
16,0,16,0
0,6,6,7
0,24,24,3
32,0,32,0
0,40,40,34
29,0,29,0
1,0,1,0
0,36,36,4
13,0,13,0
1,0,1,0
0,5,5,2
12,0,12,0
1,0,1,0
1,0,1,0
3,0,3,0
0,2,2,53
3,0,3,0
0,1,1,81
12,0,12,0
10,0,10,0
2,0,2,0
5,0,5,0
1,0,1,0
0,2,2,3
0,40,40,52
7,0,7,0
0,7,7,23
4,0,4,0
2,0,2,0
2,0,2,0
1,0,1,0
2,0,2,0
0,23,23,3
4,0,4,0
1,0,1,0
7,0,7,0
27,0,27,0
2,0,2,0
2,0,2,0
1,0,1,0
3,0,3,0
2,0,2,0
0,5,5,10
18,0,18,0
0,2,2,4
32,0,32,0
4,0,4,0
2,0,2,0
2,0,2,0
1,0,1,0
5,0,5,0
0,2,2,19
1,0,1,0
8,0,8,0
1,0,1,0
0,11,11,4
7,0,7,0
1,0,1,0
79,0,79,0
1,0,1,0
4,0,4,0
4,0,4,0
0,2,2,1
1,0,1,0
1,0,1,0
6,0,6,0
3,0,3,0
16,0,16,0
1,0,1,0
7,0,7,0
18,0,18,0
10,0,10,0
1,0,1,0
5,0,5,0
1,0,1,0
6,0,6,0
4,0,4,0
6,0,6,0
0,3,3,34
83,0,83,0
0,7,7,17
4,0,4,0
2,0,2,0
3,0,3,0
0,6,6,3
0,2,2,0
2,0,2,0
2,0,2,0
1,0,1,0
23,0,23,0
18,0,18,0
12,0,12,0
0,13,13,26
0,2,2,0
4,0,4,0
1,0,1,0
0,4,4,16
0,9,9,4
15,0,15,0
31,0,31,0
19,0,19,0
0,2,2,0
2,0,2,0
12,0,12,0
8,0,8,0
2,0,2,0
0,35,35,3
0,1,1,24
5,0,5,0
1,0,1,0
3,0,3,0
5,0,5,0
0,3,3,18
1,0,1,0
1,5,6,27
4,0,4,0
3,0,3,0
0,4,4,39
4,0,4,0
0,8,8,35
1,0,1,0
0,1,1,4
7,0,7,0
2,0,2,0
2,0,2,0
12,0,12,0
1,0,1,0
6,0,6,0
1,0,1,0
5,0,5,0
1,0,1,0
3,0,3,0
5,0,5,0
1,0,1,0
0,14,14,18
1,0,1,0
0,1,1,56
6,0,6,0
2,0,2,0
1,0,1,0
0,1,1,38
1,0,1,0
8,0,8,0
0,1,1,1
8,0,8,0
0,5,5,84
0,75,75,67
1,0,1,0
16,0,16,0
15,0,15,0
21,0,21,0
5,0,5,0
2,0,2,0
1,0,1,0
0,1,1,6
4,0,4,0
0,2,2,10
2,0,2,0
1,0,1,0
2,0,2,0
13,0,13,0
10,0,10,0
5,0,5,0
4,0,4,0
2,0,2,0
0,33,33,43
2,0,2,0
0,2,2,17
2,0,2,0
0,24,24,61
10,0,10,0
4,0,4,0
1,0,1,0
0,1,1,10
2,0,2,0
1,0,1,0
13,0,13,0
2,0,2,0
2,0,2,0
0,2,2,32
1,0,1,0
1,0,1,0
3,0,3,0
0,22,22,67
1,0,1,0
1,0,1,0
3,0,3,0
1,0,1,0
3,0,3,0
3,0,3,0
0,3,3,5
1,0,1,0
9,0,9,0
1,0,1,0
0,4,4,7
41,0,41,0
6,0,6,0
1,0,1,0
1,0,1,0
2,0,2,0
0,17,17,11
1,0,1,0
3,0,3,0
10,0,10,0
1,0,1,0
0,2,2,100
0,16,16,9
4,0,4,0
0,8,8,4
0,4,4,0
10,0,10,0
0,2,2,72
171,0,171,0
6,0,6,0
1,0,1,0
2,0,2,0
2,0,2,0
9,0,9,0
2,0,2,0
1,0,1,0
1,0,1,0
1,0,1,0
8,0,8,0
1,0,1,0
4,0,4,0
36,0,36,0
1,0,1,0
0,5,5,9
6,0,6,0
10,0,10,0
0,1,1,8
10,0,10,0
5,0,5,0
0,98,98,6
1,0,1,0
0,5,5,1
1,0,1,0
17,0,17,0
30,0,30,0
18,0,18,0
58,0,58,0
4,0,4,0
21,0,21,0
9,0,9,0
2,0,2,0
20,0,20,0
0,21,21,9
0,61,61,64
1,0,1,0
1,0,1,0
0,3,3,13
0,3,3,4
0,7,7,7
5,0,5,0
0,8,8,1
1,0,1,0
3,0,3,0
2,0,2,0
0,12,12,92
50,0,50,0
3,0,3,0
6,0,6,0
1,0,1,0
1,0,1,0
1,0,1,0
0,2,2,1
3,0,3,0
1,0,1,0
1,0,1,0
28,0,28,0
0,5,5,6
2,0,2,0
10,0,10,0
8,0,8,0
3,0,3,0
3,0,3,0
9,0,9,0
5,0,5,0
11,0,11,0
1,0,1,0
18,0,18,0
2,0,2,0
2,0,2,0
2,0,2,0
5,0,5,0
0,4,4,60
13,0,13,0
0,62,62,29
3,0,3,0
0,5,5,8
4,0,4,0
0,2,2,3
3,0,3,0
0,8,8,22
0,26,26,28
0,9,9,2
10,0,10,0
0,2,2,51
1,0,1,0
3,0,3,0
44,0,44,0
0,17,17,10
4,0,4,0
1,0,1,0
0,1,1,45
1,0,1,0
1,0,1,0
8,0,8,0
1,0,1,0
2,0,2,0
11,0,11,0
0,17,17,3
0,2,2,52
0,6,6,19
3,0,3,0
3,0,3,0
1,0,1,0
1,0,1,0
6,0,6,0
4,0,4,0
0,102,102,4
0,12,12,2
1,0,1,0
0,1,1,12
0,6,6,2
1,0,1,0
4,0,4,0
2,0,2,0
1,0,1,0
1,0,1,0
8,0,8,0
2,0,2,0
1,0,1,0
3,0,3,0
4,0,4,0
5,0,5,0
3,0,3,0
5,0,5,0
4,0,4,0
2,0,2,0
0,2,2,5
0,3,3,18
2,0,2,0
0,5,5,1
1,0,1,0
5,0,5,0
52,0,52,0
0,2,2,22
6,0,6,0
5,0,5,0
0,6,6,2
7,0,7,0
0,1,1,61
4,0,4,0
0,2,2,1
6,0,6,0
1,0,1,0
2,0,2,0
0,5,5,4
4,0,4,0
0,24,24,7
16,0,16,0
2,0,2,0
5,0,5,0
4,0,4,0
0,21,21,30
3,0,3,0
2,0,2,0
1,0,1,0
8,0,8,0
1,0,1,0
0,2,2,38
0,2,2,62
1,0,1,0
0,1,1,18
12,0,12,0
2,0,2,0
4,0,4,0
7,0,7,0
0,1,1,54
2,0,2,0
1,0,1,0
0,6,6,43
1,0,1,0
1,0,1,0
6,0,6,0
1,0,1,0
2,0,2,0
0,46,46,0
2,0,2,0
5,0,5,0
6,0,6,0
0,84,84,4
4,0,4,0
3,0,3,0
1,0,1,0
6,0,6,0
4,0,4,0
0,5,5,0
0,78,78,24
19,0,19,0
0,1,1,4
11,0,11,0
0,10,10,94
0,34,34,17
2,0,2,0
1,0,1,0
4,0,4,0
10,0,10,0
1,0,1,0
3,0,3,0
2,0,2,0
1,0,1,0
2,0,2,0
5,0,5,0
1,0,1,0
2,0,2,0
2,0,2,0
93,0,93,0
1,0,1,0
0,2,2,5
2,0,2,0
4,0,4,0
1,0,1,0
1,0,1,0
4,0,4,0
0,15,15,32
2,0,2,0
0,43,43,9
17,0,17,0
1,0,1,0
1,0,1,0
3,0,3,0
15,0,15,0
2,0,2,0
1,0,1,0
9,0,9,0
0,106,106,7
2,0,2,0
9,0,9,0
3,0,3,0
2,0,2,0
15,0,15,0
1,0,1,0
2,0,2,0
0,10,10,0
2,0,2,0
19,0,19,0
4,0,4,0
22,0,22,0
2,0,2,0
31,0,31,0
4,0,4,0
20,0,20,0
1,0,1,0
7,0,7,0
1,0,1,0
6,0,6,0
0,1,1,74
46,0,46,0
19,0,19,0
0,21,21,19
622,0,622,0
1,0,1,0
1,0,1,0
1,0,1,0
0,12,12,10
1,0,1,0
38,0,38,0
0,1,1,20
0,4,4,6
4,0,4,0
2,0,2,0
0,4,4,209
0,14,14,20
0,4,4,4
131,0,131,0
6,0,6,0
0,1,1,26
1,0,1,0
1,0,1,0
7,0,7,0
1,0,1,0
0,1,1,46
5,0,5,0
2,0,2,0
2,0,2,0
1,0,1,0
3,0,3,0
0,1,1,118
1,0,1,0
1,0,1,0
9,0,9,0
3,0,3,0
10,0,10,0
0,60,60,8
15,0,15,0
3,0,3,0
0,6,6,6
0,67,67,13
0,2,2,5
1,0,1,0
8,0,8,0
4,0,4,0
0,6,6,7
0,20,20,4
0,2,2,26
0,4,4,5
32,0,32,0
63,0,63,0
1,0,1,0
1,0,1,0
0,8,8,4
3,0,3,0
5,0,5,0
4,0,4,0
4,0,4,0
1,0,1,0
4,0,4,0
0,41,41,3
1,0,1,0
3,0,3,0
16,0,16,0
0,1,1,14
0,29,29,30
2,0,2,0
0,2,2,2
1,0,1,0
5,0,5,0
5,0,5,0
0,3,3,25
0,2,2,98
3,0,3,0
6,0,6,0
4,0,4,0
0,7,7,3
2,0,2,0
0,9,9,4
0,7,7,7
3,0,3,0
2,0,2,0
1,0,1,0
0,30,30,3
0,5,5,5
28,0,28,0
4,0,4,0
3,0,3,0
1,0,1,0
0,2,2,4
1,0,1,0
0,10,10,19
1,0,1,0
7,0,7,0
5,0,5,0
1,0,1,0
0,223,223,4
8,0,8,0
1,0,1,0
2,0,2,0
1,0,1,0
2,0,2,0
9,0,9,0
0,1,1,7
97,0,97,0
6,0,6,0
2,0,2,0
11,0,11,0
4,0,4,0
1,0,1,0
0,8,8,35
3,0,3,0
0,22,22,98
3,0,3,0
1,0,1,0
0,2,2,13
2,0,2,0
1,0,1,0
1,0,1,0
6,0,6,0
9,0,9,0
4,0,4,0
0,1,1,0
5,0,5,0
1,0,1,0
2,0,2,0
9,0,9,0
1,0,1,0
1,0,1,0
3,0,3,0
1,0,1,0
5,0,5,0
0,16,16,78
7,0,7,0
18,0,18,0
1,0,1,0
0,3,3,17
2,0,2,0
10,0,10,0
0,20,20,4
10,0,10,0
2,0,2,0
1,0,1,0
6,0,6,0
0,4,4,2
15,0,15,0
3,0,3,0
0,44,44,4
32,0,32,0
47,0,47,0
6,0,6,0
1,0,1,0
1,0,1,0
23,0,23,0
6,0,6,0
3,0,3,0
6,0,6,0
3,0,3,0
0,2,2,9
1,0,1,0
0,2,2,5
2,0,2,0
1,0,1,0
1,0,1,0
0,31,31,6
7,0,7,0
4,0,4,0
1,0,1,0
1,0,1,0
0,2,2,4
2,0,2,0
1,0,1,0
0,1,1,1
76,0,76,0
0,1,1,0
1,0,1,0
1,0,1,0
2,0,2,0
1,0,1,0
31,0,31,0
0,8,8,13
3,0,3,0
3,0,3,0
2,0,2,0
2,0,2,0
3,0,3,0
2,0,2,0
2,0,2,0
2,0,2,0
4,0,4,0
0,1,1,9
5,0,5,0
10,0,10,0
4,0,4,0
9,0,9,0
1,0,1,0
0,1,1,24
4,0,4,0
2,0,2,0
7,0,7,0
4,0,4,0
0,27,27,7
2,0,2,0
0,3,3,50
9,0,9,0
1,0,1,0
10,0,10,0
1,0,1,0
3,0,3,0
16,0,16,0
3,0,3,0
13,0,13,0
8,0,8,0
1,0,1,0
1,0,1,0
6,0,6,0
5,0,5,0
1,0,1,0
6,0,6,0
1,0,1,0
1,0,1,0
1,0,1,0
1,0,1,0
1,0,1,0
0,36,36,11
34,0,34,0
1,0,1,0
0,7,7,1
1,0,1,0
3,0,3,0
6,0,6,0
4,0,4,0
2,0,2,0
3,0,3,0
1,0,1,0
3,0,3,0
2,0,2,0
2,0,2,0
7,0,7,0
1,0,1,0
0,2,2,78
1,0,1,0
16,0,16,16
19,0,19,0
2,0,2,0
0,14,14,15
31,0,31,0
1,0,1,0
49,0,49,0
1,0,1,0
5,0,5,0
6,0,6,0
5,0,5,0
1,0,1,0
0,7,7,4
0,2,2,20
7,0,7,0
66,0,66,0
0,3,3,8
0,2,2,7
1,0,1,0
9,0,9,0
2,0,2,0
1,0,1,0
2,0,2,0
3,0,3,0
2,0,2,0
11,0,11,0
4,0,4,0
2,0,2,0
8,0,8,0
1,0,1,0
1,0,1,0
2,0,2,0
0,22,22,16
3,0,3,0
2,0,2,0
1,0,1,0
2,0,2,0
1,0,1,0
3,0,3,0
1,0,1,0
0,1,1,1
0,30,30,10
2,0,2,0
3,0,3,0
0,1,1,2
2,0,2,0
16,0,16,0
42,0,42,0
4,0,4,0
2,0,2,0
2,0,2,0
0,2,2,33
1,0,1,0
0,1,1,33
12,0,12,0
4,0,4,0
1,0,1,0
0,5,5,11
6,0,6,0
5,0,5,0
3,0,3,0
8,0,8,0
1,0,1,0
1,0,1,0
1,0,1,0
0,2,2,10
0,11,11,33
0,3,3,6
2,0,2,0
0,45,45,10
7,0,7,0
4,0,4,0
3,0,3,0
1,0,1,0
17,0,17,0
0,12,12,61
5,0,5,0
1,0,1,0
2,0,2,0
9,0,9,0
0,1,1,0
2,0,2,0
3,0,3,0
4,0,4,0
0,8,8,6
3,0,3,0
0,36,36,3
0,4,4,36
4,0,4,0
2,0,2,0
17,0,17,0
1,0,1,0
6,0,6,0
64,0,64,0
1,0,1,0
2,0,2,0
5,0,5,0
0,1,1,5
0,3,3,0
1,0,1,0
1,0,1,0
0,38,38,8
3,0,3,0
0,1,1,12
2,0,2,0
2,0,2,0
3,0,3,0
1,0,1,0
1,0,1,0
0,12,12,41
10,0,10,0
6,0,6,0
1,0,1,0
4,0,4,0
3,0,3,0
26,0,26,0
1,0,1,0
24,0,24,0
1,0,1,0
56,0,56,0
0,9,9,79
2,0,2,0
0,1,1,1
2,0,2,0
0,2,2,8
1,0,1,0
1,0,1,0
13,0,13,0
8,0,8,0
1,0,1,0
5,0,5,0
3,0,3,0
0,23,23,3
6,0,6,0
0,3,3,15
1,0,1,0
1,0,1,0
0,2,2,0
1,0,1,0
2,0,2,0
23,0,23,0
4,0,4,0
0,5,5,3
3,0,3,0
2,0,2,0
7,0,7,0
2,0,2,0
0,17,17,39
1,0,1,0
12,0,12,0
2,0,2,0
6,0,6,0
7,0,7,0
1,0,1,0
0,5,5,0
2,0,2,0
0,5,5,23
9,0,9,0
4,0,4,0
4,0,4,0
1,0,1,0
0,93,93,65
1,0,1,0
0,2,2,10
4,0,4,0
1,0,1,0
0,1,1,4
6,0,6,0
2,0,2,0
1,0,1,0
0,1,1,3
1,0,1,0
2,0,2,0
1,0,1,0
1,0,1,0
22,0,22,0
6,0,6,0
0,8,8,8
1,0,1,0
7,0,7,0
8,0,8,0
2,0,2,0
4,0,4,0
8,0,8,0
52,0,52,0
8,0,8,0
3,0,3,0
0,2,2,12
2,0,2,0
9,0,9,0
1,0,1,0
8,0,8,0
24,0,24,0
2,0,2,0
4,0,4,0
1,0,1,0
2,0,2,0
0,2,2,1
4,0,4,0
4,0,4,0
0,4,4,48
1,0,1,0
0,1,1,19
3,0,3,0
0,1,1,14
1,0,1,0
4,0,4,0
9,0,9,0
0,8,8,21
4,0,4,0
1,0,1,0
1,0,1,0
0,11,11,88
0,5,5,1
0,18,18,20
0,1,1,23
2,0,2,0
4,0,4,0
0,2,2,3
1,0,1,0
0,3,3,32
6,0,6,0
3,0,3,0
2,0,2,0
2,0,2,0
1,0,1,0
0,138,138,17
1,0,1,0
7,0,7,0
1,0,1,0
1,0,1,0
0,25,25,37
0,3,3,11
1,0,1,0
2,0,2,0
1,0,1,0
3,0,3,0
2,0,2,0
1,0,1,0
1,0,1,0
25,0,25,0
4,0,4,0
0,4,4,4
67,0,67,0
0,6,6,68
0,1,1,13
2,0,2,0
2,0,2,0
4,0,4,0
3,0,3,0
0,1,1,30
7,0,7,0
0,43,43,66
1,0,1,0
1,0,1,0
0,3,3,11
1,0,1,0
1,0,1,0
1,0,1,0
4,0,4,0
3,0,3,0
26,0,26,0
0,6,6,3
4,0,4,0
2,0,2,0
0,1,1,58
4,0,4,0
0,6,6,3
0,7,7,1
1,0,1,0
0,14,14,142
14,0,14,0
1,0,1,0
0,5,5,0
1,0,1,0
36,0,36,0
0,4,4,8
3,0,3,0
8,0,8,0
4,0,4,0
0,9,9,6
3,0,3,0
3,0,3,0
9,0,9,0
0,8,8,0
2,0,2,0
1,0,1,0
0,1,1,4
0,3,3,5
1,0,1,0
2,0,2,0
1,0,1,0
7,0,7,0
1,0,1,0
0,2,2,11
2,0,2,0
1,0,1,0
8,0,8,0
3,0,3,0
3,0,3,0
4,0,4,0
2,0,2,0
3,0,3,0
1,0,1,0
1,0,1,0
0,16,16,3
8,0,8,0
0,40,40,7
3,0,3,0
4,0,4,0
1,0,1,0
1,0,1,0
2,0,2,0
1,0,1,0
30,0,30,0
0,1,1,9
5,0,5,0
0,37,37,91
0,50,50,10
5,0,5,0
0,5,5,1
0,1,1,1
0,2,2,1
0,1,1,6
0,9,9,12
1,0,1,0
3,0,3,0
2,0,2,0
2,0,2,0
0,6,6,1
1,0,1,0
1,0,1,0
5,0,5,0
0,26,26,101
1,0,1,0
2,0,2,0
1,0,1,0
0,6,6,38
2,0,2,0
1,0,1,0
2,0,2,0
2,0,2,0
8,0,8,0
1,0,1,0
2,0,2,0
1,0,1,0
0,1,1,8
1,0,1,0
0,7,7,117
3,0,3,0
1,0,1,0
0,74,74,7
0,3,3,1
2,0,2,0
4,0,4,0
0,20,20,14
2,0,2,0
1,0,1,0
2,0,2,0
1,0,1,0
0,1,1,1
2,0,2,0
0,75,75,7
1,0,1,0
11,0,11,0
0,14,14,13
10,0,10,0
1,0,1,0
0,44,44,34
2,0,2,0
0,1,1,0
6,0,6,0
1,0,1,0
1,0,1,0
0,4,4,8
1,0,1,0
3,0,3,0
0,16,16,19
8,0,8,0
3,0,3,0
1,0,1,0
1,0,1,0
2,0,2,0
6,0,6,0
56,0,56,0
28,0,28,0
1,0,1,0
1,0,1,0
1,0,1,0
0,4,4,6
5,0,5,0
0,4,4,1
0,29,29,0
0,21,21,23
1,0,1,0
20,0,20,0
2,0,2,0
1,0,1,0
3,0,3,0
1,0,1,0
2,0,2,0
1,0,1,0
8,0,8,0
1,0,1,0
7,0,7,0
0,2,2,12
16,0,16,0
12,0,12,0
0,1,1,55
2,0,2,0
0,4,4,20
2,0,2,0
1,0,1,0
0,11,11,9
0,8,8,10
0,3,3,18
6,0,6,0
1,0,1,0
1,0,1,0
4,0,4,0
0,6,6,18
1,0,1,0
0,12,12,0
34,0,34,0
0,8,8,93
0,8,8,0
1,0,1,0
0,4,4,26
20,0,20,0
4,0,4,0
0,10,10,42
0,3,3,16
6,0,6,0
1,0,1,0
2,0,2,0
3,0,3,0
0,2,2,40
12,0,12,0
26,0,26,0
12,0,12,0
4,0,4,0
0,2,2,8
3,0,3,0
4,0,4,0
9,0,9,0
5,0,5,0
22,0,22,0
13,0,13,0
0,3,3,43
0,1,1,3
2,0,2,0
0,8,8,0
1,0,1,0
3,0,3,0
0,2,2,1
1,0,1,0
2,0,2,0
4,0,4,0
1,0,1,0
7,0,7,0
1,0,1,0
8,0,8,0
3,0,3,0
0,4,4,34
4,0,4,0
2,0,2,0
5,0,5,0
0,1,1,1
4,0,4,0
3,0,3,0
1,0,1,0
1,0,1,0
1,0,1,0
1,0,1,0
4,0,4,0
0,2,2,3
7,0,7,0
0,2,2,9
2,0,2,0
1,0,1,0
1,0,1,51
1,0,1,0
0,24,24,14
2,0,2,0
0,93,93,22
42,0,42,0
10,0,10,0
8,0,8,0
2,0,2,0
1,0,1,0
1,0,1,0
4,0,4,0
0,10,10,34
16,0,16,0
2,0,2,0
4,0,4,0
0,34,34,48
12,0,12,0
0,22,22,6
0,4,4,3
0,11,11,14
2,0,2,0
1,0,1,0
1,0,1,0
0,13,13,57
3,0,3,0
0,65,65,10
0,47,47,31
0,5,5,62
3,0,3,0
32,0,32,0
12,0,12,0
0,2,2,7
0,1,1,28
2,0,2,0
0,58,58,30
60,0,60,0
0,28,28,46
2,0,2,0
1,0,1,0
0,18,18,3
0,2,2,4
1,0,1,0
2,0,2,0
0,15,15,2
1,0,1,0
0,50,50,40
0,9,9,6
2,0,2,0
1,0,1,0
5,0,5,0
2,0,2,0
0,4,4,5
5,0,5,0
1,0,1,0
1,0,1,0
33,0,33,0
0,8,8,82
1,0,1,0
0,15,15,24
5,0,5,0
2,0,2,0
1,0,1,0
3,0,3,0
3,0,3,0
1,0,1,0
5,0,5,0
1,0,1,0
0,7,7,46
20,0,20,0
33,0,33,0
1,0,1,0
2,0,2,0
3,0,3,0
0,3,3,62
1,0,1,0
5,0,5,0
2,0,2,0
1,0,1,0
0,3,3,3
9,0,9,0
2,0,2,0
3,0,3,0
2,0,2,0
1,0,1,0
0,3,3,4
1,0,1,0
97,0,97,0
2,0,2,0
1,0,1,0
2,0,2,0
49,0,49,0
16,0,16,0
0,1,1,0
2,0,2,0
0,11,11,15
1,0,1,0
1,0,1,0
3,0,3,0
0,36,36,5
1,0,1,0
2,0,2,0
1,0,1,0
0,5,5,4
0,2,2,2
0,6,6,18
2,0,2,0
0,3,3,11
1,0,1,0
2,0,2,0
2,0,2,0
3,0,3,0
0,17,17,34
4,0,4,0
1,0,1,0
3,0,3,0
2,0,2,0
2,0,2,0
1,0,1,0
1,0,1,0
1,0,1,0
52,0,52,0
2,0,2,0
5,0,5,0
5,0,5,0
41,0,41,0
10,0,10,0
1,0,1,0
8,0,8,0
1,0,1,0
0,5,5,0
3,0,3,0
2,0,2,0
0,2,2,3
2,0,2,0
1,0,1,0
1,0,1,0
0,47,47,11
2,0,2,0
1,0,1,0
1,0,1,0
10,0,10,0
1,0,1,0
0,3,3,88
5,0,5,0
0,19,19,2
1,0,1,0
3,0,3,0
7,0,7,0
2,0,2,0
28,0,28,0
18,0,18,0
2,0,2,0
1,0,1,0
0,20,20,11
6,0,6,0
0,25,25,5
4,0,4,0
0,1,1,5
2,0,2,0
1,0,1,0
3,0,3,0
0,1,1,34
0,1,1,32
0,5,5,13
8,0,8,0
103,0,103,0
2,0,2,0
1,0,1,0
32,0,32,0
1,0,1,0
2,0,2,0
3,0,3,0
3,0,3,0
10,0,10,0
0,27,27,2
0,31,31,8
2,0,2,0
0,3,3,5
3,0,3,0
1,0,1,0
3,0,3,0
2,0,2,0
0,3,3,51
21,0,21,0
3,0,3,0
0,26,26,4
0,6,6,10
2,0,2,0
87,0,87,0
4,0,4,0
12,0,12,0
2,0,2,0
2,0,2,0
4,0,4,0
4,0,4,0
4,0,4,0
6,0,6,0
0,2,2,6
0,5,5,14
2,0,2,0
0,4,4,16
3,0,3,0
14,0,14,0
2,0,2,0
9,0,9,0
9,0,9,0
0,1,1,21
0,11,11,22
3,0,3,0
0,10,10,1
1,0,1,0
2,0,2,0
6,0,6,0
0,1,1,5
2,0,2,0
0,22,22,2
3,0,3,0
3,0,3,0
5,0,5,0
0,45,45,21
38,0,38,0
26,0,26,0
0,5,5,9
12,0,12,0
2,0,2,0
1,0,1,0
4,0,4,0
1,0,1,0
3,0,3,0
1,0,1,0
1,0,1,0
4,0,4,0
0,1,1,30
4,0,4,0
1,0,1,0
2,0,2,0
0,1,1,6
2,0,2,0
7,0,7,0
0,2,2,5
2,0,2,0
1,0,1,0
3,0,3,0
0,1,1,0
5,0,5,0
2,0,2,0
1,0,1,0
4,0,4,0
1,0,1,0
18,0,18,0
12,0,12,0
8,0,8,0
7,0,7,0
24,0,24,0
2,0,2,0
0,3,3,12
1,0,1,0
10,0,10,0
5,0,5,0
0,109,109,23
0,1,1,2
3,0,3,0
10,0,10,0
0,4,4,99
2,0,2,0
0,6,6,5
29,0,29,0
4,0,4,0
1,0,1,0
0,7,7,34
4,0,4,0
1,0,1,0
6,0,6,0
44,0,44,0
2,0,2,0
0,23,23,32
4,0,4,0
1,0,1,0
0,2,2,1
1,0,1,0
2,0,2,0
1,0,1,0
4,0,4,0
1,0,1,0
1,0,1,0
0,4,4,4
5,0,5,0
1,0,1,0
0,17,17,4
2,0,2,0
69,0,69,0
0,6,6,0
0,3,3,18
0,5,5,4
34,0,34,0
0,2,2,1
4,0,4,0
3,0,3,0
1,0,1,0
2,0,2,0
0,1,1,9
2,0,2,0
0,357,357,1
0,4,4,7
0,26,26,9
5,0,5,0
0,3,3,23
5,0,5,0
96,0,96,0
3,0,3,0
0,3,3,29
0,46,46,9
8,0,8,0
1,0,1,0
1,0,1,0
1,0,1,0
1,0,1,0
2,0,2,0
8,0,8,0
2,0,2,0
1,0,1,0
0,4,4,3
5,0,5,0
10,0,10,0
3,0,3,0
1,0,1,0
1,0,1,0
2,0,2,0
2,0,2,0
0,9,9,2
1,0,1,0
1,0,1,0
1,0,1,0
0,4,4,22
1,0,1,0
1,0,1,0
0,2,2,5
11,0,11,0
6,0,6,0
1,0,1,0
0,8,8,15
8,0,8,0
0,1,1,12
76,0,76,0
2,0,2,0
5,0,5,0
1,0,1,0
0,2,2,31
5,0,5,0
5,0,5,0
2,0,2,0
10,0,10,0
21,0,21,0
0,6,6,29
1,0,1,0
2,0,2,0
8,0,8,0
2,0,2,0
3,0,3,0
4,0,4,0
2,0,2,0
4,0,4,0
2,0,2,0
1,0,1,0
2,0,2,0
8,0,8,0
3,0,3,0
6,0,6,0
1,0,1,0
1,0,1,0
3,0,3,0
0,56,56,0
14,0,14,0
0,3,3,0
2,0,2,0
0,3,3,11
1,0,1,0
1,0,1,0
1,0,1,0
1,0,1,0
6,0,6,0
2,0,2,0
1,0,1,0
0,3,3,3
1,0,1,0
1,0,1,0
0,4,4,1
9,0,9,0
7,0,7,0
3,0,3,0
3,0,3,0
5,0,5,0
1,0,1,0
0,5,5,2
2,0,2,0
8,0,8,0
5,0,5,0
1,0,1,0
8,0,8,0
0,8,8,25
3,0,3,0
12,0,12,0
0,2,2,90
1,0,1,0
1,0,1,0
8,0,8,0
0,31,31,3
36,0,36,0
22,0,22,0
2,0,2,0
0,10,10,10
1,0,1,0
1,0,1,0
3,0,3,0
8,0,8,0
0,21,21,0
0,56,56,7
3,0,3,0
1,0,1,0
2,0,2,0
0,11,11,15
0,18,18,11
1,0,1,0
6,0,6,0
3,0,3,0
0,14,14,39
1,0,1,0
0,8,8,5
5,0,5,0
0,8,8,15
2,0,2,0
1,0,1,0
0,15,15,16
11,0,11,0
1,0,1,0
8,0,8,0
34,0,34,0
0,6,6,1
4,0,4,0
2,0,2,0
1,0,1,0
21,0,21,0
7,0,7,0
8,0,8,0
0,1,1,50
0,142,142,31
1,0,1,0
4,0,4,0
8,0,8,0
6,0,6,0
29,0,29,0
0,1,1,0
22,0,22,0
7,0,7,0
1,0,1,0
4,0,4,0
0,3,3,27
1,0,1,0
25,0,25,0
1,0,1,0
4,0,4,0
1,0,1,0
6,0,6,0
8,0,8,0
4,0,4,0
1,0,1,0
0,1,1,14
2,0,2,0
2,0,2,0
0,1,1,0
6,0,6,0
4,0,4,0
2,0,2,0
3,0,3,0
0,4,4,0
6,0,6,0
4,0,4,0
8,0,8,0
0,1,1,3
6,0,6,0
4,0,4,0
1,0,1,0
1,0,1,0
2,0,2,0
3,0,3,0
6,0,6,0
0,26,26,48
3,0,3,0
0,7,7,43
0,9,9,8
3,0,3,0
0,1,1,0
0,4,4,5
1,0,1,0
1,0,1,0
0,8,8,5
1,0,1,0
8,0,8,0
1,0,1,0
0,15,15,27
28,0,28,0
3,0,3,0
31,0,31,0
8,0,8,0
6,0,6,0
0,2,2,68
2,0,2,0
1,0,1,0
4,0,4,0
1,0,1,0
0,3,3,3
20,0,20,0
5,0,5,0
1,0,1,0
6,0,6,0
0,6,6,44
7,0,7,0
0,10,10,38
1,0,1,0
0,4,4,43
1,0,1,0
1,0,1,0
1,0,1,0
0,1,1,1
0,2,2,2
0,1,1,0
0,9,9,11
0,1,1,93
12,0,12,0
9,0,9,0
0,139,139,10
4,0,4,0
20,0,20,0
1,0,1,0
34,0,34,0
23,0,23,0
0,7,7,9
12,0,12,0
2,0,2,0
12,0,12,0
1,0,1,0
4,0,4,0
1,0,1,0
1,0,1,0
1,0,1,0
0,7,7,0
1,0,1,0
3,0,3,0
5,0,5,0
1,0,1,0
2,0,2,0
1,0,1,0
1,0,1,0
5,0,5,0
7,0,7,0
0,17,17,3
5,0,5,0
0,1,1,1
2,0,2,0
7,0,7,0
2,0,2,0
1,0,1,0
2,0,2,0
1,0,1,0
0,3,3,82
3,0,3,0
0,6,6,1
1,0,1,0
39,0,39,0
0,166,166,17
10,0,10,0
0,2,2,1
12,0,12,0
1,0,1,0
15,0,15,0
2,0,2,0
363,0,363,0
0,114,114,72
0,5,5,0
0,73,73,55
1,0,1,0
0,54,54,7
5,0,5,0
2,0,2,0
1,0,1,0
3,0,3,0
0,2,2,29
3,0,3,0
2,0,2,0
2,0,2,0
3,0,3,0
0,1,1,38
1,0,1,0
23,0,23,0
0,4,4,2
2,0,2,0
0,1,1,0
1,0,1,0
6,0,6,0
3,0,3,0
3,0,3,0
0,3,3,29
2,0,2,0
11,0,11,0
0,12,12,4
11,0,11,0
0,3,3,7
1,0,1,0
0,9,9,12
4,0,4,0
0,18,18,6
27,0,27,0
0,8,8,35
3,0,3,0
30,0,30,0
0,1,1,57
0,23,23,5
3,0,3,0
1,0,1,0
5,0,5,0
27,0,27,0
1,0,1,0
0,12,12,24
4,0,4,0
1,0,1,0
3,0,3,0
1,0,1,0
1,0,1,0
1,0,1,0
3,0,3,0
0,28,28,11
0,1,1,0
3,0,3,0
2,0,2,0
9,0,9,0
2,0,2,0
0,13,13,9
3,0,3,0
1,0,1,0
26,0,26,0
0,40,40,3
3,0,3,0
1,0,1,0
2,0,2,0
3,0,3,0
0,2,2,80
0,43,43,7
8,0,8,0
0,40,40,85
16,0,16,0
1,0,1,0
3,0,3,0
0,5,5,16
3,0,3,0
1,0,1,0
3,0,3,0
82,0,82,0
0,12,12,9
7,0,7,0
3,0,3,0
1,0,1,0
5,0,5,0
2,0,2,0
2,0,2,0
1,0,1,0
13,0,13,0
6,0,6,0
0,5,5,64
2,0,2,0
0,2,2,40
2,0,2,0
173,0,173,0
0,1,1,105
5,0,5,0
0,35,35,26
4,0,4,0
1,0,1,0
2,0,2,0
0,2,2,7
5,0,5,0
1,0,1,0
1,0,1,0
1,0,1,0
1,0,1,0
1,0,1,0
0,1,1,0
0,136,136,15
0,5,5,4
1,0,1,0
2,0,2,0
3,0,3,0
3,0,3,0
4,0,4,0
1,0,1,0
0,1,1,3
51,0,51,0
0,4,4,16
0,1,1,20
8,0,8,0
3,0,3,0
1,0,1,0
0,2,2,28
2,0,2,0
2,0,2,0
0,1,1,5
2,0,2,0
1,0,1,0
3,0,3,0
1,0,1,0
4,0,4,0
3,0,3,0
1,0,1,0
0,3,3,15
2,0,2,0
2,0,2,0
2,0,2,0
8,0,8,0
5,0,5,0
1,0,1,0
0,9,9,7
2,0,2,0
1,0,1,0
1,0,1,0
1,0,1,0
0,1,1,93
9,0,9,0
0,1,1,5
5,0,5,0
0,12,12,35
0,1,1,50
2,0,2,0
7,0,7,0
7,0,7,0
8,0,8,0
53,0,53,0
6,0,6,0
9,0,9,0
0,16,16,10
1,0,1,0
2,0,2,0
5,0,5,0
0,23,23,8
3,0,3,0
1,0,1,0
13,0,13,0
3,0,3,0
9,0,9,0
1,0,1,0
1,0,1,0
0,35,35,41
0,5,5,1
1,0,1,0
5,0,5,0
1,0,1,0
1,0,1,0
4,0,4,0
2,0,2,0
4,0,4,0
5,0,5,0
9,0,9,0
5,0,5,0
0,1,1,24
5,0,5,0
1,0,1,0
1,0,1,0
2,0,2,0
2,0,2,0
0,4,4,5
2,0,2,0
3,0,3,0
5,0,5,0
2,0,2,0
0,8,8,30
0,2,2,6
8,0,8,0
0,39,39,1
0,1,1,2
1,0,1,0
6,0,6,0
0,2,2,6
1,0,1,0
2,0,2,0
0,11,11,4
0,8,8,3
1,0,1,0
1,0,1,0
1,0,1,0
2,0,2,0
10,0,10,0
3,0,3,0
0,1,1,39
0,1,1,15
0,3,3,10
1,0,1,0
1,0,1,0
1,0,1,0
2,0,2,0
0,2,2,67
15,0,15,0
0,5,5,0
5,0,5,0
0,10,10,10
2,0,2,0
0,1,1,4
11,0,11,0
2,0,2,0
1,0,1,0
3,0,3,0
0,7,7,27
4,0,4,0
2,0,2,0
3,0,3,0
2,0,2,0
0,1,1,0
1,0,1,0
1,0,1,0
1,0,1,0
2,0,2,0
0,3,3,1
6,0,6,0
4,0,4,0
0,56,56,4
0,2,2,70
1,0,1,0
9,0,9,0
0,85,85,35
2,0,2,0
2,0,2,0
1,0,1,0
3,0,3,0
2,0,2,0
2,0,2,0
3,0,3,0
12,0,12,0
2,0,2,0
2,0,2,0
12,0,12,0
1,0,1,0
3,0,3,0
1,0,1,0
1,0,1,0
0,5,5,1
6,0,6,0
1,0,1,0
1,0,1,0
4,0,4,0
3,0,3,0
0,3,3,0
7,0,7,0
2,0,2,0
6,0,6,0
9,0,9,0
11,0,11,0
0,34,34,23
0,4,4,16
1,0,1,0
0,7,7,2
2,0,2,0
0,10,10,12
4,0,4,0
8,0,8,0
2,0,2,0
1,0,1,0
1,0,1,0
1,0,1,0
0,15,15,44
1,0,1,0
1,0,1,0
0,17,17,3
1,0,1,0
2,0,2,0
6,0,6,0
2,0,2,0
6,0,6,0
0,4,4,2
5,0,5,0
3,0,3,0
3,0,3,0
6,0,6,0
2,0,2,0
4,0,4,0
4,0,4,0
0,6,6,56
0,5,5,21
4,0,4,0
0,9,9,14
1,0,1,0
0,2,2,6
4,0,4,0
1,0,1,0
1,0,1,0
0,4,4,8
2,0,2,0
6,0,6,0
2,0,2,0
9,0,9,0
0,6,6,4
4,0,4,0
0,3,3,65
1,0,1,0
1,0,1,0
2,0,2,0
3,0,3,0
10,0,10,0
0,18,18,10
9,0,9,0
2,0,2,0
4,0,4,0
4,0,4,0
6,0,6,0
2,0,2,0
15,0,15,0
8,0,8,0
0,36,36,2
1,0,1,0
15,0,15,0
6,0,6,0
0,5,5,16
4,0,4,0
1,0,1,0
0,1,1,0
0,7,7,3
1,0,1,0
1,0,1,0
1,0,1,0
1,0,1,0
12,0,12,0
2,0,2,0
1,0,1,0
13,0,13,0
0,2,2,10
15,0,15,0
9,0,9,0
10,0,10,0
46,0,46,0
2,0,2,0
3,0,3,0
1,0,1,0
1,0,1,0
1,0,1,0
2,0,2,0
2,0,2,0
2,0,2,0
1,0,1,0
1,0,1,0
2,0,2,0
2,0,2,0
0,1,1,3
4,0,4,0
4,0,4,0
2,0,2,0
1,0,1,0
1,0,1,0
2,0,2,0
0,1,1,18
3,0,3,0
1,0,1,0
0,8,8,39
0,7,7,7
3,0,3,0
2,0,2,0
4,0,4,0
2,0,2,0
2,0,2,0
1,0,1,0
33,0,33,0
0,3,3,17
0,5,5,10
13,0,13,0
4,0,4,0
1,0,1,0
2,0,2,0
0,1,1,21
6,0,6,0
1,0,1,0
3,0,3,0
39,0,39,0
1,0,1,0
0,20,20,46
40,0,40,0
0,7,7,32
0,1,1,4
3,0,3,0
2,0,2,0
0,111,111,18
18,0,18,0
1,0,1,0
1,0,1,0
4,0,4,0
0,14,14,15
1,0,1,0
2,0,2,0
2,0,2,0
4,0,4,0
2,0,2,0
13,0,13,0
0,8,8,5
32,0,32,0
4,0,4,0
7,0,7,0
6,0,6,0
7,0,7,0
5,0,5,0
4,0,4,0
33,0,33,0
0,2,2,8
0,1,1,6
3,0,3,0
1,0,1,0
0,1,1,2
3,0,3,0
2,0,2,0
4,0,4,0
7,0,7,0
2,0,2,0
1,0,1,0
4,0,4,0
15,0,15,0
8,0,8,0
1,0,1,0
1,0,1,0
1,0,1,0
1,0,1,0
3,0,3,0
2,0,2,0
0,1,1,13
5,0,5,0
1,0,1,0
15,0,15,0
2,0,2,0
21,0,21,0
0,2,2,40
1,0,1,0
19,0,19,0
1,0,1,0
1,0,1,0
0,2,2,0
5,0,5,0
3,0,3,0
1,0,1,0
0,3,3,3
0,23,23,9
2,0,2,0
3,0,3,0
5,0,5,0
1,0,1,0
4,0,4,0
4,0,4,0
0,7,7,1
1,0,1,0
0,18,18,1
5,0,5,0
1,0,1,0
1,0,1,0
4,0,4,0
0,3,3,3
1,0,1,0
8,0,8,0
5,0,5,0
3,0,3,0
0,6,6,10
1,0,1,0
0,1,1,13
5,0,5,0
0,7,7,102
0,7,7,21
1,0,1,0
0,2,2,3
2,0,2,0
1,0,1,0
4,0,4,0
1,0,1,0
3,0,3,0
1,0,1,0
1,0,1,0
1,0,1,0
0,2,2,17
2,0,2,0
1,0,1,0
1,0,1,0
9,0,9,0
51,0,51,0
6,0,6,0
0,7,7,51
1,0,1,0
1,0,1,0
4,0,4,0
1,0,1,0
2,0,2,0
7,0,7,0
0,10,10,2
3,0,3,0
2,0,2,0
0,17,17,8
2,0,2,0
0,5,5,3
3,0,3,0
1,0,1,0
4,0,4,0
0,9,9,0
3,0,3,0
0,39,39,42
41,0,41,0
2,0,2,0
9,0,9,0
1,0,1,0
17,0,17,0
1,0,1,0
1,0,1,0
1,0,1,0
6,0,6,0
0,3,3,1
7,0,7,0
4,0,4,0
1,0,1,0
1,0,1,0
2,0,2,0
2,0,2,0
0,9,9,7
0,2,2,0
5,0,5,0
5,0,5,0
1,0,1,0
0,5,5,19
0,2,2,50
14,0,14,0
8,0,8,0
1,0,1,0
14,0,14,0
6,0,6,0
5,0,5,0
2,0,2,0
2,0,2,0
3,0,3,0
1,0,1,0
1,0,1,0
9,0,9,0
1,0,1,0
1,0,1,0
0,4,4,0
0,8,8,76
1,0,1,0
0,1,1,7
17,0,17,0
0,4,4,0
2,0,2,0
2,0,2,0
0,6,6,0
1,0,1,0
1,0,1,0
7,0,7,0
7,0,7,0
4,0,4,0
3,0,3,0
25,0,25,0
5,0,5,0
3,0,3,0
3,0,3,0
0,4,4,92
2,0,2,0
14,0,14,0
6,0,6,0
1,0,1,0
14,0,14,0
3,0,3,0
2,0,2,0
1,0,1,0
24,0,24,0
2,0,2,0
1,0,1,0
1,0,1,0
9,0,9,0
6,0,6,0
2,0,2,0
4,0,4,0
6,0,6,0
0,6,6,11
0,3,3,21
5,0,5,0
2,0,2,0
0,6,6,38
3,0,3,0
1,0,1,0
3,0,3,0
2,0,2,0
1,0,1,0
6,0,6,0
0,18,18,1
1,0,1,0
2,0,2,0
1,0,1,0
1,0,1,0
1,0,1,0
5,0,5,0
2,0,2,0
0,1,1,0
3,0,3,0
2,0,2,0
1,0,1,0
1,0,1,0
1,0,1,0
0,3,3,15
3,0,3,0
2,0,2,0
2,0,2,0
9,0,9,0
1,0,1,0
20,0,20,0
1,0,1,0
3,0,3,0
15,0,15,0
0,13,13,5
1,0,1,0
1,0,1,0
7,0,7,0
7,0,7,0
2,0,2,0
1,0,1,0
1,0,1,0
2,0,2,0
3,0,3,0
1,0,1,0
4,0,4,0
3,0,3,0
13,0,13,0
1,0,1,0
0,29,29,7
3,0,3,0
2,0,2,0
28,0,28,0
6,0,6,0
0,4,4,8
3,0,3,0
2,0,2,0
2,0,2,0
3,0,3,0
18,0,18,0
12,0,12,0
3,0,3,0
12,0,12,0
1,0,1,0
1,0,1,0
1,0,1,0
0,4,4,12
3,0,3,0
1,0,1,0
1,0,1,0
5,0,5,0
17,0,17,0
1,0,1,0
2,0,2,0
0,124,124,222
17,0,17,0
0,1,1,0
2,0,2,0
5,0,5,0
3,0,3,0
0,4,4,35
100,0,100,0
5,0,5,0
4,0,4,0
2,0,2,0
2,0,2,0
0,11,11,28
16,0,16,0
0,1,1,14
6,0,6,0
4,0,4,0
0,5,5,10
5,0,5,0
12,0,12,0
1,0,1,0
0,12,12,6
0,1,1,73
5,0,5,0
4,0,4,0
5,0,5,0
0,5,5,3
1,0,1,0
3,0,3,0
0,8,8,3
1,0,1,0
5,0,5,0
1,0,1,0
15,0,15,0
12,0,12,0
3,0,3,0
0,56,56,10
2,0,2,0
5,0,5,0
10,0,10,0
0,5,5,0
7,0,7,0
0,2,2,20
1,0,1,0
0,2,2,3
1,0,1,0
2,0,2,0
4,0,4,0
2,0,2,0
2,0,2,0
0,2,2,0
4,0,4,0
4,0,4,0
1,0,1,0
2,0,2,0
1,0,1,0
0,2,2,1
4,0,4,0
0,10,10,14
13,0,13,0
1,0,1,0
1,0,1,0
0,2,2,0
2,0,2,0
5,0,5,0
2,0,2,0
4,0,4,0
2,0,2,0
1,0,1,0
1,0,1,0
8,0,8,0
0,8,8,48
7,0,7,0
4,0,4,0
4,0,4,0
0,3,3,1
1,0,1,0
4,0,4,0
6,0,6,0
10,0,10,0
4,0,4,0
3,0,3,0
4,0,4,0
6,0,6,0
9,0,9,0
0,2,2,1
1,0,1,0
2,0,2,0
0,2,2,86
5,0,5,0
2,0,2,0
1,0,1,0
0,1,1,11
8,0,8,0
8,0,8,0
24,0,24,0
5,0,5,0
2,0,2,0
1,0,1,0
1,0,1,0
1,0,1,0
1,0,1,0
6,0,6,0
2,0,2,0
0,84,84,0
3,0,3,0
1,0,1,0
0,382,382,4
1,0,1,0
0,2,2,19
0,6,6,5
1,0,1,0
2,0,2,0
1,0,1,0
1,0,1,0
0,2,2,11
12,0,12,0
8,0,8,0
2,0,2,0
2,0,2,0
2,0,2,0
2,0,2,0
4,0,4,0
8,0,8,0
0,8,8,52
1,0,1,0
3,0,3,0
1,0,1,0
4,0,4,0
0,5,5,5
1,0,1,0
2,0,2,0
0,4,4,25
1,0,1,0
14,0,14,0
0,19,19,14
4,0,4,0
7,0,7,0
1,0,1,0
0,8,8,13
6,0,6,0
29,0,29,0
0,4,4,7
6,0,6,0
10,0,10,0
1,0,1,0
1,0,1,0
10,0,10,0
0,4,4,28
1,0,1,0
4,0,4,0
1,0,1,0
1,0,1,0
0,4,4,14
19,0,19,0
3,0,3,0
2,0,2,0
11,0,11,0
1,0,1,0
6,0,6,0
4,0,4,0
0,19,19,1
0,3,3,2
0,15,15,9
5,0,5,0
4,0,4,0
5,0,5,0
0,3,3,0
1,0,1,0
0,21,21,1
1,0,1,0
41,0,41,0
2,0,2,0
1,0,1,0
2,0,2,0
0,1,1,0
0,12,12,37
0,135,135,43
50,0,50,0
3,0,3,0
4,0,4,0
2,0,2,0
4,0,4,0
7,0,7,0
0,5,5,5
1,0,1,0
0,2,2,13
0,1,1,3
3,0,3,0
2,0,2,0
1,0,1,0
4,0,4,0
75,0,75,0
1,0,1,0
21,0,21,0
1,0,1,0
0,38,38,53
4,0,4,0
3,0,3,0
1,0,1,0
0,61,61,1
3,0,3,0
11,0,11,0
2,0,2,0
5,0,5,0
8,0,8,0
21,0,21,0
0,7,7,30
1,0,1,0
0,29,29,1
7,0,7,0
0,40,40,8
0,3,3,32
4,0,4,0
1,0,1,0
2,0,2,0
9,0,9,0
1,0,1,0
102,0,102,0
2,0,2,0
1,0,1,0
4,0,4,0
0,15,15,81
1,0,1,0
0,9,9,3
1,0,1,0
0,49,49,27
10,0,10,0
7,0,7,0
1,0,1,0
20,0,20,0
4,0,4,0
7,0,7,0
4,0,4,0
4,0,4,0
0,18,18,1
3,0,3,0
1,0,1,0
20,0,20,0
0,91,91,0
1,0,1,0
1,0,1,0
0,3,3,3
15,0,15,0
12,0,12,0
1,0,1,0
2,0,2,0
1,0,1,0
22,0,22,0
0,4,4,24
0,9,9,7
0,7,7,2
1,0,1,0
1,0,1,0
3,0,3,0
7,0,7,0
2,0,2,0
2,0,2,0
0,10,10,28
0,9,9,23
7,0,7,0
3,0,3,0
5,0,5,0
6,0,6,0
3,0,3,0
2,0,2,0
20,0,20,0
0,1,1,17
4,0,4,0
0,39,39,21
1,0,1,0
2,0,2,0
54,0,54,0
0,1,1,3
1,0,1,0
3,0,3,0
3,0,3,0
0,1,1,3
2,0,2,0
2,0,2,0
0,6,6,29
1,0,1,0
4,0,4,0
6,0,6,0
2,0,2,0
4,0,4,0
5,0,5,0
3,0,3,0
2,0,2,0
6,0,6,0
2,0,2,0
6,0,6,0
2,0,2,0
0,34,34,3
1,0,1,0
0,5,5,0
1,0,1,0
0,2,2,13
2,0,2,0
0,16,16,47
0,71,71,19
5,0,5,0
17,0,17,0
0,2,2,0
0,3,3,2
1,0,1,0
64,0,64,0
0,1,1,0
2,0,2,0
3,0,3,0
2,0,2,0
3,0,3,0
3,0,3,0
3,0,3,0
4,0,4,0
0,1,1,3
1,0,1,0
11,0,11,0
2,0,2,0
5,0,5,0
0,2,2,16
2,0,2,0
0,26,26,4
0,3,3,1
2,0,2,0
0,15,15,31
15,0,15,0
0,5,5,4
3,0,3,0
0,4,4,25
1,0,1,0
4,0,4,0
13,0,13,0
4,0,4,0
1,0,1,0
2,0,2,0
1,0,1,0
3,0,3,0
5,0,5,0
0,74,74,22
0,11,11,16
44,0,44,0
0,7,7,7
4,0,4,0
0,4,4,5
0,2,2,68
2,0,2,0
2,0,2,0
9,0,9,0
3,0,3,0
1,0,1,0
1,0,1,0
3,0,3,0
4,0,4,0
1,0,1,0
0,47,47,9
3,0,3,0
0,3,3,9
1,0,1,0
0,7,7,32
1,0,1,0
0,17,17,6
0,11,11,7
3,0,3,0
2,0,2,0
0,5,5,38
2,0,2,0
1,0,1,0
0,2,2,15
8,0,8,0
0,9,9,26
0,2,2,4
11,0,11,0
1,0,1,0
44,0,44,0
5,0,5,0
1,0,1,0
0,8,8,3
1,0,1,0
0,7,7,8
2,0,2,0
1,0,1,0
0,1,1,3
0,5,5,12
1,0,1,0
0,1,1,51
1,0,1,0
1,0,1,0
2,0,2,0
2,0,2,0
2,0,2,0
0,19,19,2
5,0,5,0
1,0,1,0
0,4,4,16
0,3,3,0
4,0,4,0
12,0,12,0
0,3,3,33
0,4,4,2
1,0,1,0
10,0,10,0
2,0,2,0
4,0,4,0
0,6,6,1
2,0,2,0
3,0,3,0
0,8,8,40
2,0,2,0
3,0,3,0
16,0,16,0
6,0,6,0
2,0,2,0
0,2,2,12
2,0,2,0
0,2,2,9
6,0,6,0
2,0,2,0
0,5,5,28
0,1,1,15
6,0,6,0
2,0,2,0
0,6,6,11
0,8,8,8
0,7,7,2
2,0,2,0
6,0,6,0
3,0,3,0
3,0,3,0
1,0,1,0
4,0,4,0
1,0,1,0
3,0,3,0
9,0,9,0
0,1,1,30
1,0,1,0
0,1,1,1
7,0,7,0
1,0,1,0
0,2,2,37
1,0,1,0
1,0,1,0
2,0,2,0
2,0,2,0
0,4,4,17
0,29,29,21
0,21,21,12
0,3,3,4
2,0,2,0
1,0,1,0
87,0,87,0
0,5,5,6
1,0,1,0
4,0,4,0
1,0,1,0
1,0,1,0
0,1,1,3
1,0,1,0
1,0,1,0
1,0,1,0
5,0,5,0
0,10,10,135
0,3,3,7
0,4,4,6
1,0,1,0
0,1,1,107
1,0,1,0
1,0,1,0
1,0,1,0
8,0,8,0
5,0,5,0
7,0,7,0
1,0,1,0
4,0,4,0
3,0,3,0
0,71,71,11
1,0,1,0
2,0,2,0
2,0,2,0
11,0,11,0
0,1,1,84
2,0,2,0
0,12,12,0
2,0,2,0
7,0,7,0
3,0,3,0
0,6,6,73
1,0,1,0
5,0,5,0
3,0,3,0
0,1,1,41
2,0,2,0
1,0,1,0
1,0,1,0
45,0,45,0
0,2,2,19
2,0,2,0
0,1,1,227
5,0,5,0
10,0,10,0
0,10,10,63
25,0,25,0
6,0,6,0
0,3,3,5
0,59,59,30
5,0,5,0
0,1,1,0
2,0,2,0
2,0,2,0
37,0,37,0
0,9,9,12
0,3,3,10
1,0,1,0
0,8,8,19
4,0,4,0
0,2,2,4
2,0,2,0
0,22,22,76
19,0,19,0
1,0,1,0
0,1,1,23
5,0,5,0
0,4,4,3
6,0,6,0
1,0,1,0
3,0,3,0
2,0,2,0
2,0,2,0
2,0,2,0
2,0,2,0
6,0,6,0
1,0,1,0
0,15,15,17
4,0,4,0
1,0,1,0
2,0,2,0
0,1,1,11
2,0,2,0
1,0,1,0
0,1,1,35
2,0,2,0
1,0,1,0
1,0,1,0
0,1,1,14
115,0,115,0
2,0,2,0
0,4,4,26
1,0,1,0
2,0,2,0
12,0,12,0
0,37,37,5
1,0,1,0
1,0,1,0
0,3,3,59
4,0,4,0
0,7,7,11
2,0,2,0
13,0,13,0
0,3,3,1
1,0,1,0
0,3,3,11
0,183,183,21
14,0,14,0
0,14,14,3
8,0,8,0
11,0,11,0
0,15,15,13
3,0,3,0
9,0,9,0
2,0,2,0
0,16,16,12
2,0,2,0
2,0,2,0
25,0,25,0
6,0,6,0
2,0,2,0
0,1,1,50
0,1,1,23
0,43,43,15
0,4,4,2
1,0,1,0
2,0,2,0
0,1,1,0
2,0,2,0
2,0,2,0
1,0,1,0
0,29,29,0
0,3,3,8
4,0,4,0
0,13,13,10
1,0,1,0
0,22,22,49
3,0,3,0
1,0,1,0
5,0,5,0
1,0,1,0
2,0,2,0
1,0,1,0
0,1,1,11
3,0,3,0
5,0,5,0
3,0,3,0
0,1,1,0
1,0,1,0
0,16,16,25
5,0,5,0
1,0,1,0
1,0,1,0
0,4,4,4
2,0,2,0
1,0,1,0
24,0,24,0
1,0,1,0
1,0,1,0
4,0,4,0
1,0,1,0
0,1,1,25
3,0,3,0
14,0,14,0
3,0,3,0
0,8,8,3
8,0,8,0
3,0,3,0
9,0,9,0
1,0,1,0
7,0,7,0
0,3,3,26
1,0,1,0
1,0,1,0
0,23,23,14
7,0,7,0
2,0,2,0
1,0,1,0
5,0,5,0
30,0,30,0
10,0,10,0
8,0,8,0
0,8,8,0
1,0,1,0
0,4,4,9
1,0,1,0
1,0,1,0
8,0,8,0
0,8,8,3
1,0,1,0
2,0,2,0
0,2,2,0
1,0,1,0
20,0,20,0
0,19,19,11
0,8,8,38
2,0,2,0
4,0,4,0
20,0,20,0
4,0,4,0
1,0,1,0
2,0,2,0
4,0,4,0
1,0,1,0
1,0,1,0
7,0,7,0
0,25,25,13
22,0,22,0
0,21,21,6
0,10,10,0
0,2,2,1
16,0,16,0
4,0,4,0
3,0,3,0
2,0,2,0
4,126,130,17
7,0,7,0
1,0,1,0
0,1,1,6
3,0,3,0
16,0,16,0
2,0,2,0
1,0,1,0
1,0,1,0
5,0,5,0
1,0,1,0
9,0,9,0
3,0,3,0
0,3,3,8
15,0,15,0
2,0,2,0
2,0,2,0
0,54,54,69
0,34,34,7
1,0,1,0
2,0,2,0
2,0,2,0
0,5,5,8
9,0,9,0
39,0,39,0
4,0,4,0
3,0,3,0
1,0,1,0
5,0,5,0
0,10,10,52
2,0,2,0
7,0,7,0
0,2,2,2
4,0,4,0
0,4,4,4
29,0,29,0
31,0,31,0
4,0,4,0
5,0,5,0
0,5,5,15
9,0,9,0
0,6,6,59
0,40,40,0
1,0,1,0
2,0,2,0
0,1,1,0
2,0,2,0
1,0,1,0
3,0,3,0
1,0,1,0
2,0,2,0
11,0,11,0
1,0,1,0
0,4,4,2
1,0,1,0
1,0,1,0
1,0,1,0
1,0,1,0
1,0,1,0
0,76,76,1
82,0,82,0
2,0,2,0
0,24,24,6
5,0,5,0
8,0,8,0
2,0,2,0
1,0,1,0
6,0,6,0
16,0,16,0
1,0,1,0
1,0,1,0
1,0,1,0
1,0,1,0
0,2,2,68
0,1,1,1
4,0,4,0
1,0,1,0
8,0,8,0
1,0,1,0
5,0,5,0
2,0,2,0
0,7,7,6
0,13,13,28
0,13,13,7
2,0,2,0
0,7,7,4
41,0,41,0
4,0,4,0
1,0,1,0
0,1,1,18
0,1,1,6
0,9,9,2
0,8,8,1
4,0,4,0
0,20,20,12
14,0,14,0
1,0,1,0
1,0,1,0
6,0,6,0
1,0,1,0
2,0,2,0
3,0,3,0
4,0,4,0
1,0,1,0
1,0,1,0
1,0,1,0
3,0,3,0
6,0,6,0
2,0,2,0
16,0,16,0
20,0,20,0
4,0,4,0
3,0,3,0
4,0,4,0
4,0,4,0
1,0,1,0
1,0,1,0
8,0,8,0
3,0,3,0
1,0,1,0
1,0,1,0
0,13,13,20
1,0,1,0
4,0,4,0
0,6,6,16
7,0,7,0
0,22,22,1
16,0,16,0
1,0,1,0
2,0,2,0
1,0,1,0
3,0,3,0
12,0,12,0
7,0,7,0
2,0,2,0
8,0,8,0
3,0,3,0
3,0,3,0
5,0,5,0
2,0,2,0
1,0,1,0
7,0,7,0
1,0,1,0
3,0,3,0
6,0,6,0
1,0,1,0
0,2,2,4
3,0,3,0
1,0,1,0
1,0,1,0
1,0,1,0
0,2,2,30
1,0,1,0
12,0,12,0
0,5,5,16
2,0,2,0
8,0,8,0
0,3,3,9
1,0,1,0
0,163,163,16
1,0,1,0
13,0,13,0
1,0,1,0
55,0,55,0
1,0,1,0
29,0,29,0
0,3,3,23
0,21,21,4
0,23,23,4
4,0,4,0
2,0,2,0
4,0,4,0
3,0,3,0
4,0,4,0
2,0,2,0
8,0,8,0
0,9,9,57
2,0,2,0
2,0,2,0
0,33,33,6
6,0,6,0
1,0,1,0
3,0,3,0
5,0,5,0
1,0,1,0
4,0,4,0
0,67,67,11
0,2,2,16
1,0,1,0
0,21,21,12
0,3,3,12
0,2,2,1
0,3,3,25
4,0,4,0
2,0,2,0
0,15,15,45
7,0,7,0
0,1,1,4
3,0,3,0
2,0,2,0
1,0,1,0
2,0,2,0
1,0,1,0
2,0,2,0
3,0,3,0
4,0,4,0
8,0,8,0
1,0,1,0
3,0,3,0
0,1,1,9
2,0,2,0
1,0,1,0
1,0,1,0
0,1,1,104
0,1,1,1
2,0,2,0
5,0,5,0
2,0,2,0
3,0,3,0
2,0,2,0
3,0,3,0
0,2,2,4
4,0,4,0
5,0,5,0
1,0,1,0
0,6,6,7
1,0,1,0
2,0,2,0
17,0,17,0
1,0,1,0
1,0,1,0
6,0,6,0
5,0,5,0
3,0,3,0
4,0,4,0
0,4,4,92
0,1,1,11
2,0,2,0
3,0,3,0
0,1,1,9
2,0,2,0
2,0,2,0
1,0,1,0
0,6,6,478
3,0,3,0
1,0,1,0
3,0,3,0
1,0,1,0
0,7,7,43
0,10,10,2
0,4,4,6
1,0,1,0
2,0,2,0
3,0,3,0
0,2,2,0
2,0,2,0
9,0,9,0
1,0,1,0
6,0,6,0
0,2,2,2
0,18,18,1
2,0,2,0
0,223,223,19
2,0,2,0
5,0,5,0
0,9,9,30
5,0,5,0
4,0,4,0
4,0,4,0
4,0,4,0
4,0,4,0
0,1,1,0
0,1,1,0
1,0,1,0
118,0,118,0
0,1,1,2
2,0,2,0
0,1,1,10
0,3,3,46
8,0,8,0
37,0,37,0
6,0,6,0
1,0,1,0
13,0,13,0
2,0,2,0
31,0,31,0
0,3,3,5
0,4,4,14
4,0,4,0
3,0,3,0
1,0,1,0
3,0,3,0
1,0,1,0
2,0,2,0
2,0,2,0
3,0,3,0
3,0,3,0
1,0,1,0
2,0,2,0
0,24,24,35
0,35,35,18
6,0,6,0
0,1,1,39
30,0,30,0
1,0,1,0
1,0,1,0
1,0,1,0
0,10,10,21
8,0,8,0
8,0,8,0
0,9,9,0
1,0,1,0
7,0,7,0
0,21,21,26
0,4,4,104
8,0,8,0
1,0,1,0
5,0,5,0
2,0,2,0
2,0,2,0
0,1,1,50
4,0,4,0
4,0,4,0
4,0,4,0
0,10,10,12
1,0,1,0
2,0,2,0
0,5,5,2
3,0,3,0
6,0,6,0
1,0,1,0
0,18,18,88
0,1,1,18
1,0,1,0
4,0,4,0
2,0,2,0
8,0,8,0
6,0,6,0
1,0,1,0
3,0,3,0
1,0,1,0
3,0,3,0
2,0,2,0
1,0,1,0
2,0,2,0
1,0,1,0
4,0,4,0
4,0,4,0
2,0,2,0
0,17,17,11
3,0,3,0
0,20,20,4
1,0,1,0
2,0,2,0
1,0,1,0
6,0,6,0
1,0,1,0
4,0,4,0
0,78,78,23
3,0,3,0
4,0,4,0
0,20,20,13
1,0,1,0
0,2,2,1
3,0,3,0
6,0,6,0
3,0,3,0
5,0,5,0
2,0,2,0
19,0,19,0
1,0,1,0
2,0,2,0
2,0,2,0
1,0,1,0
0,4,4,4
15,0,15,0
0,3,3,1
2,0,2,0
2,0,2,0
0,3,3,5
2,0,2,0
3,0,3,0
0,2,2,49
2,0,2,0
0,6,6,20
2,0,2,0
0,52,52,48
1,0,1,0
5,0,5,0
45,0,45,0
2,0,2,0
1,0,1,0
1,0,1,0
0,1,1,86
0,6,6,0
0,1,1,8
1,0,1,0
1,0,1,0
0,9,9,14
2,0,2,0
0,38,38,21
1,0,1,0
3,0,3,0
0,7,7,16
3,0,3,0
0,1,1,8
1,0,1,0
2,0,2,0
1,0,1,0
9,0,9,0
2,0,2,0
0,48,48,8
2,0,2,0
4,0,4,0
0,1,1,5
0,9,9,2
0,12,12,0
2,0,2,0
17,0,17,0
1,0,1,0
3,0,3,0
8,0,8,0
1,0,1,0
0,3,3,61
1,0,1,0
5,0,5,0
0,8,8,26
2,0,2,0
5,0,5,0
9,0,9,0
2,0,2,0
7,0,7,0
0,1,1,28
1,0,1,0
1,0,1,0
1,0,1,0
0,6,6,50
4,0,4,0
2,0,2,0
5,0,5,0
3,0,3,0
2,0,2,0
4,0,4,0
0,17,17,58
10,0,10,0
2,0,2,0
4,0,4,0
2,0,2,0
1,0,1,0
1,0,1,0
2,0,2,0
1,0,1,0
1,0,1,0
0,20,20,27
4,0,4,0
3,0,3,0
3,0,3,0
2,0,2,0
3,0,3,0
1,0,1,0
14,0,14,0
5,0,5,0
1,0,1,0
0,50,50,2
1,0,1,0
7,0,7,0
3,0,3,0
24,0,24,0
1,0,1,0
0,9,9,12
1,0,1,0
3,0,3,0
0,47,47,89
6,0,6,0
1,0,1,0
0,4,4,54
1,0,1,0
1,0,1,0
0,9,9,5
50,0,50,0
4,0,4,0
20,0,20,0
2,0,2,0
2,0,2,0
52,0,52,0
5,0,5,0
6,0,6,0
3,0,3,0
15,0,15,0
1,0,1,0
0,40,40,2
0,13,13,57
1,0,1,0
3,0,3,0
0,1,1,1
1,0,1,0
0,22,22,18
2,0,2,0
0,1,1,4
0,2,2,62
1,0,1,0
10,0,10,0
1,0,1,0
15,0,15,0
1,0,1,0
1,0,1,0
7,0,7,0
0,2,2,41
1,0,1,0
0,1,1,71
1,0,1,0
0,6,6,10
1,0,1,0
0,3,3,6
0,3,3,6
1,0,1,0
0,4,4,3
4,0,4,0
0,32,32,33
1,0,1,0
0,4,4,0
1,0,1,0
1,0,1,0
13,0,13,0
10,0,10,0
1,0,1,0
13,0,13,0
0,4,4,0
8,0,8,0
4,0,4,0
3,0,3,0
2,0,2,0
1,0,1,0
1,0,1,0
1,0,1,0
2,0,2,0
1,0,1,0
2,0,2,0
1,0,1,0
9,0,9,0
2,0,2,0
0,10,10,7
0,5,5,12
0,4,4,4
2,0,2,0
1,0,1,0
1,0,1,0
10,0,10,0
3,0,3,0
40,0,40,0
2,0,2,0
0,1,1,0
0,1,1,3
0,2,2,2
1,0,1,0
0,1,1,8
5,0,5,0
2,0,2,0
1,0,1,0
39,0,39,0
3,0,3,0
2,0,2,0
2,0,2,0
1,0,1,0
4,0,4,0
0,11,11,27
1,0,1,0
4,0,4,0
6,0,6,0
0,4,4,4
6,0,6,0
8,0,8,0
2,0,2,0
4,0,4,0
65,0,65,0
14,0,14,0
0,8,8,40
9,0,9,0
7,0,7,0
1,0,1,0
1,0,1,0
1,0,1,0
7,0,7,0
1,0,1,0
0,67,67,126
1,0,1,0
7,0,7,0
0,4,4,0
0,6,6,16
1,0,1,0
2,0,2,0
1,0,1,0
1,0,1,0
1,0,1,0
1,0,1,0
10,0,10,0
24,0,24,0
0,2,2,13
1,0,1,0
0,24,24,39
21,0,21,0
2,0,2,0
2,0,2,0
2,0,2,0
8,0,8,0
8,0,8,0
2,0,2,0
13,0,13,0
5,0,5,0
0,1,1,4
1,0,1,0
23,0,23,0
5,0,5,0
2,0,2,0
2,0,2,0
1,0,1,0
2,0,2,0
3,0,3,0
0,1,1,0
0,1,1,0
0,2,2,22
15,0,15,0
2,0,2,0
1,0,1,0
4,0,4,0
1,0,1,0
2,0,2,0
1,0,1,0
0,2,2,15
3,0,3,0
0,2,2,0
1,0,1,0
0,1,1,0
0,24,24,7
1,0,1,0
3,0,3,0
1,0,1,0
3,0,3,0
8,0,8,0
2,0,2,0
2,0,2,0
10,0,10,0
1,0,1,0
3,0,3,0
7,0,7,0
0,1,1,2
0,1,1,72
5,0,5,0
3,0,3,0
3,0,3,0
0,9,9,8
3,0,3,0
3,0,3,0
0,5,5,28
3,0,3,0
0,44,44,198
6,0,6,0
3,0,3,0
4,0,4,0
1,0,1,0
0,5,5,2
0,69,69,13
0,33,33,4
23,0,23,0
2,0,2,0
2,0,2,0
2,0,2,0
17,0,17,0
2,0,2,0
1,0,1,0
2,0,2,0
20,0,20,0
0,2,2,0
7,0,7,0
0,5,5,5
6,0,6,0
19,0,19,0
0,1,1,8
1,0,1,0
0,3,3,47
3,0,3,0
8,0,8,0
9,0,9,0
0,4,4,8
1,0,1,0
1,0,1,0
1,0,1,0
33,0,33,0
1,0,1,0
0,40,40,32
0,8,8,13
1,0,1,0
2,0,2,0
7,0,7,0
1,0,1,0
2,0,2,0
2,0,2,0
6,0,6,0
0,1,1,17
1,0,1,0
2,0,2,0
2,0,2,0
1,0,1,0
7,0,7,0
0,39,39,11
6,0,6,0
2,0,2,0
0,13,13,39
8,0,8,0
5,0,5,0
1,0,1,0
0,5,5,10
2,0,2,0
0,9,9,23
0,13,13,4
0,3,3,10
2,0,2,0
1,0,1,0
1,0,1,0
6,0,6,0
1,0,1,9
0,5,5,38
0,1,1,3
3,0,3,0
1,0,1,0
7,0,7,0
6,0,6,0
3,0,3,0
12,0,12,0
3,0,3,0
7,0,7,0
0,27,27,41
4,0,4,0
22,0,22,0
1,0,1,0
13,0,13,0
0,4,4,57
2,0,2,0
0,7,7,22
3,0,3,0
2,0,2,0
4,0,4,0
2,0,2,0
6,0,6,0
1,0,1,0
1,0,1,0
0,9,9,24
4,0,4,0
2,0,2,0
2,0,2,0
1,0,1,0
2,0,2,0
1,0,1,0
0,2,2,40
1,0,1,0
1,0,1,0
0,24,24,3
8,0,8,0
4,0,4,0
2,0,2,0
1,0,1,0
1,82,83,40
1,0,1,0
1,0,1,0
6,0,6,0
0,9,9,0
3,0,3,0
1,0,1,0
0,6,6,5
4,0,4,0
0,3,3,9
14,0,14,0
2,0,2,0
0,18,18,4
2,0,2,0
24,0,24,0
1,0,1,0
2,0,2,0
1,0,1,0
1,0,1,0
3,0,3,0
0,2,2,14
1,0,1,0
4,0,4,0
1,0,1,0
0,5,5,3
0,17,17,3
4,0,4,0
11,0,11,0
0,1,1,4
12,0,12,0
6,0,6,0
0,1,1,7
1,0,1,0
1,0,1,0
3,0,3,0
0,29,29,1
3,0,3,0
0,3,3,8
2,0,2,0
1,0,1,0
38,0,38,0
0,1,1,6
2,0,2,0
4,0,4,0
1,0,1,0
0,2,2,28
1,0,1,0
0,5,5,2
1,0,1,0
0,7,7,27
4,0,4,0
0,5,5,9
6,0,6,0
15,0,15,0
15,0,15,0
1,0,1,0
2,0,2,0
1,0,1,0
1,0,1,0
1,0,1,0
4,0,4,0
1,0,1,0
0,36,36,79
14,0,14,0
1,0,1,0
2,0,2,0
0,2,2,5
75,0,75,0
0,1,1,0
3,0,3,0
0,24,24,31
2,0,2,0
0,32,32,3
1,0,1,0
1,0,1,0
6,0,6,0
5,0,5,0
1,0,1,0
1,0,1,0
0,47,47,15
9,0,9,0
1,0,1,0
1,0,1,0
0,3,3,35
3,0,3,0
8,0,8,0
3,0,3,0
0,3,3,1
2,0,2,0
1,0,1,0
1,0,1,0
2,0,2,0
3,0,3,0
0,9,9,27
1,0,1,0
0,1,1,8
1,0,1,0
0,4,4,25
1,0,1,0
10,0,10,0
0,1,1,34
11,0,11,0
4,0,4,0
4,0,4,0
4,0,4,0
0,2,2,12
6,0,6,0
19,0,19,0
0,4,4,8
0,23,23,5
5,0,5,0
10,0,10,0
2,0,2,0
1,0,1,0
9,0,9,0
2,0,2,0
3,0,3,0
2,0,2,0
7,0,7,0
4,0,4,0
0,3,3,6
5,0,5,0
2,0,2,0
0,19,19,202
1,0,1,0
3,0,3,0
1,0,1,0
1,0,1,0
0,8,8,30
7,0,7,0
2,0,2,0
1,0,1,0
8,0,8,0
0,60,60,4
1,0,1,0
3,0,3,0
0,2,2,28
6,0,6,0
0,1,1,0
4,0,4,0
4,0,4,0
4,0,4,0
9,0,9,0
1,0,1,0
1,0,1,0
10,0,10,0
3,0,3,0
1,0,1,0
5,0,5,0
2,0,2,0
1,0,1,0
0,123,123,28
36,0,36,0
2,0,2,0
0,3,3,3
0,11,11,6
0,3,3,66
1,0,1,0
2,0,2,0
0,4,4,1
1,0,1,0
0,51,51,12
7,0,7,0
3,0,3,0
0,4,4,5
5,0,5,0
0,1,1,18
1,0,1,0
4,0,4,0
2,0,2,0
50,0,50,0
0,5,5,69
1,0,1,0
1,0,1,0
7,0,7,0
13,0,13,0
1,0,1,0
7,0,7,0
1,0,1,0
1,0,1,0
6,0,6,0
4,0,4,0
1,0,1,0
4,0,4,0
0,1,1,3
2,0,2,0
4,0,4,0
3,0,3,0
2,0,2,0
4,0,4,0
2,0,2,0
1,0,1,0
0,3,3,1
1,0,1,0
36,0,36,0
44,0,44,0
2,0,2,0
0,16,16,3
13,0,13,0
0,1,1,0
2,0,2,0
2,0,2,0
8,0,8,0
0,62,62,2
2,0,2,0
1,0,1,0
0,38,38,18
1,0,1,0
0,9,9,4
13,0,13,0
7,0,7,0
1,0,1,0
0,14,14,48
5,0,5,0
0,1,1,21
0,2,2,0
0,1,1,14
1,0,1,0
0,2,2,2
2,0,2,0
5,0,5,0
16,0,16,0
0,8,8,48
0,1,1,38
2,0,2,0
6,0,6,0
4,0,4,0
3,0,3,0
2,0,2,0
0,9,9,24
5,0,5,0
1,0,1,0
7,0,7,0
1,0,1,0
0,1,1,15
1,0,1,0
6,0,6,0
1,0,1,0
0,5,5,1
0,3,3,0
1,0,1,0
1,0,1,0
4,0,4,0
18,0,18,0
8,0,8,0
0,19,19,7
1,0,1,0
2,0,2,0
1,0,1,0
1,0,1,0
0,27,27,23
7,0,7,0
1,0,1,0
6,0,6,0
15,0,15,0
1,0,1,0
3,0,3,0
0,12,12,57
5,0,5,0
1,0,1,0
5,0,5,0
1,0,1,0
6,0,6,0
29,0,29,0
4,0,4,0
15,0,15,0
0,24,24,4
3,0,3,0
2,0,2,0
1,0,1,0
0,6,6,3
10,0,10,0
1,0,1,0
4,0,4,0
6,0,6,0
0,1,1,2
0,1,1,7
0,53,53,14
4,0,4,0
1,0,1,0
2,0,2,0
3,0,3,0
8,0,8,0
1,0,1,0
5,0,5,0
0,2,2,4
0,6,6,2
4,0,4,0
0,7,7,26
1,0,1,0
0,2,2,14
2,0,2,0
4,0,4,0
1,0,1,0
0,2,2,18
8,0,8,0
0,77,77,45
17,0,17,0
0,3,3,6
2,0,2,0
2,0,2,0
2,0,2,0
8,0,8,0
14,0,14,0
2,0,2,0
5,0,5,0
3,0,3,0
0,3,3,2
3,0,3,0
2,0,2,0
5,0,5,0
9,0,9,0
1,0,1,0
0,14,14,50
0,4,4,24
0,1,1,4
0,3,3,4
3,0,3,0
2,0,2,0
1,0,1,0
2,0,2,0
6,0,6,0
0,7,7,30
0,1,1,58
0,6,6,320
2,0,2,0
1,0,1,0
1,0,1,0
12,0,12,0
0,1,1,5
15,0,15,0
4,0,4,0
0,7,7,0
3,0,3,0
1,0,1,0
6,0,6,0
1,0,1,0
4,0,4,0
2,0,2,0
1,0,1,0
0,3,3,22
2,0,2,0
16,0,16,0
4,0,4,0
6,0,6,0
0,3,3,35
1,0,1,0
4,0,4,0
1,0,1,0
1,0,1,0
3,0,3,0
2,0,2,0
1,0,1,0
1,0,1,0
17,0,17,0
13,0,13,0
1,0,1,0
1,0,1,0
3,0,3,0
9,0,9,0
1,0,1,0
1,0,1,0
2,0,2,21
6,0,6,0
1,0,1,0
5,0,5,0
1,0,1,0
1,0,1,0
0,5,5,69
4,0,4,0
0,4,4,6
2,0,2,0
11,0,11,0
1,0,1,0
2,0,2,0
0,7,7,6
3,0,3,0
4,0,4,0
19,0,19,0
2,0,2,0
2,0,2,0
2,0,2,0
0,9,9,15
0,4,4,15
0,3,3,8
1,0,1,0
0,1,1,0
1,0,1,0
2,0,2,0
0,2,2,2
2,0,2,0
2,0,2,0
1,0,1,0
0,4,4,46
27,0,27,0
5,0,5,0
21,0,21,0
3,0,3,0
5,0,5,0
4,0,4,0
7,0,7,0
2,0,2,0
2,0,2,0
3,0,3,0
0,10,10,26
4,0,4,0
5,0,5,0
10,0,10,0
0,2,2,0
0,7,7,18
1,0,1,0
7,0,7,0
1,0,1,0
3,0,3,0
1,0,1,0
1,0,1,0
2,0,2,0
1,0,1,0
4,0,4,0
0,5,5,1
0,1,1,3
2,0,2,0
0,1,1,1
0,24,24,0
23,0,23,0
0,15,15,18
7,0,7,0
11,0,11,0
2,0,2,0
0,3,3,10
2,0,2,0
1,0,1,0
0,2,2,6
1,0,1,0
2,0,2,0
0,5,5,8
1,0,1,0
4,0,4,0
0,5,5,2
3,0,3,0
4,0,4,0
0,3,3,17
5,0,5,0
0,5,5,5
2,0,2,0
2,0,2,0
1,0,1,0
0,3,3,1
1,0,1,0
0,11,11,9
0,15,15,1
2,0,2,0
0,7,7,9
2,0,2,0
2,0,2,0
1,0,1,0
0,4,4,6
1,0,1,0
1,0,1,0
0,83,83,17
12,0,12,0
3,0,3,0
1,0,1,0
8,0,8,0
1,0,1,0
8,0,8,0
4,0,4,0
6,0,6,0
2,0,2,0
0,20,20,0
3,0,3,0
1,0,1,0
3,0,3,0
6,0,6,0
0,1,1,0
1,0,1,0
2,0,2,0
2,0,2,0
1,0,1,0
10,0,10,0
1,0,1,0
3,0,3,0
0,10,10,5
11,0,11,0
1,0,1,0
0,2,2,9
0,1,1,0
0,12,12,17
2,0,2,0
13,0,13,0
1,0,1,0
1,0,1,0
6,0,6,0
4,0,4,0
4,0,4,0
4,0,4,0
1,0,1,0
1,0,1,0
1,0,1,0
1,0,1,0
3,0,3,0
1,0,1,0
2,0,2,0
1,0,1,0
4,0,4,0
0,6,6,2
2,0,2,0
2,0,2,0
2,0,2,0
13,0,13,0
0,8,8,5
0,3,3,12
2,0,2,0
0,1,1,1
0,8,8,11
1,0,1,0
0,6,6,7
9,0,9,0
2,0,2,0
3,0,3,0
1,0,1,0
1,0,1,0
5,0,5,0
4,0,4,0
2,0,2,0
1,0,1,0
11,0,11,0
11,0,11,0
6,0,6,0
27,0,27,0
6,0,6,0
1,0,1,0
1,0,1,0
0,1,1,0
1,0,1,0
2,0,2,0
1,0,1,0
7,0,7,0
7,0,7,0
5,0,5,0
0,1,1,4
1,0,1,0
0,1,1,69
5,0,5,0
6,0,6,0
2,0,2,0
2,0,2,0
0,1,1,0
7,0,7,0
0,9,9,5
2,0,2,0
0,1,1,47
23,0,23,0
3,0,3,0
0,3,3,0
5,0,5,0
12,0,12,0
16,0,16,0
2,0,2,0
5,0,5,0
3,0,3,0
1,0,1,0
0,1,1,0
2,0,2,0
2,0,2,0
3,0,3,0
1,0,1,0
0,3,3,26
1,0,1,0
1,0,1,0
0,11,11,7
9,0,9,0
1,0,1,0
0,1,1,1
0,3,3,3
1,0,1,0
0,2,2,62
4,0,4,0
0,1,1,4
2,0,2,0
0,1,1,1
6,0,6,0
4,0,4,0
3,0,3,0
1,0,1,0
0,3,3,4
5,0,5,0
7,0,7,0
2,0,2,0
2,0,2,0
6,0,6,0
0,3,3,84
0,6,6,9
0,9,9,1
0,1,1,13
1,0,1,0
1,0,1,0
2,0,2,0
97,0,97,0
18,0,18,0
5,0,5,0
1,0,1,0
1,0,1,0
5,0,5,0
0,6,6,30
1,0,1,0
2,0,2,0
0,3,3,4
0,8,8,47
2,0,2,0
0,4,4,37
8,0,8,0
2,0,2,0
1,0,1,0
1,0,1,0
6,0,6,0
1,0,1,0
3,0,3,0
1,0,1,0
0,3,3,7
0,60,60,16
3,0,3,0
3,0,3,0
13,0,13,0
10,0,10,0
0,1,1,9
19,0,19,0
2,0,2,0
2,0,2,0
1,0,1,0
1,0,1,0
1,0,1,0
1,0,1,0
1,0,1,0
3,0,3,0
4,0,4,0
6,0,6,0
1,0,1,0
6,0,6,0
1,0,1,0
3,0,3,0
3,0,3,0
1,0,1,0
3,0,3,0
0,4,4,2
2,0,2,0
0,19,19,18
0,50,50,29
0,1,1,16
4,0,4,0
4,0,4,0
0,10,10,16
4,0,4,0
0,6,6,48
0,6,6,21
6,0,6,0
4,0,4,0
1,0,1,0
2,0,2,0
3,0,3,0
0,3,3,52
12,0,12,0
0,69,69,23
30,0,30,0
0,6,6,6
2,0,2,0
0,8,8,0
0,4,4,3
2,0,2,0
1,0,1,0
3,0,3,0
0,2,2,1
3,0,3,0
1,0,1,0
41,0,41,0
1,0,1,0
1,0,1,0
5,0,5,0
1,0,1,0
0,3,3,3
7,0,7,0
1,0,1,0
4,0,4,0
2,0,2,0
0,50,50,48
0,1,1,11
0,1,1,59
0,4,4,46
0,1,1,34
0,21,21,2
0,14,14,69
25,0,25,0
9,0,9,0
6,0,6,0
2,0,2,0
0,1,1,6
12,0,12,0
0,2,2,2
7,0,7,0
2,0,2,0
0,9,9,0
10,0,10,0
2,0,2,0
3,0,3,0
1,0,1,0
0,8,8,1
10,0,10,0
2,0,2,0
1,0,1,0
6,0,6,0
1,0,1,0
3,0,3,0
21,0,21,0
2,0,2,0
0,5,5,5
2,0,2,0
1,0,1,0
1,0,1,0
6,0,6,0
3,0,3,0
1,0,1,0
0,9,9,20
2,0,2,0
10,0,10,0
0,5,5,1
6,0,6,0
1,0,1,0
0,1,1,119
3,0,3,0
3,0,3,0
2,0,2,0
0,34,34,22
0,12,12,9
0,20,20,23
24,0,24,0
1,0,1,0
0,1,1,27
1,0,1,0
7,0,7,0
0,11,11,16
7,0,7,0
2,0,2,0
1,0,1,0
3,0,3,0
6,0,6,0
2,0,2,0
0,11,11,18
1,0,1,0
1,0,1,0
4,0,4,0
3,0,3,0
0,39,39,4
6,0,6,0
0,11,11,20
1,0,1,0
1,0,1,0
11,0,11,0
0,2,2,5
1,0,1,0
16,0,16,0
4,0,4,0
1,0,1,0
1,0,1,0
0,2,2,5
0,1,1,0
1,0,1,0
0,1,1,4
0,8,8,9
5,0,5,0
3,0,3,0
1,0,1,0
0,30,30,9
1,0,1,0
6,0,6,0
0,18,18,63
2,0,2,0
1,0,1,0
7,0,7,0
1,0,1,0
1,0,1,0
16,0,16,0
0,2,2,18
8,0,8,0
13,0,13,0
2,0,2,0
1,0,1,0
1,0,1,0
5,0,5,0
3,0,3,0
1,0,1,0
0,12,12,5
0,7,7,26
13,0,13,0
2,0,2,0
9,0,9,0
3,0,3,0
2,0,2,0
1,0,1,0
0,28,28,10
0,3,3,6
6,0,6,0
30,0,30,0
0,16,16,2
3,0,3,0
0,1,1,1
8,0,8,0
2,0,2,0
0,6,6,39
0,15,15,37
20,0,20,0
43,0,43,0
5,0,5,0
0,3,3,50
0,6,6,51
2,0,2,0
2,0,2,0
1,0,1,0
2,0,2,0
2,0,2,0
12,0,12,0
2,0,2,0
1,0,1,0
6,0,6,0
1,0,1,0
3,0,3,0
1,0,1,0
2,0,2,0
1,0,1,0
0,1,1,0
2,0,2,0
10,0,10,0
6,0,6,0
7,0,7,0
3,0,3,0
0,11,11,89
2,0,2,0
0,3,3,9
8,0,8,0
3,0,3,0
3,0,3,0
0,4,4,47
2,0,2,0
4,0,4,0
15,0,15,0
1,0,1,0
0,9,9,3
1,0,1,0
1,0,1,0
1,0,1,0
1,0,1,0
1,0,1,0
3,0,3,0
0,2,2,1
1,0,1,0
8,0,8,0
1,0,1,0
5,0,5,0
0,9,9,14
10,0,10,0
1,0,1,0
1,0,1,0
1,0,1,0
5,0,5,0
4,0,4,0
0,2,2,5
2,0,2,0
0,1,1,8
2,0,2,0
2,0,2,0
1,0,1,0
2,0,2,0
3,0,3,0
0,18,18,54
2,0,2,0
1,0,1,0
1,0,1,0
0,59,59,1
7,0,7,0
2,0,2,0
1,0,1,0
0,4,4,29
2,0,2,0
0,1,1,7
2,18,20,4
1,0,1,0
1,0,1,0
1,0,1,0
1,0,1,0
3,0,3,0
3,0,3,0
1,0,1,0
1,0,1,0
19,0,19,0
0,20,20,18
6,0,6,0
1,0,1,0
0,14,14,0
14,0,14,0
23,0,23,0
0,3,3,0
0,11,11,52
3,0,3,0
0,1,1,14
2,0,2,0
1,0,1,0
0,1,1,1
2,0,2,0
2,0,2,0
1,0,1,0
0,2,2,10
14,0,14,0
0,4,4,2
0,9,9,5
0,7,7,16
14,0,14,0
1,0,1,0
2,0,2,0
0,1,1,0
0,1,1,0
1,0,1,0
6,0,6,0
0,2,2,41
0,8,8,20
6,0,6,0
2,0,2,0
0,14,14,3
1,0,1,0
0,5,5,4
7,0,7,0
0,16,16,1
11,0,11,0
8,0,8,0
2,0,2,0
3,0,3,0
2,0,2,0
0,3,3,2
0,4,4,31
1,0,1,0
5,0,5,0
1,0,1,0
1,0,1,0
2,0,2,0
2,0,2,0
0,12,12,50
5,0,5,0
0,18,18,16
1,0,1,0
2,0,2,0
3,0,3,0
2,0,2,0
2,0,2,0
2,0,2,0
2,0,2,0
1,0,1,0
7,0,7,0
0,12,12,0
0,7,7,1
1,0,1,0
8,0,8,0
10,0,10,0
1,0,1,0
3,0,3,0
1,0,1,0
4,0,4,0
16,0,16,0
1,0,1,0
0,2,2,12
1,0,1,0
0,2,2,3
32,0,32,0
3,0,3,0
1,0,1,0
0,1,1,26
3,0,3,0
1,0,1,0
1,0,1,0
3,0,3,0
3,0,3,0
0,1,1,46
2,0,2,0
25,0,25,0
3,0,3,0
1,0,1,0
5,0,5,0
0,1,1,47
2,0,2,0
6,0,6,0
1,0,1,0
0,12,12,28
1,0,1,0
1,0,1,0
4,0,4,0
10,0,10,0
4,0,4,0
3,0,3,0
2,0,2,0
0,12,12,7
1,0,1,0
2,0,2,0
2,0,2,0
2,0,2,0
4,0,4,0
3,0,3,0
2,0,2,0
1,0,1,0
29,0,29,0
1,0,1,0
2,0,2,0
1,0,1,0
1,0,1,0
1,0,1,0
3,0,3,0
0,3,3,8
1,0,1,0
1,0,1,0
0,39,39,60
5,0,5,0
0,35,35,1
0,2,2,5
3,0,3,0
0,4,4,7
2,0,2,0
0,8,8,0
0,51,51,16
9,0,9,0
1,0,1,0
1,0,1,0
1,0,1,0
2,0,2,0
2,0,2,0
18,0,18,0
0,3,3,4
0,3,3,39
3,0,3,0
1,0,1,0
4,0,4,0
9,0,9,0
300,0,300,0
0,6,6,2
3,0,3,0
1,0,1,0
0,3,3,30
1,0,1,0
3,0,3,0
0,5,5,1
2,0,2,0
9,0,9,0
4,0,4,0
1,0,1,0
1,0,1,0
0,3,3,0
1,0,1,0
1,0,1,0
16,0,16,0
1,0,1,0
2,0,2,0
0,3,3,311
1,0,1,0
2,0,2,0
0,101,101,33
3,0,3,0
120,0,120,0
1,0,1,0
3,0,3,0
1,0,1,0
2,0,2,0
6,0,6,0
3,0,3,0
1,0,1,0
0,3,3,10
20,0,20,0
1,0,1,0
35,0,35,0
1,0,1,0
2,0,2,0
0,1,1,0
3,0,3,0
1,0,1,0
1,0,1,0
0,7,7,1
3,0,3,0
0,1,1,161
1,0,1,0
2,0,2,0
4,0,4,0
1,0,1,0
0,1,1,0
5,0,5,0
3,0,3,0
1,0,1,0
0,13,13,17
8,0,8,0
5,0,5,0
4,0,4,0
1,0,1,0
15,0,15,0
1,0,1,0
9,0,9,0
0,1,1,8
11,0,11,0
2,0,2,0
0,4,4,50
1,0,1,0
0,5,5,2
2,0,2,0
1,0,1,0
2,0,2,0
3,0,3,0
36,0,36,0
0,44,44,2
1,0,1,0
4,0,4,0
11,0,11,0
0,4,4,3
1,0,1,0
2,0,2,0
12,0,12,0
6,0,6,0
0,9,9,14
1,0,1,0
1,0,1,0
2,0,2,0
2,0,2,0
0,3,3,12
6,0,6,0
1,0,1,0
4,0,4,0
2,0,2,0
1,0,1,0
1,0,1,0
2,0,2,0
1,0,1,0
0,6,6,5
1,0,1,0
0,3,3,2
1,0,1,0
17,0,17,0
5,0,5,0
1,0,1,0
6,0,6,0
3,0,3,0
1,0,1,0
0,2,2,0
7,0,7,0
5,0,5,0
0,4,4,62
21,0,21,0
3,0,3,0
5,0,5,0
17,0,17,0
13,0,13,0
2,0,2,0
0,10,10,3
0,20,20,38
7,0,7,0
0,5,5,0
9,0,9,0
6,0,6,0
0,28,28,29
6,0,6,0
0,1,1,3
1,0,1,0
11,0,11,0
5,0,5,0
10,0,10,0
28,0,28,0
2,0,2,0
11,0,11,0
1,0,1,0
0,18,18,4
7,0,7,0
4,0,4,0
1,0,1,0
0,5,5,0
3,0,3,0
1,0,1,0
6,0,6,0
0,186,186,1
1,0,1,0
6,0,6,0
0,1,1,8
5,0,5,0
1,0,1,0
1,0,1,0
2,0,2,0
2,0,2,0
3,0,3,0
0,1,1,269
0,2,2,5
2,0,2,0
0,2,2,11
3,0,3,0
2,0,2,0
1,0,1,0
3,0,3,0
0,1,1,19
6,0,6,0
12,0,12,0
1,0,1,0
14,0,14,0
0,5,5,20
4,0,4,0
0,5,5,3
3,0,3,0
4,0,4,0
1,0,1,0
2,0,2,0
1,0,1,0
9,0,9,0
8,0,8,0
0,5,5,3
1,0,1,0
0,20,20,16
7,0,7,0
1,0,1,0
1,0,1,0
1,0,1,0
2,0,2,0
0,2,2,42
3,0,3,0
0,1,1,10
1,0,1,0
25,0,25,0
1,0,1,0
4,0,4,0
7,0,7,0
2,0,2,0
4,0,4,0
0,4,4,35
2,0,2,0
3,0,3,0
23,0,23,0
1,0,1,0
1,0,1,0
2,0,2,0
2,0,2,0
1,0,1,0
1,0,1,0
3,0,3,0
2,0,2,0
0,3,3,13
0,1,1,12
11,0,11,0
0,50,50,10
20,0,20,0
2,0,2,0
0,81,81,11
0,1,1,0
1,0,1,0
0,23,23,21
7,0,7,0
0,10,10,24
12,0,12,0
1,0,1,0
4,0,4,0
3,0,3,0
0,3,3,0
1,0,1,0
10,0,10,0
0,4,4,4
2,0,2,0
2,0,2,0
3,0,3,0
2,0,2,0
0,3,3,119
5,0,5,0
5,0,5,0
0,12,12,0
1,0,1,0
0,774,774,19
686,0,686,0
2,0,2,0
1,0,1,0
1,0,1,0
2,0,2,0
0,3,3,10
3,0,3,0
5,0,5,0
1,0,1,0
1,0,1,0
3,0,3,0
2,0,2,0
5,0,5,0
3,0,3,0
1,0,1,0
10,0,10,0
0,27,27,4
5,0,5,0
1,0,1,0
2,0,2,0
10,0,10,0
2,0,2,0
5,0,5,0
0,12,12,13
0,3,3,4
9,0,9,0
1,0,1,0
4,0,4,0
2,0,2,0
7,0,7,0
0,22,22,208
18,0,18,0
0,2,2,2
2,0,2,0
0,2,2,1
16,0,16,0
4,0,4,0
6,0,6,0
0,5,5,2
3,0,3,0
1,0,1,0
3,0,3,0
1,0,1,0
2,0,2,0
1,0,1,0
1,0,1,0
3,0,3,0
5,0,5,0
4,0,4,0
0,24,24,16
1,0,1,0
5,0,5,0
2,0,2,0
0,4,4,76
2,0,2,0
2,0,2,0
2,0,2,0
0,2,2,1
4,0,4,0
2,0,2,0
0,1,1,50
1,0,1,0
3,0,3,0
1,0,1,0
2,0,2,0
5,0,5,0
2,0,2,0
9,0,9,0
5,0,5,0
2,0,2,0
2,0,2,0
1,0,1,0
1,0,1,0
3,0,3,0
3,0,3,0
1,0,1,0
0,6,6,43
4,0,4,0
11,0,11,0
3,0,3,0
0,2,2,14
0,23,23,54
0,4,4,21
2,0,2,0
0,1,1,0
1,0,1,0
1,0,1,0
1,0,1,0
3,0,3,0
4,0,4,0
1,0,1,0
9,0,9,0
3,0,3,0
0,2,2,6
3,0,3,0
1,0,1,0
0,19,19,25
0,1,1,20
0,49,49,4
0,1,1,2
0,4,4,13
2,0,2,0
3,0,3,0
1,0,1,0
1,0,1,0
4,0,4,0
3,0,3,0
0,11,11,30
1,0,1,0
1,0,1,0
2,0,2,0
3,0,3,0
141,0,141,0
4,0,4,0
1,0,1,0
2,0,2,0
0,43,43,15
15,0,15,0
3,0,3,0
0,1,1,29
1,0,1,0
61,0,61,0
2,0,2,0
1,0,1,0
1,0,1,0
4,0,4,0
6,0,6,0
1,0,1,0
1,0,1,0
0,5,5,8
1,0,1,0
0,9,9,20
8,0,8,0
2,0,2,0
9,0,9,0
1,0,1,0
0,3,3,27
1,0,1,0
2,0,2,0
5,0,5,0
6,0,6,0
0,12,12,11
1,0,1,0
2,0,2,0
0,13,13,7
1,0,1,0
2,0,2,0
1,0,1,0
0,8,8,3
3,0,3,0
0,1,1,0
0,1,1,6
1,0,1,0
0,9,9,4
3,0,3,0
1,0,1,0
5,0,5,0
3,0,3,0
1,0,1,0
1,0,1,0
0,24,24,10
5,0,5,0
2,0,2,0
2,0,2,0
2,0,2,0
0,2,2,0
5,0,5,0
0,14,14,17
5,0,5,0
0,6,6,16
1,0,1,0
1,0,1,0
2,0,2,0
10,0,10,0
3,0,3,0
15,0,15,0
0,2,2,10
1,0,1,0
2,0,2,0
5,0,5,0
1,0,1,0
0,110,110,23
6,0,6,0
0,6,6,7
4,0,4,0
3,0,3,0
2,0,2,0
50,0,50,0
9,0,9,0
0,9,9,49
5,0,5,0
2,0,2,0
3,0,3,0
3,0,3,0
1,0,1,0
2,0,2,0
8,0,8,0
4,0,4,0
1,0,1,0
1,0,1,0
0,1,1,37
6,0,6,0
0,3,3,6
1,0,1,0
5,0,5,0
0,5,5,7
2,0,2,0
0,1,1,3
0,6,6,28
2,0,2,0
1,0,1,0
1,0,1,0
1,0,1,0
0,59,59,88
5,0,5,0
2,0,2,0
3,0,3,0
33,0,33,0
0,10,10,18
0,1,1,4
11,0,11,0
1,0,1,0
5,0,5,0
59,0,59,0
3,0,3,0
1,0,1,0
0,3,3,3
0,11,11,20
2,0,2,0
8,0,8,0
1,0,1,0
67,0,67,0
0,33,33,123
4,0,4,0
0,2,2,51
0,1,1,0
1,0,1,0
3,0,3,0
0,4,4,32
2,0,2,0
4,0,4,0
1,0,1,0
1,0,1,0
2,0,2,0
5,0,5,0
1,0,1,0
1,0,1,0
6,0,6,0
4,0,4,0
19,0,19,0
0,2,2,46
4,0,4,0
8,0,8,0
1,0,1,0
2,0,2,0
2,0,2,0
4,0,4,0
2,0,2,0
0,1,1,1
0,2,2,3
4,0,4,0
0,10,10,61
0,6,6,0
2,0,2,0
13,0,13,0
2,0,2,0
0,4,4,15
1,0,1,0
3,0,3,0
0,7,7,2
1,0,1,0
0,14,14,33
0,3,3,9
4,0,4,0
16,0,16,0
10,0,10,0
1,0,1,0
2,0,2,0
1,0,1,0
0,4,4,0
2,0,2,0
0,4,4,2
4,0,4,0
4,0,4,0
2,0,2,0
2,0,2,0
3,0,3,0
1,0,1,0
1,0,1,0
1,0,1,0
1,0,1,0
4,0,4,0
1,0,1,0
2,0,2,0
0,4,4,1
1,0,1,0
3,0,3,0
4,0,4,0
1,0,1,0
1,0,1,0
0,6,6,0
10,0,10,0
0,20,20,12
2,0,2,0
0,2,2,1
0,8,8,4
1,0,1,0
0,3,3,6
4,0,4,0
0,8,8,3
2,0,2,0
1,0,1,0
3,0,3,0
1,0,1,0
16,0,16,0
5,0,5,0
3,0,3,0
2,0,2,0
3,0,3,0
1,0,1,0
0,7,7,1
9,0,9,0
0,6,6,2
0,5,5,2
13,0,13,55
2,0,2,0
0,8,8,13
0,2,2,32
2,0,2,0
3,0,3,0
0,10,10,12
8,0,8,0
0,1,1,90
0,10,10,1
0,7,7,0
2,0,2,0
0,6,6,2
6,0,6,0
0,137,137,39
4,0,4,0
0,6,6,45
1,0,1,0
0,7,7,3
16,0,16,0
1,0,1,0
0,1,1,3
0,12,12,1
18,0,18,0
4,0,4,0
2,0,2,0
1,0,1,0
3,0,3,0
0,2,2,0
7,0,7,0
7,0,7,0
3,0,3,0
0,2,2,0
1,0,1,0
0,2,2,7
2,0,2,0
6,0,6,0
0,2,2,0
8,0,8,0
0,1,1,1
2,0,2,0
1,0,1,0
10,0,10,0
1,0,1,0
0,1,1,4
9,0,9,0
2,0,2,0
5,0,5,0
0,12,12,16
4,0,4,0
8,0,8,0
30,0,30,0
1,0,1,0
1,0,1,0
2,0,2,0
0,6,6,28
4,0,4,0
1,0,1,0
1,0,1,0
10,0,10,0
1,0,1,0
3,0,3,0
2,0,2,0
1,0,1,0
0,10,10,0
1,0,1,0
0,25,25,105
0,32,32,6
5,0,5,0
1,0,1,0
0,10,10,8
6,0,6,0
3,0,3,0
5,0,5,0
6,0,6,0
1,0,1,0
2,0,2,0
8,0,8,0
1,0,1,0
2,0,2,0
0,1,1,5
1,0,1,0
1,0,1,0
10,0,10,0
0,20,20,7
1,0,1,0
1,0,1,0
0,1,1,6
1,0,1,0
4,0,4,0
4,0,4,0
6,0,6,0
5,0,5,0
1,0,1,0
9,0,9,0
11,0,11,0
1,0,1,0
0,12,12,7
0,1,1,7
2,0,2,0
9,0,9,0
2,0,2,0
4,0,4,0
8,0,8,0
1,0,1,0
1,0,1,0
0,10,10,44
1,0,1,0
7,0,7,0
0,19,19,14
6,0,6,0
2,0,2,0
1,0,1,0
0,17,17,35
1,0,1,0
0,3,3,7
4,0,4,0
5,0,5,0
2,0,2,0
1,0,1,0
18,0,18,0
2,0,2,0
0,3,3,4
1,0,1,0
2,0,2,0
6,0,6,0
1,0,1,0
8,0,8,0
1,0,1,0
2,0,2,0
3,0,3,0
2,0,2,0
4,0,4,0
2,0,2,0
1,0,1,0
1,0,1,0
1,0,1,0
1,0,1,0
0,2,2,2
2,0,2,0
1,0,1,0
1,0,1,0
0,18,18,16
0,2,2,1
3,0,3,0
1,0,1,0
0,1,1,5
1,0,1,0
4,0,4,0
1,0,1,0
2,0,2,0
6,0,6,0
0,1,1,46
4,0,4,0
1,0,1,0
2,0,2,0
1,0,1,0
6,0,6,0
2,0,2,0
4,0,4,0
0,69,69,89
0,6,6,0
1,0,1,0
0,17,17,32
2,0,2,0
7,0,7,0
1,0,1,0
29,0,29,0
1,0,1,0
0,1,1,11
3,0,3,0
2,0,2,0
1,0,1,0
0,3,3,11
3,0,3,0
1,0,1,0
1,0,1,0
1,0,1,0
6,0,6,0
1,0,1,0
2,0,2,0
3,0,3,0
1,0,1,0
1,0,1,0
0,14,14,14
1,0,1,0
0,1,1,2
1,0,1,0
0,1,1,1
1,0,1,0
6,0,6,0
2,0,2,0
56,0,56,0
0,16,16,26
1,0,1,0
0,1,1,21
2,0,2,0
1,0,1,0
3,0,3,0
0,4,4,5
1,0,1,0
3,0,3,0
1,0,1,0
2,0,2,0
6,0,6,0
1,0,1,0
0,1,1,13
5,0,5,0
3,0,3,0
6,0,6,0
0,3,3,118
1,0,1,0
1,0,1,0
1,0,1,0
1,0,1,0
1,0,1,0
5,0,5,0
3,0,3,0
3,0,3,0
2,0,2,0
0,8,8,103
4,0,4,0
0,1,1,33
0,4,4,13
2,0,2,0
0,8,8,3
2,0,2,0
1,0,1,0
1,0,1,0
1,0,1,0
5,0,5,0
0,3,3,8
3,0,3,0
2,0,2,0
1,0,1,0
1,0,1,0
0,8,8,31
0,1,1,2
0,2,2,18
1,0,1,0
0,15,15,3
2,0,2,0
0,1,1,4
2,0,2,0
4,0,4,0
3,0,3,0
5,0,5,0
0,7,7,9
1,0,1,0
12,0,12,0
3,0,3,0
0,1,1,24
1,0,1,0
0,392,392,4
5,0,5,0
1,0,1,0
1,0,1,0
1,0,1,0
10,0,10,0
2,0,2,0
0,4,4,91
2,0,2,0
1,0,1,0
15,0,15,0
1,0,1,0
1,0,1,0
1,0,1,0
2,0,2,0
2,0,2,0
0,5,5,8
4,0,4,0
1,0,1,0
3,0,3,0
1,0,1,0
0,18,18,47
2,0,2,0
4,0,4,0
1,0,1,0
2,0,2,0
1,0,1,0
2,0,2,0
1,0,1,0
5,0,5,0
1,0,1,0
1,0,1,0
1,0,1,0
2,0,2,0
0,4,4,7
8,0,8,0
0,11,11,73
2,0,2,0
2,0,2,0
1,0,1,0
3,0,3,0
0,28,28,0
2,0,2,0
1,0,1,0
1,0,1,0
3,0,3,0
4,0,4,0
1,0,1,0
1,0,1,0
0,2,2,5
0,4,4,1
0,2,2,4
2,0,2,0
1,0,1,0
2,0,2,0
0,4,4,19
3,0,3,0
0,36,36,3
2,0,2,0
0,3,3,3
0,6,6,7
1,0,1,0
6,0,6,0
1,0,1,0
3,0,3,0
0,1,1,7
0,4,4,19
1,0,1,0
3,0,3,0
6,0,6,0
2,0,2,0
4,0,4,0
0,31,31,2
2,0,2,0
1,0,1,0
0,16,16,4
0,7,7,3
0,4,4,6
1,0,1,0
0,2,2,0
0,2,2,1
0,2,2,0
16,0,16,0
1,0,1,0
0,4,4,126
0,30,30,18
1,0,1,0
1,0,1,0
1,0,1,0
1,0,1,0
2,0,2,0
0,24,24,3
14,0,14,0
4,0,4,0
2,0,2,0
0,18,18,0
1,0,1,0
1,0,1,0
0,1,1,14
1,0,1,0
0,1,1,13
6,0,6,0
1,0,1,0
2,0,2,0
1,0,1,0
0,3,3,7
1,0,1,0
1,0,1,0
1,0,1,0
1,0,1,0
0,1,1,18
1,0,1,0
7,0,7,0
5,0,5,0
1,0,1,0
1,0,1,0
0,1,1,14
3,0,3,0
1,0,1,0
1,0,1,0
3,0,3,0
3,0,3,0
1,0,1,0
1,0,1,0
1,0,1,0
3,0,3,0
1,0,1,0
1,0,1,0
0,6,6,9
0,1,1,9
2,0,2,0
2,0,2,0
1,0,1,0
0,7,7,23
3,0,3,0
0,21,21,9
1,0,1,0
0,8,8,14
0,6,6,19
1,0,1,0
0,2,2,8
3,0,3,0
0,2,2,3
1,0,1,0
1,0,1,0
0,3,3,10
0,1,1,1
6,0,6,0
3,0,3,0
0,1,1,52
0,16,16,16
1,0,1,0
5,0,5,0
0,8,8,13
0,1,1,0
1,0,1,0
0,4,4,8
0,28,28,156
1,0,1,0
1,0,1,0
1,0,1,0
1,0,1,0
5,0,5,0
1,0,1,0
15,0,15,0
3,0,3,0
1,0,1,0
2,0,2,0
2,0,2,0
0,2,2,144
0,13,13,3
1,0,1,0
4,0,4,0
1,0,1,0
4,0,4,0
0,2,2,17
6,0,6,0
3,0,3,0
1,0,1,0
4,0,4,0
4,0,4,0
2,0,2,0
3,0,3,0
2,0,2,0
1,0,1,0
1,0,1,0
1,0,1,0
1,0,1,0
20,0,20,0
0,21,21,39
1,0,1,0
6,0,6,0
5,0,5,0
1,0,1,0
1,0,1,0
0,4,4,6
5,0,5,0
0,11,11,20
2,0,2,0
1,0,1,0
1,0,1,0
3,0,3,0
1,0,1,0
1,0,1,0
2,0,2,0
3,0,3,0
1,0,1,0
3,0,3,0
1,0,1,0
0,2,2,8
21,0,21,0
5,0,5,0
1,0,1,0
1,0,1,0
0,3,3,11
1,0,1,0
1,0,1,0
1,0,1,0
0,3,3,15
2,0,2,0
2,0,2,0
9,0,9,0
0,6,6,2
0,3,3,7
4,0,4,0
10,0,10,0
2,0,2,0
1,0,1,0
40,0,40,0
12,0,12,0
22,0,22,0
0,1,1,1
3,0,3,0
1,0,1,0
1,0,1,0
1,0,1,0
1,0,1,0
2,0,2,0
2,0,2,0
0,14,14,1
0,10,10,31
0,5,5,13
2,0,2,0
2,0,2,0
2,0,2,0
1,0,1,0
1,0,1,0
0,1,1,18
1,0,1,0
2,0,2,0
31,0,31,0
1,0,1,0
2,0,2,0
0,1,1,11
1,0,1,0
5,0,5,0
0,32,32,115
65,0,65,0
0,7,7,10
9,0,9,0
1,0,1,0
2,0,2,0
1,0,1,0
5,0,5,0
3,0,3,0
2,0,2,0
3,0,3,0
0,3,3,6
0,29,29,7
1,0,1,0
0,1,1,32
7,0,7,0
1,0,1,0
2,0,2,0
1,0,1,0
2,0,2,0
1,0,1,0
1,0,1,0
1,0,1,0
0,25,25,54
17,0,17,0
0,1,1,39
3,0,3,0
1,0,1,0
1,0,1,0
2,0,2,0
3,0,3,0
5,0,5,0
0,14,14,67
1,0,1,0
1,0,1,0
1,0,1,0
1,0,1,0
0,46,46,4
3,0,3,0
1,0,1,0
5,0,5,0
2,0,2,26
3,0,3,0
1,0,1,0
1,0,1,0
0,46,46,19
2,0,2,0
1,0,1,0
0,1,1,30
1,0,1,0
2,0,2,0
10,0,10,0
4,0,4,0
1,0,1,0
1,0,1,0
3,0,3,0
49,0,49,0
1,0,1,0
3,0,3,0
0,12,12,1
0,101,101,50
2,0,2,0
0,3,3,1
1,0,1,0
1,0,1,0
2,0,2,0
2,0,2,0
3,0,3,0
1,0,1,0
2,0,2,0
8,0,8,0
0,11,11,4
14,0,14,0
1,0,1,0
6,0,6,0
0,2,2,196
1,0,1,0
0,1,1,3
1,0,1,0
1,0,1,0
3,0,3,0
0,1,1,6
5,0,5,0
0,11,11,2
1,0,1,0
1,0,1,0
54,0,54,0
12,0,12,0
4,0,4,0
9,0,9,0
3,0,3,0
1,0,1,0
0,1,1,16
7,0,7,0
13,0,13,0
0,39,39,14
22,0,22,0
2,0,2,0
1,0,1,0
0,1,1,10
1,0,1,0
0,1,1,20
5,0,5,0
17,0,17,0
1,0,1,0
0,2,2,107
2,0,2,0
2,0,2,0
4,0,4,0
0,1,1,1
1,0,1,0
1,0,1,0
4,0,4,0
3,0,3,0
0,1,1,3
6,0,6,0
0,1,1,7
13,0,13,0
3,0,3,0
4,0,4,0
0,1,1,8
1,0,1,0
5,0,5,0
4,0,4,0
45,0,45,0
4,0,4,0
1,0,1,0
3,0,3,0
1,0,1,0
1,0,1,0
3,0,3,0
1,0,1,0
0,2,2,66
0,2,2,9
9,0,9,0
0,5,5,0
7,0,7,0
2,0,2,0
4,0,4,0
1,0,1,0
3,0,3,0
1,0,1,0
0,3,3,0
2,0,2,0
2,0,2,0
1,0,1,0
1,0,1,0
1,0,1,0
0,1,1,4
1,0,1,0
0,10,10,21
0,3,3,7
1,0,1,0
5,0,5,0
0,1,1,62
1,0,1,0
1,0,1,0
1,0,1,0
0,80,80,62
2,0,2,0
1,0,1,0
1,0,1,0
1,0,1,0
1,0,1,0
1,0,1,0
1,0,1,0
1,0,1,0
1,0,1,0
1,0,1,0
1,0,1,0
11,0,11,0
2,0,2,0
4,0,4,0
1,0,1,0
6,0,6,0
0,1,1,23
1,0,1,0
0,1,1,4
2,0,2,0
2,0,2,0
11,0,11,0
2,0,2,0
1,0,1,0
7,0,7,0
12,0,12,0
3,0,3,0
0,2,2,11
2,0,2,0
4,0,4,0
0,5,5,0
2,0,2,0
1,0,1,0
17,0,17,0
1,0,1,0
0,1,1,69
1,0,1,0
3,0,3,0
0,40,40,57
0,1,1,61
1,0,1,0
2,0,2,0
2,0,2,0
3,0,3,0
0,4,4,0
2,0,2,0
0,14,14,64
0,34,34,196
1,0,1,0
3,0,3,0
1,0,1,0
0,6,6,7
2,0,2,0
2,0,2,0
1,0,1,0
1,0,1,0
1,0,1,0
2,0,2,0
1,0,1,0
1,0,1,0
0,68,68,3
0,1,1,90
0,26,26,31
0,1,1,30
1,0,1,0
1,0,1,0
0,12,12,35
0,1,1,0
2,0,2,0
1,0,1,0
1,0,1,0
0,23,23,9
1,0,1,0
4,0,4,0
1,0,1,0
0,63,63,35
2,0,2,0
0,2,2,34
3,0,3,0
2,0,2,0
1,0,1,0
0,1,1,9
0,94,94,10
1,0,1,0
0,1,1,14
1,0,1,0
1,0,1,0
58,0,58,0
0,1,1,19
0,1,1,2
0,8,8,4
1,0,1,0
2,0,2,0
0,1,1,22
3,0,3,0
0,1,1,22
1,0,1,0
2,0,2,0
1,0,1,0
0,1,1,173
1,0,1,0
1,0,1,0
1,0,1,0
1,0,1,0
0,1,1,1
0,4,4,4
1,0,1,0
0,72,72,15
5,0,5,0
2,0,2,0
0,5,5,0
2,0,2,0
1,0,1,0
4,0,4,0
1,0,1,0
19,0,19,0
1,0,1,0
0,2,2,43
0,2,2,22
4,0,4,0
1,0,1,0
37,0,37,0
0,12,12,8
1,0,1,0
6,0,6,0
0,1,1,8
1,0,1,0
8,0,8,0
1,0,1,0
1,0,1,0
2,0,2,0
1,0,1,0
0,1,1,2
0,1,1,9
1,0,1,0
0,2,2,39
1,0,1,0
1,0,1,0
1,0,1,0
3,0,3,0
0,42,42,3
14,0,14,0
0,41,41,27
2,0,2,0
2,0,2,0
1,0,1,0
1,0,1,0
1,0,1,0
18,0,18,0
3,0,3,0
1,0,1,0
8,0,8,0
1,0,1,0
0,1,1,11
1,0,1,0
1,0,1,0
2,0,2,0
1,0,1,0
2,0,2,0
2,0,2,0
4,0,4,0
2,0,2,0
1,0,1,0
2,0,2,0
1,0,1,0
0,27,27,12
1,0,1,0
3,0,3,0
0,11,11,3
3,0,3,0
1,0,1,0
34,0,34,0
1,0,1,0
1,0,1,0
2,0,2,0
3,0,3,0
6,0,6,0
2,0,2,0
0,5,5,1
0,37,37,21
14,0,14,0
1,0,1,0
1,0,1,0
3,0,3,0
5,0,5,0
21,0,21,0
2,0,2,0
3,0,3,0
1,0,1,0
3,0,3,0
2,0,2,0
3,0,3,0
0,13,13,10
2,0,2,0
0,1,1,1
0,1,1,19
1,0,1,0
3,0,3,0
1,0,1,0
0,25,25,9
1,0,1,0
5,0,5,0
1,0,1,0
1,0,1,0
0,2,2,6
1,0,1,0
5,0,5,0
1,0,1,0
1,0,1,0
5,0,5,0
1,0,1,0
1,0,1,0
2,0,2,0
1,0,1,0
2,0,2,0
2,0,2,0
4,0,4,0
1,0,1,0
1,0,1,0
1,0,1,0
2,0,2,0
0,1,1,2
0,6,6,10
2,0,2,0
4,0,4,0
0,19,19,6
0,1,1,14
1,0,1,0
0,1,1,2
1,0,1,0
1,0,1,0
1,0,1,0
6,0,6,0
2,0,2,0
1,0,1,0
1,0,1,0
2,0,2,0
1,0,1,0
3,0,3,0
1,0,1,0
0,2,2,1
5,0,5,0
5,0,5,0
2,0,2,0
0,3,3,1
5,0,5,0
0,3,3,86
1,0,1,0
1,0,1,0
0,1,1,13
4,0,4,0
0,1,1,1
0,8,8,0
3,0,3,0
1,0,1,0
2,0,2,0
1,0,1,0
1,0,1,0
1,0,1,0
1,0,1,0
1,0,1,0
0,3,3,14
1,0,1,0
0,3,3,1
3,0,3,0
1,0,1,0
10,0,10,0
1,0,1,0
1,0,1,0
1,0,1,0
2,0,2,0
0,2,2,13
1,0,1,0
1,0,1,0
0,11,11,20
7,0,7,0
5,0,5,0
2,0,2,0
0,4,4,28
6,0,6,0
1,0,1,0
0,2,2,13
5,0,5,0
2,0,2,0
1,0,1,0
0,1,1,21
1,0,1,0
1,0,1,0
2,0,2,0
1,0,1,0
1,0,1,0
2,0,2,0
1,0,1,0
2,0,2,0
2,0,2,0
2,0,2,0
7,0,7,0
2,0,2,0
1,0,1,0
0,6,6,1
0,2,2,6
0,1,1,63
5,0,5,0
5,0,5,0
2,0,2,0
1,0,1,0
1,0,1,0
25,0,25,0
1,0,1,0
1,0,1,0
0,1,1,6
20,0,20,0
1,0,1,0
15,0,15,0
0,3,3,174
0,2,2,14
1,0,1,0
2,0,2,0
1,0,1,0
1,0,1,0
0,1,1,0
2,0,2,0
1,0,1,0
1,0,1,0
2,0,2,0
0,3,3,4
1,0,1,0
111,0,111,0
0,32,32,15
13,0,13,0
0,26,26,13
19,0,19,0
0,61,61,9
103,0,103,0
0,4,4,1
1,0,1,0
4,0,4,0
1,0,1,0
1,0,1,0
16,0,16,0
2,0,2,0
1,0,1,0
3,0,3,0
7,0,7,0
1,0,1,0
1,0,1,0
1,0,1,0
0,21,21,0
0,2,2,6
3,0,3,0
2,0,2,0
2,0,2,0
1,0,1,0
1,0,1,0
3,0,3,0
2,0,2,0
1,0,1,0
1,0,1,0
0,22,22,9
1,0,1,0
1,0,1,0
1,0,1,0
1,0,1,0
0,2,2,0
1,0,1,0
1,0,1,0
0,2,2,8
1,0,1,0
5,0,5,0
1,0,1,0
1,0,1,0
3,0,3,0
18,0,18,0
1,0,1,0
1,0,1,0
1,0,1,0
0,3,3,25
91,0,91,0
2,0,2,0
4,0,4,0
2,0,2,0
2,0,2,0
1,0,1,0
1,0,1,0
1,0,1,0
2,0,2,0
1,0,1,0
1,0,1,0
0,3,3,35
8,0,8,0
1,0,1,0
87,0,87,0
1,0,1,0
1,0,1,0
3,0,3,0
0,5,5,8
5,0,5,0
1,0,1,0
4,0,4,0
5,0,5,0
6,0,6,0
2,0,2,0
5,0,5,0
3,0,3,0
0,1,1,9
0,5,5,4
1,0,1,0
2,0,2,0
1,0,1,0
1,0,1,0
1,0,1,0
1,0,1,0
0,10,10,38
2,0,2,0
0,2,2,2
22,0,22,0
0,2,2,10
0,3,3,0
0,21,21,18
15,0,15,0
13,0,13,0
14,0,14,0
0,3,3,68
1,0,1,0
0,1,1,50
6,0,6,0
0,1,1,58
1,0,1,0
1,0,1,0
9,0,9,0
1,0,1,0
0,1,1,24
4,0,4,0
2,0,2,0
0,12,12,15
0,5,5,8
1,0,1,0
3,0,3,0
0,3,3,19
8,0,8,0
4,0,4,0
3,0,3,0
0,8,8,3
2,0,2,0
0,1,1,5
3,0,3,0
0,5,5,11
1,0,1,0
3,0,3,0
4,0,4,0
0,1,1,20
0,32,32,38
2,0,2,0
4,0,4,0
3,0,3,0
1,0,1,0
0,3,3,1
12,0,12,0
1,0,1,0
4,0,4,0
1,0,1,0
0,7,7,0
1,0,1,0
0,21,21,18
0,16,16,5
2,0,2,0
2,0,2,0
14,0,14,0
0,158,158,38
77,0,77,0
2,0,2,0
0,2,2,0
3,0,3,0
0,2,2,37
27,0,27,0
0,1,1,1
3,0,3,0
1,0,1,0
2,0,2,0
0,2,2,30
2,0,2,0
1,0,1,0
5,0,5,0
0,2,2,19
11,0,11,0
0,1,1,4
11,0,11,0
2,0,2,0
1,0,1,0
1,0,1,0
2,0,2,0
1,0,1,0
3,0,3,0
3,0,3,0
0,16,16,56
1,0,1,0
1,0,1,0
0,11,11,15
4,0,4,0
9,0,9,0
3,0,3,0
1,0,1,0
2,0,2,0
2,0,2,0
1,0,1,0
0,2,2,9
5,0,5,0
0,10,10,1
9,0,9,0
1,0,1,0
1,0,1,0
1,0,1,0
0,3,3,27
1,0,1,0
4,0,4,0
3,0,3,0
2,0,2,0
0,13,13,4
1,0,1,0
4,0,4,0
12,0,12,0
0,21,21,59
6,0,6,0
1,0,1,0
1,0,1,0
4,0,4,0
1,0,1,0
0,7,7,2
2,0,2,0
1,0,1,0
0,4,4,4
2,0,2,0
2,0,2,0
0,12,12,59
0,1,1,9
3,0,3,0
1,0,1,0
4,0,4,0
5,0,5,0
3,0,3,0
2,0,2,0
8,0,8,0
1,0,1,0
3,0,3,0
0,2,2,12
15,0,15,0
11,0,11,0
1,0,1,0
4,0,4,0
0,4,4,7
11,0,11,0
1,0,1,0
1,0,1,0
2,0,2,0
1,0,1,0
0,1,1,22
0,40,40,2
1,0,1,0
7,0,7,0
0,3,3,6
0,19,19,33
0,1,1,4
2,0,2,0
7,0,7,0
16,0,16,0
0,3,3,4
1,0,1,0
2,0,2,0
3,0,3,0
0,2,2,1
0,1,1,1
0,26,26,63
22,0,22,0
3,0,3,0
5,0,5,0
0,1,1,1
2,0,2,0
1,0,1,0
0,2,2,2
2,0,2,0
1,0,1,0
0,1,1,44
2,0,2,0
0,2,2,0
0,2,2,12
1,0,1,0
1,0,1,0
0,1,1,1
2,0,2,0
12,0,12,0
11,0,11,0
0,1,1,8
4,0,4,0
1,0,1,0
1,0,1,0
0,8,8,11
2,0,2,0
1,0,1,0
7,0,7,0
61,0,61,0
1,0,1,0
1,0,1,0
2,0,2,0
1,0,1,0
1,0,1,0
3,0,3,0
7,0,7,0
2,0,2,0
0,30,30,10
1,0,1,0
9,0,9,0
0,2,2,1
0,4,4,7
1,0,1,0
1,0,1,0
0,141,141,2
0,1,1,13
63,0,63,0
5,0,5,0
0,1,1,3
1,0,1,0
2,0,2,0
1,0,1,0
0,4,4,19
0,8,8,1
10,0,10,0
3,0,3,0
0,62,62,28
73,0,73,0
1,0,1,0
0,1,1,15
7,0,7,0
2,0,2,0
0,1,1,8
1,0,1,0
0,3,3,32
3,0,3,0
0,9,9,5
1,0,1,0
1,0,1,0
0,1,1,5
0,1,1,26
0,17,17,23
13,0,13,0
2,0,2,0
0,401,401,13
3,0,3,0
9,0,9,0
1,0,1,0
2,0,2,0
22,0,22,0
11,0,11,0
0,4,4,9
0,3,3,11
2,0,2,0
3,0,3,0
1,0,1,0
1,0,1,0
1,0,1,0
2,0,2,0
1,0,1,0
1,0,1,0
0,1,1,3
0,10,10,0
18,0,18,0
1,0,1,0
1,0,1,0
0,73,73,24
0,16,16,42
22,0,22,0
0,9,9,16
9,0,9,0
12,0,12,0
0,4,4,7
0,5,5,3
0,2,2,61
5,0,5,0
1,0,1,0
1,0,1,0
0,1,1,5
1,0,1,0
2,0,2,0
0,1,1,1
0,1,1,2
2,0,2,0
1,0,1,0
12,0,12,0
1,0,1,0
2,0,2,0
4,0,4,12
1,0,1,0
26,0,26,0
1,0,1,0
0,16,16,0
2,0,2,0
1,0,1,0
0,1,1,3
5,0,5,0
0,7,7,23
1,0,1,0
3,0,3,0
0,1,1,3
1,0,1,0
2,0,2,0
0,3,3,26
0,1,1,5
1,0,1,0
0,2,2,0
4,0,4,0
3,0,3,0
6,0,6,0
0,2,2,6
4,0,4,0
1,0,1,0
0,1,1,11
1,0,1,0
0,2,2,99
1,0,1,0
3,0,3,0
3,0,3,0
2,0,2,0
2,0,2,0
1,0,1,0
6,0,6,0
1,0,1,0
0,5,5,30
1,0,1,0
3,0,3,0
1,0,1,0
2,0,2,0
1,0,1,0
6,0,6,0
3,0,3,0
3,0,3,0
3,0,3,0
2,0,2,0
0,1,1,2
2,0,2,0
2,0,2,0
0,15,15,13
6,0,6,0
2,0,2,0
14,0,14,0
4,0,4,0
19,0,19,0
1,0,1,0
3,0,3,0
0,2,2,25
1,0,1,0
3,0,3,0
0,4,4,7
1,0,1,0
2,0,2,0
2,0,2,0
0,3,3,23
4,0,4,0
0,1,1,15
0,36,36,10
1,0,1,0
1,0,1,0
2,0,2,0
0,1,1,11
9,0,9,0
10,0,10,0
3,0,3,0
0,1,1,0
4,0,4,0
2,0,2,0
1,0,1,0
1,0,1,0
2,0,2,0
4,0,4,0
0,22,22,4
2,0,2,0
2,0,2,0
1,0,1,0
2,0,2,0
7,0,7,0
39,0,39,0
0,1,1,5
0,5,5,32
1,0,1,0
2,0,2,0
1,0,1,0
2,0,2,0
1,0,1,0
2,0,2,0
2,0,2,0
1,0,1,0
7,0,7,0
1,0,1,0
1,0,1,0
1,0,1,0
3,0,3,0
1,0,1,0
16,0,16,0
1,0,1,0
1,0,1,0
12,0,12,0
3,0,3,0
8,0,8,0
5,0,5,0
1,0,1,0
2,0,2,0
0,6,6,9
0,4,4,0
1,0,1,0
3,0,3,0
3,0,3,0
1,0,1,0
1,0,1,0
0,10,10,62
2,0,2,0
1,0,1,0
2,0,2,0
0,5,5,14
2,0,2,0
0,2,2,31
2,0,2,0
1,0,1,0
4,0,4,0
7,0,7,0
17,0,17,0
11,0,11,0
1,0,1,0
0,1,1,1
0,5,5,3
1,0,1,0
0,10,10,23
10,0,10,0
5,0,5,0
1,0,1,0
0,4,4,39
1,0,1,0
2,0,2,0
37,0,37,0
1,0,1,0
2,0,2,0
1,0,1,0
0,1,1,7
0,4,4,0
1,0,1,0
1,0,1,0
1,0,1,0
2,0,2,0
0,15,15,1
2,0,2,0
7,0,7,0
2,0,2,0
1,0,1,0
1,0,1,0
6,0,6,0
1,0,1,0
5,0,5,0
0,4,4,2
0,8,8,1
1,0,1,0
3,0,3,0
0,21,21,6
11,0,11,0
20,0,20,0
1,0,1,0
0,9,9,53
3,0,3,0
3,0,3,0
1,0,1,0
4,0,4,0
1,0,1,0
0,3,3,10
0,3,3,31
1,0,1,0
6,0,6,0
1,0,1,0
1,0,1,0
0,3,3,5
1,0,1,0
9,0,9,0
1,0,1,0
0,20,20,5
2,0,2,0
6,0,6,0
1,0,1,0
9,0,9,0
1,0,1,0
0,1,1,4
0,7,7,13
3,0,3,0
0,1,1,0
8,0,8,0
1,0,1,0
2,0,2,0
4,0,4,0
0,2,2,1
0,14,14,0
1,0,1,0
2,0,2,0
9,0,9,0
1,0,1,0
17,0,17,0
3,0,3,0
0,1,1,3
7,0,7,0
2,0,2,0
1,0,1,0
0,3,3,7
1,0,1,0
3,0,3,0
5,0,5,0
2,0,2,0
0,134,134,2
2,0,2,0
1,0,1,0
1,0,1,0
0,1,1,1
0,1,1,1
1,0,1,0
1,0,1,0
28,0,28,0
2,0,2,0
1,0,1,0
45,0,45,0
0,2,2,3
1,0,1,0
29,0,29,0
2,0,2,0
2,0,2,0
0,1,1,75
3,0,3,0
0,1,1,0
0,3,3,6
2,0,2,0
1,0,1,0
2,0,2,0
0,55,55,7
6,0,6,0
17,0,17,0
0,3,3,6
1,0,1,0
1,0,1,0
3,0,3,0
0,13,13,35
0,3,3,7
1,0,1,0
6,0,6,0
2,0,2,0
0,3,3,42
0,1,1,7
1,0,1,0
1,0,1,0
0,22,22,0
2,0,2,0
5,0,5,0
2,0,2,0
0,1,1,8
1,0,1,0
1,0,1,0
0,1,1,7
1,0,1,0
14,0,14,0
12,0,12,0
2,0,2,0
0,1,1,0
1,0,1,0
65,0,65,0
1,0,1,0
7,0,7,0
1,0,1,0
15,0,15,0
1,0,1,0
6,0,6,0
0,2,2,16
0,34,34,5
0,22,22,1
1,0,1,0
9,0,9,0
1,0,1,0
1,0,1,0
1,0,1,0
1,0,1,0
1,0,1,0
0,4,4,32
1,0,1,0
0,7,7,18
4,0,4,0
1,0,1,0
1,0,1,0
3,0,3,0
3,0,3,0
0,59,59,7
2,0,2,0
1,0,1,0
6,0,6,0
1,0,1,0
1,0,1,0
0,2,2,5
2,0,2,0
0,12,12,16
0,4,4,9
2,0,2,0
1,0,1,0
1,0,1,0
2,0,2,0
1,0,1,0
3,0,3,0
0,21,21,37
1,0,1,0
1,0,1,0
1,0,1,0
0,17,17,3
2,0,2,0
5,0,5,0
2,0,2,0
1,0,1,0
0,4,4,3
13,0,13,0
6,0,6,0
0,8,8,3
2,0,2,0
1,0,1,0
6,0,6,0
1,0,1,0
1,0,1,0
1,0,1,0
1,0,1,0
1,0,1,0
8,0,8,0
6,0,6,0
0,35,35,17
6,0,6,0
2,0,2,0
1,0,1,0
0,1,1,5
3,0,3,0
1,0,1,0
1,0,1,0
2,0,2,0
0,3,3,10
1,0,1,0
2,0,2,0
1,0,1,0
1,0,1,0
2,0,2,0
6,0,6,0
1,0,1,0
1,0,1,0
2,0,2,0
1,0,1,0
1,0,1,0
0,3,3,17
0,9,9,7
1,0,1,0
0,2,2,26
4,0,4,0
1,0,1,10
1,0,1,0
1,0,1,0
6,0,6,0
0,1,1,2
0,12,12,0
10,0,10,0
0,2,2,4
0,7,7,8
1,0,1,0
7,0,7,0
4,0,4,0
0,1,1,28
5,0,5,0
3,0,3,0
1,0,1,0
1,0,1,0
2,0,2,0
6,0,6,0
3,0,3,0
6,0,6,0
2,0,2,0
0,1,1,2
2,0,2,0
2,0,2,0
0,2,2,1091
1,0,1,0
0,13,13,1
1,0,1,0
1,0,1,0
0,9,9,1
0,4,4,25
3,0,3,0
3,0,3,0
1,0,1,0
1,0,1,0
25,0,25,0
0,15,15,7
0,2,2,23
2,0,2,0
11,0,11,0
0,57,57,7
3,0,3,0
1,0,1,0
2,0,2,0
1,0,1,0
2,0,2,0
1,0,1,0
0,5,5,5
1,0,1,0
65,0,65,0
4,0,4,0
9,0,9,0
2,0,2,0
3,0,3,0
0,1,1,5
0,8,8,23
1,0,1,0
0,9,9,4
2,0,2,0
2,0,2,0
1,0,1,0
0,2,2,0
2,0,2,0
7,0,7,0
1,0,1,0
1,0,1,0
1,0,1,0
1,0,1,0
0,4,4,61
2,0,2,0
1,0,1,0
1,0,1,0
1,0,1,0
0,2,2,21
0,1,1,34
1,0,1,0
1,0,1,0
3,0,3,0
0,14,14,2
2,0,2,0
1,0,1,0
2,0,2,0
1,0,1,0
0,1,1,25
0,15,15,0
1,0,1,0
1,0,1,0
1,0,1,0
3,0,3,0
1,0,1,0
1,0,1,0
12,0,12,0
0,6,6,32
5,0,5,0
5,0,5,0
2,0,2,0
2,0,2,0
1,0,1,0
0,1,1,15
7,0,7,0
0,3,3,1
0,1,1,2
4,0,4,0
0,12,12,17
1,0,1,0
1,0,1,0
3,0,3,0
0,7,7,3
1,0,1,0
1,0,1,0
1,0,1,0
0,9,9,4
2,0,2,0
0,1,1,191
4,0,4,0
1,0,1,0
0,8,8,7
18,0,18,0
2,0,2,0
1,0,1,0
2,0,2,0
0,3,3,66
1,0,1,0
0,110,110,80
1,0,1,0
5,0,5,0
1,0,1,0
3,0,3,0
3,0,3,0
1,0,1,0
1,0,1,0
0,3,3,9
2,0,2,0
2,0,2,0
1,0,1,0
0,1,1,6
5,0,5,0
1,0,1,0
2,0,2,8
3,0,3,0
3,0,3,0
1,0,1,0
1,0,1,0
1,0,1,0
4,0,4,0
0,1,1,4
0,3,3,7
1,0,1,0
0,8,8,17
1,0,1,0
0,1,1,8
1,0,1,0
2,0,2,0
0,1,1,23
2,0,2,0
0,2,2,0
5,0,5,0
2,0,2,0
1,0,1,0
1,0,1,0
1,0,1,0
1,0,1,0
1,0,1,0
0,8,8,7
2,0,2,0
0,5,5,51
1,0,1,0
0,1,1,185
1,0,1,0
2,0,2,0
1,0,1,0
0,2,2,199
1,0,1,0
1,0,1,0
33,0,33,0
0,19,19,101
20,0,20,0
0,1,1,3
1,0,1,0
1,0,1,0
0,1,1,32
5,0,5,0
1,0,1,0
0,2,2,2
2,0,2,0
0,1,1,15
1,0,1,0
5,0,5,0
3,0,3,0
6,0,6,0
1,0,1,0
1,0,1,0
1,0,1,0
0,2,2,11
0,10,10,12
0,9,9,18
1,0,1,0
1,0,1,0
0,6,6,7
0,1,1,2
1,0,1,0
17,0,17,0
6,0,6,0
1,0,1,0
8,0,8,0
1,0,1,0
0,1,1,0
1,0,1,0
1,0,1,0
0,1,1,0
1,0,1,0
1,0,1,0
4,0,4,0
18,0,18,0
3,0,3,0
1,0,1,0
3,0,3,0
1,0,1,0
1,0,1,0
1,0,1,0
2,0,2,0
11,0,11,0
1,0,1,0
2,0,2,0
2,0,2,0
1,0,1,0
2,0,2,0
7,0,7,0
2,0,2,0
0,1,1,28
5,0,5,0
0,2,2,40
1,0,1,0
0,14,14,36
3,0,3,0
2,0,2,0
1,0,1,0
5,0,5,0
1,0,1,0
0,2,2,34
1,0,1,0
1,0,1,0
0,16,16,9
1,0,1,0
1,0,1,0
1,0,1,0
1,0,1,0
2,0,2,0
0,20,20,30
1,0,1,0
0,3,3,2
1,0,1,0
0,6,6,5
1,0,1,0
18,0,18,0
2,0,2,0
0,2,2,9
1,0,1,0
0,3,3,2
2,0,2,0
1,0,1,0
1,0,1,0
1,0,1,0
0,1,1,0
1,0,1,0
1,0,1,0
1,0,1,0
10,0,10,0
3,0,3,0
0,1,1,2
1,0,1,0
4,0,4,0
2,0,2,0
1,0,1,0
0,21,21,8
1,0,1,0
0,18,18,0
16,0,16,0
0,2,2,22
3,0,3,0
0,2,2,30
1,0,1,0
1,0,1,0
0,1,1,21
5,0,5,0
0,1,1,0
1,0,1,0
1,0,1,0
0,1,1,1
1,0,1,0
6,0,6,0
1,0,1,0
5,0,5,0
6,0,6,0
0,1,1,27
1,0,1,0
1,0,1,0
1,0,1,0
0,7,7,20
2,0,2,0
3,0,3,0
1,0,1,0
2,0,2,0
1,0,1,0
8,0,8,0
1,0,1,0
1,0,1,0
3,0,3,0
0,10,10,7
0,1,1,19
0,5,5,5
2,0,2,0
8,0,8,0
1,0,1,0
2,0,2,0
0,4,4,0
2,0,2,0
1,0,1,0
4,0,4,0
4,0,4,0
11,0,11,0
1,0,1,0
2,0,2,0
1,0,1,0
1,0,1,0
2,0,2,0
0,8,8,19
0,3,3,6
5,0,5,0
0,10,10,7
0,2,2,20
0,160,160,16
30,0,30,0
0,3,3,0
1,0,1,0
3,0,3,0
1,0,1,0
0,33,33,11
1,0,1,0
1,0,1,0
6,0,6,0
0,2,2,6
2,0,2,0
1,0,1,0
0,3,3,9
3,0,3,0
3,0,3,0
0,1,1,6
2,0,2,0
4,0,4,0
0,1,1,0
7,0,7,0
6,0,6,0
0,16,16,4
0,17,17,7
0,20,20,7
2,0,2,0
0,1,1,38
1,0,1,0
2,0,2,0
1,0,1,0
1,0,1,0
1,0,1,0
4,0,4,0
1,0,1,0
1,0,1,0
1,0,1,0
0,3,3,5
0,7,7,6
0,49,49,62
2,0,2,0
1,0,1,0
0,8,8,2
3,0,3,0
0,1,1,0
2,0,2,0
0,1,1,0
3,0,3,0
1,0,1,0
1,0,1,0
1,0,1,0
1,0,1,0
4,0,4,0
1,0,1,0
0,4,4,7
2,0,2,0
5,0,5,0
3,0,3,0
1,0,1,0
44,0,44,0
1,6,7,22
2,0,2,0
0,10,10,8
10,0,10,0
0,8,8,7
1,0,1,0
5,0,5,0
6,0,6,0
2,0,2,0
8,0,8,0
0,7,7,36
1,0,1,0
23,0,23,0
3,0,3,0
2,0,2,0
1,0,1,0
1,0,1,0
5,0,5,0
2,0,2,0
1,0,1,0
1,0,1,0
3,0,3,0
0,1,1,122
0,6,6,18
2,0,2,0
1,0,1,0
3,0,3,0
0,13,13,4
0,4,4,18
0,1,1,6
0,3,3,6
6,0,6,0
1,0,1,0
4,0,4,0
4,0,4,0
1,0,1,0
0,8,8,3
1,0,1,0
0,3,3,110
3,0,3,0
3,0,3,0
0,1,1,5
2,0,2,0
7,0,7,0
3,0,3,0
2,0,2,0
1,0,1,0
0,5,5,4
6,0,6,0
3,0,3,0
1,0,1,0
0,14,14,6
1,0,1,0
1,0,1,0
2,0,2,0
1,0,1,0
1,0,1,0
0,6,6,0
1,0,1,0
0,2,2,5
2,0,2,0
0,1,1,2
1,0,1,0
0,5,5,14
7,0,7,0
0,25,25,16
0,9,9,64
2,0,2,0
4,0,4,0
1,0,1,0
1,0,1,0
0,2,2,8
1,0,1,0
26,0,26,0
1,0,1,0
1,0,1,0
1,0,1,0
5,0,5,0
0,2,2,61
5,0,5,0
5,0,5,0
1,0,1,0
2,0,2,0
0,4,4,23
12,0,12,0
1,0,1,0
1,0,1,0
0,17,17,8
1,0,1,0
0,15,15,11
1,0,1,0
8,0,8,0
2,0,2,0
1,0,1,0
1,0,1,0
1,0,1,0
5,0,5,0
15,0,15,0
2,0,2,0
11,0,11,0
5,0,5,0
9,0,9,0
0,12,12,38
1,0,1,0
1,0,1,0
0,1,1,0
0,1,1,1
3,0,3,0
0,49,49,7
1,0,1,0
1,0,1,0
0,28,28,5
0,3,3,10
2,0,2,0
0,24,24,13
14,0,14,0
1,0,1,0
1,0,1,0
2,0,2,0
1,0,1,0
1,0,1,0
0,1,1,9
0,1,1,2
2,1,3,22
1,0,1,0
0,68,68,13
6,0,6,0
12,0,12,0
1,0,1,0
3,0,3,0
1,0,1,0
1,0,1,0
7,0,7,0
30,0,30,0
1,0,1,0
1,0,1,0
1,0,1,0
1,0,1,0
1,0,1,0
0,1,1,5
87,0,87,0
0,2,2,0
3,0,3,0
1,0,1,0
1,0,1,0
4,0,4,0
4,0,4,0
6,0,6,0
2,0,2,0
7,0,7,0
1,0,1,0
2,0,2,0
0,1,1,4
3,0,3,0
3,0,3,0
2,0,2,0
1,0,1,0
10,0,10,0
2,0,2,0
1,0,1,0
3,0,3,0
2,0,2,0
22,0,22,0
4,0,4,0
3,0,3,0
1,0,1,0
2,0,2,0
0,3,3,7
1,0,1,0
0,1,1,24
1,0,1,0
0,1,1,14
1,0,1,0
2,0,2,0
1,0,1,0
1,0,1,0
2,0,2,0
1,0,1,0
1,0,1,0
1,0,1,0
0,12,12,3
1,0,1,0
1,0,1,0
0,1,1,44
1,0,1,0
1,0,1,0
3,0,3,0
0,16,16,15
10,0,10,0
1,0,1,0
2,0,2,0
0,4,4,1
4,0,4,0
10,0,10,0
3,0,3,0
0,7,7,3
1,0,1,0
1,0,1,0
0,2,2,35
1,0,1,0
1,0,1,0
7,0,7,0
9,0,9,0
2,0,2,0
1,0,1,0
1,0,1,0
0,11,11,2
1,0,1,0
1,0,1,0
1,0,1,0
18,0,18,0
10,0,10,0
1,0,1,0
1,0,1,0
2,0,2,0
1,0,1,0
1,0,1,0
1,0,1,0
0,1,1,9
7,0,7,0
1,0,1,0
1,0,1,0
6,0,6,0
1,0,1,0
26,0,26,0
1,0,1,0
1,0,1,0
9,0,9,0
1,0,1,0
0,1,1,12
3,0,3,0
0,1,1,27
1,0,1,0
9,0,9,0
1,0,1,0
2,0,2,0
1,0,1,0
2,0,2,0
4,0,4,0
2,0,2,0
1,0,1,0
1,0,1,0
0,1,1,6
2,0,2,0
0,3,3,27
11,0,11,0
1,0,1,0
0,1,1,8
0,5,5,3
5,0,5,0
3,0,3,0
1,0,1,0
59,0,59,0
1,0,1,0
0,1,1,6
0,5,5,14
2,0,2,0
13,0,13,0
0,4,4,27
5,0,5,0
2,0,2,0
1,0,1,0
59,0,59,0
0,47,47,2
1,0,1,0
0,1,1,3
2,0,2,0
1,0,1,0
2,0,2,0
1,0,1,0
0,13,13,5
0,9,9,39
1,0,1,0
0,1,1,3
1,0,1,0
4,0,4,0
1,0,1,0
7,0,7,0
1,0,1,0
11,0,11,0
0,2,2,0
3,0,3,0
12,0,12,0
1,0,1,0
1,0,1,0
0,1,1,0
1,0,1,0
0,5,5,71
1,0,1,0
2,0,2,0
1,0,1,0
0,38,38,3
1,0,1,0
1,0,1,0
2,0,2,0
4,0,4,0
1,0,1,0
2,0,2,0
1,0,1,0
1,0,1,0
0,1,1,7
0,2,2,12
0,3,3,1
2,0,2,0
0,3,3,77
3,0,3,0
2,0,2,0
2,0,2,0
1,0,1,0
4,0,4,0
0,5,5,2
2,0,2,0
1,0,1,0
2,0,2,0
1,0,1,0
10,0,10,0
2,0,2,0
0,1,1,25
4,0,4,0
1,0,1,0
0,10,10,12
1,0,1,0
0,1,1,12
0,2,2,68
1,0,1,0
0,3,3,41
1,0,1,0
3,0,3,0
1,0,1,0
1,0,1,0
2,0,2,0
1,0,1,0
0,3,3,64
2,0,2,0
0,2,2,0
1,0,1,0
1,0,1,0
1,0,1,0
1,0,1,0
1,0,1,0
0,9,9,17
3,0,3,0
1,0,1,0
2,0,2,0
2,0,2,0
4,0,4,0
1,0,1,0
2,0,2,0
3,0,3,0
1,0,1,0
1,0,1,0
1,0,1,0
3,0,3,0
1,0,1,0
3,0,3,0
41,0,41,0
1,0,1,0
1,0,1,0
0,5,5,18
3,0,3,0
2,0,2,0
1,0,1,0
16,0,16,0
1,0,1,0
2,0,2,0
0,3,3,50
1,0,1,0
0,2,2,1
1,0,1,0
1,0,1,0
0,5,5,16
1,0,1,0
14,0,14,0
1,0,1,0
0,1,1,2
0,10,10,6
2,0,2,0
0,4,4,0
0,4,4,15
0,3,3,81
3,0,3,0
0,4,4,84
0,1,1,103
49,0,49,0
0,2,2,3
5,0,5,0
4,0,4,0
0,37,37,0
2,0,2,0
1,0,1,0
3,0,3,0
1,0,1,0
0,28,28,26
1,0,1,0
1,0,1,0
4,0,4,0
3,0,3,0
1,0,1,0
5,0,5,0
0,14,14,2
8,0,8,0
0,3,3,18
0,15,15,13
3,0,3,0
2,0,2,0
1,0,1,0
6,0,6,0
7,0,7,0
6,0,6,0
0,4,4,33
1,0,1,0
0,6,6,22
3,0,3,0
1,0,1,0
9,0,9,0
5,0,5,0
4,0,4,0
4,0,4,0
4,0,4,0
3,0,3,0
1,0,1,0
0,4,4,25
3,0,3,0
1,0,1,0
0,2,2,4
1,0,1,0
6,0,6,0
0,1,1,15
0,4,4,5
30,0,30,0
0,1,1,0
0,1,1,49
7,0,7,0
0,22,22,24
0,1,1,5
0,1,1,0
1,0,1,0
3,0,3,0
0,2,2,3
0,10,10,12
2,0,2,0
0,1,1,18
0,2,2,5
10,0,10,0
8,0,8,0
4,0,4,0
1,0,1,0
1,0,1,0
24,0,24,0
0,6,6,33
0,4,4,20
2,0,2,0
2,0,2,0
1,0,1,0
1,0,1,0
9,0,9,0
2,0,2,0
1,0,1,0
2,0,2,0
2,0,2,0
3,0,3,0
1,0,1,0
1,0,1,0
1,0,1,0
0,1,1,52
3,0,3,0
1,0,1,0
0,23,23,7
0,1,1,5
1,0,1,0
4,0,4,0
2,0,2,0
3,0,3,0
2,0,2,0
0,3,3,19
5,0,5,0
0,50,50,4
3,0,3,0
0,5,5,6
0,44,44,9
1,0,1,0
1,0,1,0
6,0,6,0
4,0,4,0
0,8,8,2
1,0,1,0
10,0,10,0
4,0,4,0
2,0,2,0
1,0,1,0
7,0,7,0
1,0,1,0
1,0,1,0
1,0,1,0
0,4,4,10
2,0,2,0
2,0,2,0
4,0,4,0
3,0,3,0
1,0,1,0
11,0,11,0
0,4,4,7
1,0,1,0
1,0,1,0
1,0,1,0
3,0,3,0
0,12,12,35
1,0,1,0
1,0,1,0
1,0,1,0
0,1,1,8
0,17,17,1
0,4,4,2
1,0,1,0
1,0,1,0
5,0,5,0
17,0,17,0
1,0,1,0
0,1,1,11
3,0,3,0
1,0,1,0
2,0,2,0
6,0,6,0
0,1,1,14
3,0,3,0
2,0,2,0
6,0,6,0
0,16,16,24
2,0,2,0
1,0,1,0
5,0,5,0
1,0,1,0
107,0,107,0
0,3,3,4
0,32,32,6
3,0,3,0
0,7,7,44
0,1,1,0
2,0,2,0
37,0,37,0
0,2,2,35
1,0,1,0
0,7,7,83
1,0,1,0
1,0,1,0
0,2,2,6
0,2,2,122
1,0,1,0
0,2,2,0
1,0,1,0
0,2,2,86
6,0,6,0
2,0,2,0
4,0,4,0
1,0,1,0
9,0,9,0
10,0,10,0
1,0,1,0
5,0,5,0
6,0,6,0
5,0,5,0
1,0,1,0
3,0,3,0
1,0,1,0
6,0,6,0
1,0,1,0
0,2,2,0
3,0,3,0
2,0,2,0
2,0,2,0
2,0,2,0
3,0,3,0
6,0,6,0
0,7,7,54
1,0,1,0
2,0,2,0
0,1,1,25
1,0,1,0
4,0,4,0
1,0,1,0
0,1,1,33
1,0,1,0
18,0,18,0
2,0,2,0
27,0,27,0
1,0,1,0
2,0,2,0
1,0,1,0
2,0,2,0
1,0,1,0
2,0,2,0
1,0,1,0
4,0,4,0
2,0,2,0
0,6,6,20
0,5,5,49
1,0,1,0
0,1,1,12
2,0,2,0
0,7,7,1
1,0,1,0
1,0,1,0
1,0,1,0
0,1,1,0
2,0,2,0
0,18,18,27
3,0,3,0
0,5,5,132
2,0,2,0
0,6,6,3
29,0,29,0
2,0,2,0
0,8,8,26
1,0,1,0
2,0,2,0
0,22,22,18
2,0,2,0
1,0,1,0
3,0,3,0
25,0,25,0
0,48,48,65
1,0,1,0
0,7,7,6
7,0,7,0
0,43,43,12
1,0,1,0
0,1,1,14
1,0,1,0
2,0,2,0
0,2,2,0
0,5,5,1
0,1,1,206
0,13,13,3
2,0,2,0
1,0,1,0
3,0,3,0
4,0,4,0
5,0,5,0
2,0,2,0
1,0,1,0
1,0,1,0
1,0,1,0
1,0,1,0
0,5,5,6
1,0,1,0
1,0,1,0
0,1,1,25
3,0,3,0
1,0,1,0
1,0,1,0
1,0,1,0
1,0,1,0
4,0,4,0
3,0,3,0
1,0,1,0
1,0,1,0
17,0,17,0
6,0,6,0
1,0,1,0
2,0,2,0
0,2,2,3
136,0,136,0
1,0,1,0
0,7,7,23
0,2,2,40
4,0,4,0
3,0,3,0
5,0,5,0
2,0,2,0
0,8,8,1
1,0,1,0
6,0,6,0
1,0,1,0
1,0,1,0
3,0,3,0
2,0,2,0
3,0,3,0
1,0,1,0
0,33,33,15
3,0,3,0
0,1,1,0
2,0,2,0
0,2,2,3
26,0,26,0
0,7,7,7
0,14,14,18
0,1,1,2
0,3,3,9
4,0,4,0
1,0,1,0
0,1,1,7
0,1,1,4
2,0,2,0
2,0,2,0
1,0,1,0
1,0,1,0
1,0,1,0
1,0,1,0
1,0,1,0
6,0,6,0
1,0,1,0
2,0,2,0
0,5,5,8
1,0,1,0
1,0,1,0
0,1,1,13
1,0,1,0
142,0,142,0
3,0,3,0
3,0,3,0
3,0,3,0
1,0,1,0
0,1,1,24
0,2,2,22
2,0,2,0
1,0,1,0
0,13,13,31
16,0,16,0
0,1,1,19
0,2,2,15
2,0,2,0
1,0,1,0
12,0,12,0
1,0,1,0
4,0,4,0
1,0,1,0
3,0,3,0
4,0,4,0
0,5,5,4
26,0,26,0
0,3,3,16
1,0,1,0
4,0,4,0
1,0,1,0
0,3,3,3
0,28,28,86
1,0,1,0
1,0,1,0
11,0,11,0
0,19,19,0
1,0,1,0
8,0,8,0
1,0,1,0
1,0,1,0
5,0,5,0
0,2,2,0
0,4,4,37
1,0,1,0
2,0,2,0
1,0,1,0
1,0,1,0
0,6,6,55
4,0,4,0
5,0,5,0
0,6,6,0
23,0,23,0
3,0,3,0
7,0,7,0
10,0,10,0
1,0,1,0
1,0,1,0
5,0,5,0
4,0,4,0
1,0,1,0
1,0,1,0
2,0,2,0
0,1,1,17
1,0,1,0
2,0,2,0
8,0,8,0
0,2,2,6
1,0,1,0
35,0,35,0
1,0,1,0
0,3,3,7
7,0,7,0
1,0,1,0
2,0,2,0
1,0,1,0
1,0,1,0
7,0,7,0
1,0,1,0
2,0,2,0
1,0,1,0
0,2,2,1
6,0,6,0
1,0,1,0
3,0,3,0
0,59,59,17
1,0,1,0
1,0,1,0
1,0,1,0
1,0,1,0
1,0,1,0
0,3,3,35
1,0,1,0
0,2,2,11
1,0,1,0
2,0,2,0
2,0,2,0
0,2,2,7
1,0,1,0
1,0,1,0
1,0,1,0
0,1,1,0
0,10,10,18
0,1,1,6
0,58,58,23
1,0,1,0
1,0,1,0
1,0,1,0
0,115,115,6
0,9,9,0
1,0,1,0
1,0,1,0
1,0,1,0
0,34,34,11
1,0,1,0
0,8,8,1
1,0,1,0
0,1,1,39
4,0,4,0
0,3,3,3
2,0,2,0
1,0,1,0
0,12,12,0
1,0,1,0
1,0,1,0
0,4,4,12
5,0,5,0
2,0,2,0
0,1,1,4
1,0,1,0
3,0,3,0
0,2,2,2
0,2,2,1
3,0,3,0
1,0,1,0
4,0,4,0
24,0,24,0
3,0,3,0
0,1,1,1
13,0,13,0
0,5,5,2
4,0,4,0
2,0,2,0
1,0,1,0
1,0,1,0
2,0,2,0
1,0,1,0
0,8,8,7
1,0,1,0
1,0,1,0
0,1,1,30
3,0,3,0
2,0,2,0
5,0,5,0
1,0,1,0
3,0,3,0
2,0,2,0
2,0,2,0
0,1,1,4
0,1,1,45
1,0,1,0
3,0,3,0
1,0,1,0
1,0,1,0
2,0,2,0
0,5,5,4
1,0,1,0
0,1,1,1
1,0,1,0
0,1,1,184
1,0,1,0
1,0,1,0
1,0,1,0
0,3,3,1
1,0,1,0
3,0,3,0
13,0,13,0
4,0,4,0
0,1,1,15
80,0,80,0
1,0,1,0
2,0,2,0
0,2,2,10
0,3,3,25
1,0,1,0
0,18,18,1
1,0,1,0
1,0,1,0
0,1,1,13
2,0,2,0
1,0,1,64
0,4,4,5
2,0,2,0
1,0,1,0
1,0,1,0
3,0,3,0
0,1,1,0
5,0,5,0
1,0,1,0
0,3,3,1
1,0,1,0
1,0,1,0
7,0,7,0
1,0,1,0
0,1,1,67
0,1,1,1
6,0,6,0
2,0,2,0
2,0,2,0
0,3,3,5
3,0,3,0
4,0,4,0
2,0,2,0
1,0,1,0
1,0,1,0
4,0,4,0
0,1,1,36
1,0,1,0
1,0,1,0
0,2,2,23
1,0,1,0
0,4,4,19
2,0,2,0
2,0,2,0
8,0,8,0
1,0,1,0
1,0,1,0
1,0,1,0
0,12,12,91
9,0,9,0
2,0,2,0
0,8,8,24
11,0,11,0
3,0,3,0
14,0,14,0
1,0,1,0
0,19,19,5
1,0,1,0
1,0,1,0
1,0,1,0
0,2,2,14
1,0,1,0
0,1,1,15
4,0,4,0
0,2,2,45
0,16,16,22
2,0,2,0
3,0,3,0
2,0,2,0
1,0,1,0
1,0,1,0
1,0,1,0
0,34,34,3
4,0,4,0
0,35,35,1
4,0,4,0
1,0,1,0
2,0,2,0
1,0,1,0
2,0,2,0
0,1,1,38
0,2,2,28
2,0,2,0
5,0,5,0
0,2,2,48
3,0,3,0
2,0,2,0
1,0,1,0
8,0,8,0
2,0,2,0
1,0,1,0
1,0,1,0
1,0,1,0
1,0,1,0
1,0,1,0
0,2,2,103
0,3,3,16
1,0,1,0
2,0,2,0
19,0,19,0
1,0,1,0
0,13,13,15
0,1,1,11
1,0,1,0
1,0,1,0
1,0,1,0
1,0,1,0
1,0,1,0
1,0,1,0
1,0,1,0
2,0,2,0
62,0,62,0
1,0,1,0
0,2,2,0
4,0,4,0
1,0,1,0
1,0,1,0
3,0,3,0
1,0,1,0
3,0,3,0
1,0,1,0
0,1,1,0
0,5,5,17
1,0,1,0
1,0,1,0
14,0,14,0
1,0,1,0
1,0,1,0
0,35,35,14
0,2,2,42
1,0,1,0
2,0,2,0
2,0,2,0
0,4,4,0
1,0,1,0
1,0,1,0
7,0,7,0
0,3,3,1
22,0,22,0
4,0,4,0
1,0,1,0
5,0,5,0
2,0,2,0
23,0,23,0
2,0,2,0
1,0,1,0
6,0,6,0
0,1,1,0
1,0,1,0
6,0,6,0
2,0,2,0
0,1,1,18
0,2,2,14
1,0,1,0
4,0,4,0
1,0,1,0
1,0,1,0
0,1,1,8
1,0,1,0
0,6,6,8
2,0,2,0
0,7,7,2
0,1,1,13
3,0,3,0
1,0,1,0
1,0,1,0
0,3,3,64
1,0,1,0
0,5,5,11
0,1,1,12
9,0,9,0
2,0,2,0
0,3,3,7
1,0,1,0
33,0,33,0
2,0,2,0
1,0,1,0
2,0,2,0
5,0,5,0
1,0,1,0
0,6,6,0
2,0,2,0
3,0,3,0
1,0,1,0
2,0,2,0
0,1,1,54
3,0,3,0
1,0,1,0
1,0,1,0
3,0,3,0
0,3,3,59
1,0,1,0
0,1,1,12
0,27,27,24
4,0,4,0
0,4,4,1
4,0,4,0
3,0,3,0
1,0,1,0
2,0,2,0
0,1,1,26
0,2,2,10
9,0,9,0
0,1,1,37
3,0,3,0
0,1,1,11
12,0,12,0
5,0,5,0
4,0,4,0
1,0,1,0
0,1,1,59
1,0,1,0
0,2,2,28
7,0,7,0
2,0,2,0
1,0,1,0
0,17,17,0
3,0,3,0
2,0,2,0
2,0,2,0
4,0,4,0
3,0,3,0
4,0,4,0
1,0,1,0
1,0,1,0
1,0,1,0
0,115,115,120
2,0,2,0
1,0,1,0
3,0,3,0
0,2,2,2
1,0,1,0
1,0,1,0
7,0,7,0
1,0,1,0
1,0,1,0
1,0,1,0
1,0,1,0
0,9,9,77
1,0,1,0
13,0,13,0
2,0,2,0
1,0,1,0
11,0,11,0
3,0,3,0
3,0,3,0
3,0,3,0
0,7,7,2
3,0,3,0
1,0,1,0
1,0,1,0
1,0,1,0
10,0,10,0
1,0,1,0
1,0,1,0
22,0,22,0
9,0,9,0
1,0,1,0
2,0,2,0
1,0,1,0
0,2,2,46
1,0,1,0
0,1,1,3
0,11,11,35
1,0,1,0
6,0,6,0
0,8,8,5
4,0,4,0
0,1,1,162
1,0,1,0
0,1,1,0
3,0,3,0
0,1,1,3
5,0,5,0
3,0,3,0
21,0,21,0
0,1,1,36
6,0,6,0
3,0,3,0
0,1,1,8
1,0,1,0
1,0,1,0
0,7,7,74
3,0,3,0
1,0,1,0
4,0,4,0
0,3,3,43
1,0,1,0
2,0,2,0
1,0,1,0
1,0,1,0
6,0,6,0
0,5,5,7
1,0,1,0
1,0,1,0
7,0,7,0
1,0,1,0
5,0,5,0
0,3,3,0
0,1,1,12
0,8,8,3
0,2,2,58
0,1,1,11
24,0,24,0
4,0,4,0
0,7,7,1
6,0,6,0
2,0,2,0
0,2,2,3
2,0,2,0
3,0,3,0
26,0,26,0
1,0,1,0
6,0,6,0
1,0,1,0
5,0,5,0
0,2,2,17
0,1,1,1
0,6,6,64
1,0,1,0
82,0,82,0
58,0,58,0
0,2,2,4
0,15,15,65
2,0,2,0
1,0,1,0
1,0,1,0
55,0,55,0
1,0,1,0
7,0,7,0
0,12,12,37
5,0,5,0
7,0,7,0
1,0,1,0
9,0,9,0
0,21,21,11
4,0,4,0
5,0,5,0
0,5,5,8
1,0,1,0
1,0,1,0
1,0,1,0
1,0,1,0
2,0,2,0
12,0,12,0
0,3,3,7
1,0,1,0
6,0,6,0
16,0,16,0
0,3,3,32
2,0,2,0
1,0,1,0
2,0,2,0
1,0,1,0
2,0,2,0
0,1,1,33
3,0,3,0
3,0,3,0
2,0,2,0
2,0,2,0
1,0,1,0
7,0,7,0
1,0,1,0
0,4,4,1
0,9,9,0
5,0,5,0
0,2,2,8
4,0,4,0
3,0,3,0
7,0,7,0
1,0,1,0
0,7,7,41
21,0,21,0
2,0,2,0
0,2,2,1
0,7,7,16
1,0,1,0
1,0,1,0
0,3,3,5
0,1,1,19
0,9,9,23
0,12,12,9
1,0,1,0
0,2,2,13
0,4,4,3
3,0,3,0
1,0,1,0
0,3,3,22
4,0,4,0
3,0,3,0
3,0,3,0
4,0,4,0
0,1,1,4
4,0,4,0
2,0,2,0
1,0,1,0
14,0,14,0
3,0,3,0
1,0,1,0
1,0,1,0
1,0,1,0
2,0,2,0
2,0,2,0
8,0,8,0
0,60,60,16
12,0,12,0
0,24,24,2
3,0,3,0
2,0,2,0
1,0,1,0
1,0,1,0
6,0,6,0
1,0,1,0
0,1,1,78
0,1,1,8
5,0,5,0
0,95,95,5
9,0,9,0
3,0,3,0
3,0,3,0
2,0,2,0
5,0,5,0
3,0,3,0
7,0,7,0
2,0,2,0
0,11,11,49
2,0,2,0
3,0,3,0
1,0,1,0
0,22,22,8
6,0,6,0
4,0,4,0
1,0,1,0
2,0,2,0
23,0,23,0
2,0,2,0
1,0,1,0
0,12,12,33
0,2,2,4
0,1,1,3
2,0,2,0
6,0,6,0
0,1,1,27
1,0,1,0
2,0,2,0
0,3,3,45
0,15,15,50
0,1,1,10
38,0,38,0
2,0,2,0
1,0,1,0
2,0,2,0
2,0,2,0
0,5,5,63
3,0,3,0
1,0,1,0
4,0,4,0
4,0,4,0
1,0,1,0
0,1,1,38
1,0,1,0
1,0,1,0
9,0,9,0
1,0,1,0
11,0,11,0
0,1,1,1
0,9,9,3
0,5,5,20
0,2,2,2
0,1,1,1
2,0,2,0
1,0,1,0
1,0,1,0
0,1,1,38
0,13,13,54
2,0,2,0
1,0,1,0
1,0,1,0
1,0,1,0
0,1,1,20
2,0,2,0
4,0,4,0
2,0,2,0
1,0,1,0
0,1,1,38
1,0,1,0
127,0,127,0
0,130,130,255
0,1,1,10
1,0,1,0
0,2,2,0
0,2,2,29
2,0,2,0
1,0,1,0
2,0,2,0
5,0,5,0
1,0,1,0
1,0,1,0
4,0,4,0
1,0,1,0
0,1,1,0
2,0,2,0
2,0,2,0
1,0,1,0
1,0,1,0
1,0,1,0
2,0,2,0
0,1,1,1
3,0,3,0
0,239,239,4
5,0,5,0
1,0,1,0
1,0,1,0
0,2,2,25
0,3,3,7
0,10,10,0
1,0,1,0
9,0,9,0
0,2,2,9
0,1,1,26
3,0,3,0
1,0,1,0
1,0,1,0
1,0,1,0
1,0,1,0
1,0,1,0
2,0,2,0
1,0,1,0
2,0,2,0
1,0,1,0
0,1,1,6
1,0,1,0
0,2,2,26
1,0,1,0
4,0,4,0
2,0,2,0
0,194,194,36
0,1,1,2
4,0,4,0
6,0,6,0
1,0,1,0
2,0,2,0
2,0,2,0
1,0,1,0
2,0,2,0
0,21,21,17
1,0,1,0
1,0,1,0
15,0,15,0
1,0,1,0
1,0,1,0
0,3,3,5
5,0,5,0
0,4,4,0
0,1,1,3
14,0,14,0
1,0,1,0
3,0,3,0
1,0,1,0
4,0,4,0
21,0,21,0
10,0,10,0
2,0,2,0
0,8,8,18
1,0,1,0
1,0,1,0
1,0,1,0
1,0,1,0
4,0,4,0
1,0,1,0
1,0,1,0
3,0,3,0
8,0,8,0
0,2,2,1
1,0,1,0
0,43,43,12
0,4,4,8
1,0,1,0
2,0,2,0
0,1,1,3
0,26,26,3
0,64,64,135
9,0,9,0
0,3,3,5
2,0,2,0
2,0,2,0
0,1,1,0
9,0,9,0
0,9,9,20
3,0,3,0
3,0,3,0
3,0,3,0
2,0,2,0
1,0,1,0
2,0,2,0
0,21,21,51
3,0,3,0
5,0,5,0
0,1,1,7
1,0,1,0
12,0,12,0
8,0,8,0
1,0,1,0
1,0,1,0
4,0,4,0
0,1,1,8
1,0,1,0
1,0,1,0
2,0,2,0
1,0,1,0
1,0,1,0
1,0,1,0
0,1,1,0
29,0,29,0
6,0,6,0
1,0,1,0
1,0,1,0
1,0,1,0
2,0,2,0
1,0,1,0
1,0,1,0
0,39,39,23
0,1,1,18
1,0,1,0
1,0,1,0
0,1,1,28
1,0,1,0
1,0,1,0
1,0,1,0
2,0,2,0
1,0,1,0
1,0,1,0
1,0,1,0
0,4,4,2
1,0,1,0
2,0,2,0
1,0,1,0
1,0,1,0
0,4,4,15
0,15,15,5
2,0,2,0
0,2,2,1
2,0,2,0
1,0,1,0
0,1,1,0
2,0,2,0
0,16,16,1
1,0,1,0
0,4,4,8
1,0,1,0
1,0,1,0
2,0,2,0
0,3,3,25
4,0,4,0
3,0,3,0
0,5,5,1
1,0,1,0
3,0,3,0
1,0,1,0
1,0,1,0
0,9,9,6
1,0,1,0
2,0,2,0
7,0,7,0
0,1,1,2
1,0,1,0
4,0,4,0
0,2,2,0
1,0,1,0
3,0,3,0
0,5,5,81
1,0,1,0
2,0,2,0
2,0,2,0
2,0,2,0
1,0,1,0
8,0,8,0
0,1,1,4
2,0,2,0
1,0,1,0
1,0,1,0
5,0,5,0
1,0,1,0
2,0,2,0
5,0,5,0
0,9,9,3
0,1,1,0
2,0,2,0
6,0,6,0
7,0,7,0
0,1,1,4
3,0,3,0
2,0,2,0
1,0,1,0
0,19,19,7
1,0,1,0
0,1,1,23
0,1,1,5
0,4,4,6
1,0,1,0
2,0,2,0
16,0,16,0
3,0,3,0
0,6,6,22
0,6,6,7
1,0,1,0
1,0,1,0
2,0,2,0
5,0,5,0
5,0,5,0
1,0,1,0
1,0,1,0
6,0,6,0
0,2,2,1
1,0,1,0
0,23,23,6
1,0,1,0
1,0,1,0
0,2,2,3
1,0,1,0
0,4,4,1
5,0,5,0
0,9,9,26
1,0,1,0
2,0,2,0
2,0,2,0
1,0,1,0
7,0,7,0
5,0,5,0
1,0,1,0
4,0,4,0
32,0,32,0
1,0,1,0
3,0,3,0
3,0,3,0
2,0,2,0
1,0,1,0
1,0,1,0
0,1,1,0
17,0,17,0
0,1,1,0
3,0,3,0
1,0,1,0
1,0,1,0
5,0,5,0
0,2,2,2
0,1,1,14
2,0,2,0
1,0,1,0
1,0,1,0
1,0,1,0
0,74,74,38
0,11,11,33
1,0,1,0
2,0,2,0
0,1,1,0
0,1,1,2
1,0,1,0
1,0,1,0
0,36,36,4
1,0,1,0
0,57,57,43
6,0,6,0
0,61,61,47
1,0,1,0
0,16,16,40
3,0,3,0
0,2,2,54
6,0,6,0
1,0,1,0
1,0,1,0
0,8,8,9
1,0,1,0
2,0,2,0
0,4,4,10
1,0,1,0
1,0,1,0
0,1,1,8
35,0,35,0
0,3,3,44
0,15,15,12
1,0,1,0
1,0,1,0
13,0,13,0
4,0,4,0
2,0,2,0
3,0,3,0
0,2,2,0
1,0,1,0
0,2,2,0
0,1,1,100
0,10,10,10
1,0,1,0
1,0,1,0
1,0,1,0
2,0,2,0
2,0,2,0
0,1,1,5
0,26,26,13
1,0,1,0
23,0,23,0
1,0,1,0
2,0,2,0
2,0,2,0
0,1,1,10
0,6,6,55
26,0,26,0
1,0,1,0
1,0,1,0
1,0,1,0
1,0,1,0
1,0,1,0
3,0,3,0
19,0,19,0
2,0,2,0
0,5,5,0
5,0,5,0
3,0,3,0
1,0,1,0
1,0,1,0
2,0,2,0
11,0,11,0
1,0,1,0
1,0,1,0
1,0,1,0
2,0,2,0
1,0,1,0
1,0,1,0
5,0,5,0
7,0,7,0
0,1,1,3
0,2,2,12
1,0,1,0
1,0,1,0
1,0,1,0
10,0,10,0
0,3,3,0
1,0,1,0
0,1,1,48
0,2,2,55
3,0,3,0
1,0,1,0
2,0,2,0
0,7,7,2
5,0,5,0
2,0,2,0
0,9,9,38
0,1,1,34
1,0,1,0
12,0,12,0
2,0,2,0
1,0,1,0
1,0,1,0
0,5,5,19
2,0,2,0
1,0,1,0
0,1,1,36
0,18,18,5
10,0,10,0
1,0,1,0
0,11,11,52
1,0,1,0
0,5,5,12
1,0,1,0
5,0,5,0
1,0,1,0
2,0,2,0
4,0,4,0
1,0,1,0
1,0,1,0
1,0,1,0
0,7,7,5
0,2,2,17
1,0,1,0
4,0,4,0
0,2,2,32
2,0,2,0
1,0,1,0
1,0,1,0
0,6,6,50
8,0,8,0
1,0,1,0
1,0,1,0
1,0,1,0
4,0,4,0
0,89,89,4
11,0,11,0
1,0,1,0
1,0,1,0
35,0,35,0
0,1,1,4
0,9,9,7
1,0,1,0
22,0,22,0
0,4,4,4
5,0,5,0
1,0,1,0
1,0,1,0
1,0,1,0
27,0,27,0
0,2,2,2
2,0,2,0
0,3,3,4
0,34,34,6
1,0,1,0
0,1,1,1
1,0,1,0
0,6,6,66
2,0,2,0
3,0,3,0
0,1,1,8
2,0,2,0
2,0,2,0
1,0,1,0
3,0,3,0
1,0,1,0
0,6,6,77
1,0,1,0
10,0,10,0
0,1,1,47
2,0,2,0
3,0,3,0
2,0,2,0
1,0,1,0
0,1,1,1
0,1,1,4
1,0,1,0
0,1,1,52
2,0,2,0
2,0,2,0
4,0,4,0
1,0,1,0
1,0,1,0
3,0,3,0
9,0,9,0
2,0,2,0
1,0,1,0
1,0,1,0
1,0,1,0
3,0,3,0
7,0,7,0
1,0,1,0
4,0,4,0
6,0,6,0
0,2,2,5
0,3,3,7
1,0,1,0
1,0,1,0
4,0,4,0
2,0,2,0
1,0,1,0
1,0,1,0
1,0,1,0
1,0,1,0
1,0,1,0
1,0,1,0
2,0,2,0
7,0,7,0
0,15,15,4
1,0,1,0
1,0,1,0
1,0,1,0
2,0,2,0
1,0,1,0
2,0,2,0
1,0,1,0
2,0,2,0
1,0,1,0
4,0,4,0
11,0,11,0
0,2,2,42
0,8,8,4
1,0,1,0
2,0,2,0
0,5,5,33
1,0,1,0
1,0,1,0
4,0,4,0
0,57,57,50
7,0,7,0
1,0,1,0
1,0,1,0
4,0,4,0
0,1,1,1
3,0,3,0
1,0,1,0
0,5,5,10
1,0,1,0
0,1,1,236
0,4,4,6
4,0,4,0
1,0,1,0
1,0,1,0
2,0,2,0
0,1,1,17
1,0,1,0
1,0,1,0
2,0,2,0
8,0,8,0
1,0,1,0
2,0,2,0
9,0,9,0
27,0,27,0
1,0,1,0
3,0,3,0
2,0,2,0
8,0,8,0
5,0,5,0
32,0,32,0
3,0,3,0
2,0,2,0
0,2,2,0
0,2,2,0
2,0,2,0
1,0,1,0
1,0,1,0
0,1,1,2
5,0,5,0
4,0,4,0
1,0,1,0
0,78,78,1
0,3,3,9
1,0,1,0
6,0,6,0
16,0,16,0
0,2,2,31
5,0,5,0
1,0,1,0
1,0,1,0
0,4,4,25
1,0,1,0
1,0,1,0
1,0,1,0
0,3,3,11
1,0,1,0
2,0,2,0
0,1,1,25
7,0,7,0
2,0,2,0
2,0,2,0
12,0,12,0
1,0,1,0
2,0,2,0
1,0,1,0
1,0,1,0
1,0,1,0
2,0,2,0
3,0,3,0
0,8,8,10
4,0,4,0
0,1,1,0
1,0,1,0
19,0,19,0
3,0,3,0
3,0,3,0
1,0,1,0
1,0,1,0
4,0,4,0
0,4,4,1
0,4,4,11
0,8,8,8
7,0,7,0
7,0,7,0
0,1,1,21
1,0,1,0
0,3,3,1
2,0,2,0
3,0,3,0
1,0,1,0
1,0,1,0
1,0,1,0
0,3,3,9
1,0,1,0
3,0,3,0
5,0,5,0
0,1,1,0
0,2,2,11
4,0,4,0
1,0,1,0
1,0,1,0
1,0,1,0
1,0,1,0
1,0,1,0
1,0,1,0
6,0,6,0
2,0,2,0
1,0,1,0
1,0,1,0
2,0,2,0
0,10,10,32
2,0,2,0
0,27,27,9
1,0,1,0
3,0,3,0
2,0,2,0
3,0,3,0
2,0,2,0
1,0,1,0
6,0,6,0
0,1,1,13
1,0,1,0
6,0,6,0
4,0,4,0
2,0,2,0
1,0,1,0
11,0,11,0
2,0,2,0
0,2,2,4
0,4,4,2
3,0,3,0
4,0,4,0
1,0,1,0
1,0,1,0
1,0,1,0
0,8,8,11
0,1,1,52
1,0,1,0
1,0,1,0
0,83,83,6
8,0,8,0
1,0,1,0
1,0,1,0
4,0,4,0
2,0,2,0
1,0,1,0
0,1,1,2
0,1,1,0
1,0,1,0
2,0,2,0
0,1,1,1
1,0,1,0
1,0,1,0
4,0,4,0
1,0,1,0
1,0,1,0
0,5,5,32
1,0,1,0
0,1,1,2
0,8,8,0
1,0,1,0
1,0,1,0
1,0,1,0
0,4,4,4
1,0,1,0
1,0,1,0
1,0,1,0
0,11,11,56
1,0,1,0
1,0,1,0
0,7,7,83
5,0,5,0
1,0,1,0
0,8,8,10
1,0,1,0
0,7,7,2
1,0,1,0
0,1,1,24
1,0,1,0
2,0,2,0
0,2,2,64
6,0,6,0
1,0,1,0
5,0,5,0
0,2,2,2
0,20,20,10
3,0,3,0
0,2,2,27
1,0,1,0
2,0,2,0
0,19,19,20
1,0,1,0
2,0,2,0
1,0,1,0
2,0,2,0
1,0,1,0
5,0,5,0
0,31,31,0
1,0,1,0
1,0,1,0
14,0,14,0
0,39,39,20
0,26,26,28
4,0,4,0
1,0,1,0
2,0,2,0
1,0,1,0
0,2,2,0
1,0,1,0
1,0,1,0
0,4,4,2
1,0,1,0
1,0,1,0
1,0,1,0
1,0,1,0
3,0,3,0
0,1,1,9
0,1,1,1
11,0,11,0
3,0,3,0
9,0,9,0
1,0,1,0
0,2,2,3
2,0,2,0
0,3,3,12
1,0,1,0
21,0,21,0
1,0,1,0
0,3,3,27
1,0,1,0
1,0,1,0
2,0,2,0
0,1,1,17
0,3,3,0
0,4,4,40
1,0,1,0
6,0,6,0
1,0,1,0
1,0,1,0
1,0,1,0
0,2,2,13
1,0,1,0
0,1,1,5
3,0,3,0
0,5,5,2
2,0,2,0
0,1,1,2
0,12,12,37
1,0,1,0
1,0,1,0
0,8,8,12
3,0,3,0
4,0,4,0
1,0,1,0
1,0,1,0
6,0,6,0
4,0,4,0
1,0,1,0
1,0,1,0
0,1,1,14
3,0,3,0
0,10,10,3
12,0,12,0
1,0,1,0
2,0,2,0
0,9,9,7
1,0,1,0
1,0,1,0
2,0,2,0
3,0,3,0
9,0,9,0
1,0,1,0
0,2,2,8
1,0,1,0
1,0,1,0
1,0,1,0
0,1,1,60
2,0,2,0
1,0,1,0
2,0,2,0
0,3,3,20
6,0,6,0
0,1,1,18
23,0,23,0
2,0,2,0
0,3,3,14
2,0,2,0
1,0,1,0
21,0,21,0
1,0,1,0
0,2,2,5
0,2,2,21
4,0,4,0
0,2,2,5
3,0,3,0
6,0,6,0
0,5,5,1
0,1,1,2
0,3,3,4
1,0,1,0
3,0,3,0
21,0,21,0
2,0,2,0
1,0,1,0
1,0,1,0
0,2,2,6
1,0,1,0
3,0,3,0
0,1,1,51
3,0,3,0
3,0,3,0
1,0,1,0
5,0,5,0
3,0,3,0
2,0,2,0
0,3,3,87
4,0,4,0
2,0,2,0
4,0,4,0
0,8,8,9
0,2,2,5
0,1,1,2
1,0,1,0
7,0,7,0
2,0,2,0
1,0,1,0
1,0,1,0
0,1,1,4
1,0,1,0
1,0,1,0
3,0,3,0
2,0,2,0
2,0,2,0
3,0,3,0
0,18,18,32
5,0,5,0
1,0,1,0
0,1,1,68
2,0,2,0
3,0,3,0
2,0,2,0
1,0,1,0
2,0,2,0
3,0,3,0
5,0,5,0
13,0,13,0
1,0,1,0
27,0,27,0
0,1,1,2
1,0,1,0
2,0,2,0
2,0,2,0
1,0,1,0
1,0,1,0
1,0,1,0
1,0,1,0
1,0,1,0
1,0,1,0
1,0,1,0
0,1,1,6
1,0,1,0
3,0,3,0
0,21,21,13
2,0,2,0
1,0,1,0
1,0,1,0
0,1,1,5
0,3,3,3
6,0,6,0
0,8,8,14
1,0,1,0
2,0,2,0
2,0,2,0
5,0,5,0
1,0,1,0
35,0,35,0
1,0,1,0
2,0,2,0
0,3,3,7
0,1,1,0
0,99,99,64
89,0,89,0
1,0,1,0
0,1,1,4
3,0,3,0
4,0,4,0
3,0,3,0
2,0,2,0
2,0,2,0
0,2,2,8
1,0,1,0
0,19,19,4
4,0,4,0
49,0,49,0
1,0,1,0
2,0,2,0
2,0,2,0
0,1,1,1
3,0,3,0
1,0,1,0
28,0,28,0
1,0,1,0
1,0,1,0
1,0,1,0
0,1,1,1
0,1,1,0
55,0,55,0
0,2,2,10
3,0,3,0
0,1,1,14
1,0,1,0
8,0,8,0
5,0,5,0
6,0,6,0
5,0,5,0
1,0,1,0
0,2,2,6
2,0,2,0
3,0,3,0
1,0,1,0
1,0,1,0
12,0,12,0
2,0,2,0
3,0,3,0
1,0,1,0
19,0,19,0
0,1,1,1
2,0,2,0
2,0,2,0
114,0,114,0
1,0,1,0
10,0,10,0
0,8,8,1
1,0,1,0
1,0,1,0
1,0,1,0
2,0,2,0
2,0,2,0
10,0,10,0
0,1,1,0
9,0,9,0
1,0,1,0
3,0,3,0
0,1,1,4
0,6,6,35
2,0,2,0
8,0,8,0
1,0,1,0
1,0,1,0
0,2,2,8
2,0,2,0
2,0,2,0
1,0,1,0
0,5,5,1
2,0,2,0
1,0,1,0
6,0,6,0
22,0,22,0
3,0,3,0
2,0,2,0
1,0,1,0
1,0,1,0
0,12,12,48
0,4,4,7
3,0,3,0
0,1,1,12
1,0,1,0
4,0,4,0
1,0,1,0
2,0,2,0
0,1,1,1
3,0,3,8
0,24,24,33
30,0,30,0
1,0,1,0
1,0,1,0
2,0,2,0
2,0,2,0
3,0,3,0
1,0,1,0
1,0,1,0
2,0,2,0
16,0,16,0
1,0,1,0
0,2,2,40
1,0,1,0
0,44,44,11
0,1,1,23
2,0,2,0
1,0,1,0
1,0,1,0
0,58,58,2
2,0,2,0
3,0,3,0
1,0,1,0
134,0,134,0
7,0,7,0
1,0,1,0
1,0,1,0
1,0,1,0
1,0,1,0
2,0,2,0
0,1,1,6
1,0,1,0
0,2,2,1
5,0,5,0
1,0,1,0
1,0,1,0
28,0,28,0
2,0,2,0
3,0,3,0
2,0,2,0
1,0,1,0
1,0,1,0
1,0,1,0
1,0,1,0
0,1,1,133
15,0,15,0
3,0,3,0
1,0,1,0
6,0,6,0
3,0,3,0
0,3,3,3
0,2,2,61
1,0,1,0
11,0,11,0
0,10,10,0
2,0,2,0
0,1,1,0
2,0,2,0
1,0,1,0
2,0,2,0
1,0,1,0
2,0,2,0
0,12,12,2
1,0,1,0
2,0,2,0
2,0,2,0
4,0,4,0
1,0,1,0
0,18,18,159
6,0,6,0
2,0,2,0
0,1,1,1
1,0,1,0
1,0,1,0
0,2,2,8
3,0,3,0
3,0,3,0
6,0,6,0
2,0,2,0
1,0,1,0
1,0,1,0
1,0,1,0
4,43,47,5
1,0,1,0
4,0,4,0
8,0,8,0
0,2,2,3
1,0,1,0
0,4,4,51
0,9,9,0
0,2,2,10
0,2,2,3
0,3,3,6
5,0,5,0
0,25,25,1
2,0,2,0
0,11,11,13
4,0,4,0
2,0,2,0
18,0,18,0
1,0,1,0
2,0,2,0
1,0,1,0
0,2,2,1
2,0,2,0
0,1,1,4
1,0,1,0
0,1,1,5
0,8,8,42
1,0,1,0
2,0,2,0
5,0,5,0
1,0,1,0
1,0,1,0
1,0,1,0
1,0,1,0
0,6,6,9
5,0,5,0
4,0,4,0
1,0,1,0
13,0,13,0
0,4,4,1
2,0,2,0
1,0,1,0
4,0,4,0
3,0,3,0
2,0,2,0
2,0,2,0
1,0,1,0
0,1,1,5
1,0,1,0
1,0,1,0
3,0,3,0
2,0,2,0
0,1,1,15
1,0,1,0
0,2,2,65
0,126,126,16
1,0,1,0
1,0,1,0
117,0,117,0
1,0,1,0
1,0,1,0
1,0,1,0
46,0,46,0
1,0,1,0
0,2,2,4
2,0,2,0
1,0,1,0
5,0,5,0
5,0,5,0
0,1,1,2
4,0,4,0
1,0,1,0
7,0,7,0
3,0,3,0
2,0,2,0
0,2,2,0
0,3,3,12
1,0,1,0
3,0,3,0
0,5,5,0
50,0,50,0
3,0,3,0
1,0,1,0
0,1,1,5
1,0,1,0
1,0,1,0
1,0,1,0
4,29,33,516
1,0,1,0
2,0,2,0
1,0,1,0
5,0,5,0
1,0,1,0
6,0,6,0
0,2,2,25
1,0,1,0
0,1,1,0
1,0,1,0
2,0,2,0
1,0,1,0
1,0,1,0
0,10,10,1
2,0,2,0
0,2,2,4
4,0,4,0
0,1,1,9
0,1,1,0
0,2,2,7
1,0,1,0
1,0,1,0
1,0,1,0
2,0,2,0
1,0,1,0
0,65,65,2
1,0,1,0
0,2,2,13
0,9,9,1
3,0,3,0
1,0,1,0
5,0,5,0
0,5,5,1
2,0,2,0
1,0,1,0
0,6,6,14
0,16,16,4
5,0,5,0
2,0,2,0
1,0,1,0
1,0,1,0
1,0,1,0
0,18,18,31
1,0,1,0
1,0,1,0
1,0,1,0
1,0,1,0
4,0,4,0
1,0,1,0
1,0,1,0
5,0,5,0
2,0,2,0
3,0,3,0
23,0,23,0
1,0,1,0
0,1,1,2
0,1,1,14
0,1,1,1
1,0,1,0
0,4,4,3
11,0,11,0
1,0,1,0
0,46,46,3
1,0,1,0
0,1,1,3
3,0,3,0
2,0,2,0
1,0,1,0
3,0,3,0
5,0,5,0
1,0,1,0
6,0,6,0
1,0,1,0
0,1,1,165
2,0,2,0
3,0,3,0
0,5,5,16
0,2,2,1
0,11,11,21
2,0,2,0
6,0,6,0
1,0,1,0
1,0,1,0
0,2,2,1
3,0,3,0
4,0,4,0
0,1,1,2
0,4,4,14
1,0,1,0
2,0,2,0
0,8,8,3
1,0,1,0
0,1,1,18
1,0,1,0
1,0,1,0
0,5,5,14
1,0,1,0
3,0,3,0
1,0,1,0
1,0,1,0
0,1,1,5
0,2,2,5
1,0,1,0
1,0,1,0
0,5,5,0
8,0,8,0
1,0,1,0
0,4,4,82
2,0,2,0
1,0,1,0
1,0,1,0
1,0,1,0
1,0,1,0
1,0,1,0
1,0,1,0
1,0,1,0
1,0,1,0
29,0,29,0
0,1,1,4
23,0,23,0
0,5,5,13
2,0,2,0
1,0,1,0
0,2,2,0
0,2,2,14
1,0,1,0
1,0,1,0
1,0,1,0
1,0,1,0
25,0,25,0
2,0,2,0
1,0,1,0
6,0,6,0
1,0,1,0
2,0,2,0
0,13,13,0
1,0,1,0
0,1,1,0
0,4,4,14
3,0,3,0
1,0,1,0
15,0,15,0
1,0,1,0
1,0,1,0
11,0,11,0
1,0,1,0
4,0,4,0
3,0,3,0
1,0,1,0
0,49,49,7
1,0,1,0
1,0,1,0
1,0,1,0
2,0,2,0
1,0,1,0
1,0,1,0
1,0,1,0
0,1,1,140
4,0,4,0
1,0,1,0
23,0,23,0
4,0,4,0
0,5,5,6
1,0,1,0
3,0,3,0
0,1,1,0
4,0,4,0
1,0,1,0
3,0,3,0
1,0,1,0
1,0,1,0
3,0,3,0
5,0,5,0
0,1,1,7
6,0,6,0
7,0,7,0
2,0,2,0
1,0,1,0
3,0,3,0
4,0,4,0
1,0,1,0
16,0,16,0
3,0,3,0
1,0,1,0
1,0,1,0
1,0,1,0
7,0,7,0
0,6,6,0
2,0,2,0
1,0,1,0
1,0,1,0
1,0,1,0
1,0,1,0
6,0,6,0
2,0,2,0
0,1,1,19
16,0,16,0
0,1,1,2
2,0,2,0
2,0,2,0
0,2,2,35
14,0,14,0
10,0,10,0
2,0,2,0
1,0,1,0
3,0,3,0
0,87,87,61
0,1,1,14
3,0,3,0
18,0,18,0
1,0,1,0
4,0,4,0
9,0,9,0
1,0,1,0
1,0,1,0
6,0,6,0
1,0,1,0
2,0,2,0
11,0,11,0
1,0,1,0
0,17,17,0
0,3,3,4
1,0,1,0
1,0,1,0
0,35,35,7
2,0,2,0
2,0,2,0
1,0,1,0
1,0,1,0
0,4,4,52
5,0,5,0
1,0,1,0
3,0,3,0
6,0,6,0
1,0,1,0
2,0,2,0
0,4,4,8
2,0,2,0
1,0,1,0
1,0,1,0
1,0,1,0
1,0,1,0
0,1,1,0
3,0,3,0
1,0,1,0
1,0,1,0
2,0,2,0
1,0,1,0
2,0,2,0
9,0,9,0
1,0,1,0
1,0,1,0
0,4,4,15
3,0,3,0
0,12,12,136
3,0,3,0
9,0,9,0
1,0,1,0
0,2,2,36
7,0,7,0
4,0,4,0
0,45,45,7
0,3,3,1
0,3,3,2
0,16,16,23
1,0,1,0
1,0,1,0
1,0,1,0
3,0,3,0
0,2,2,5
0,55,55,27
6,0,6,0
0,1,1,19
0,3,3,1
1,0,1,0
1,0,1,0
1,0,1,0
1,0,1,0
0,4,4,16
2,0,2,0
0,27,27,1
3,0,3,0
1,0,1,0
4,0,4,0
1,0,1,0
2,0,2,0
1,0,1,0
0,1,1,5
6,0,6,0
2,0,2,0
1,0,1,0
3,0,3,0
0,4,4,7
0,1,1,48
1,0,1,0
0,1,1,1
1,0,1,0
1,0,1,0
5,0,5,0
18,0,18,0
0,3,3,10
2,0,2,0
1,0,1,0
0,1,1,0
1,0,1,0
3,0,3,0
11,0,11,0
14,0,14,0
1,0,1,0
0,3,3,0
0,1,1,4
1,0,1,0
1,0,1,0
1,0,1,0
1,0,1,0
1,0,1,0
0,2,2,51
1,0,1,0
1,0,1,0
0,3,3,13
0,2,2,3
1,0,1,0
0,2,2,0
0,4,4,0
1,0,1,0
9,0,9,0
2,0,2,0
1,0,1,0
0,44,44,3
0,1,1,0
8,0,8,0
0,4,4,6
0,1,1,5
1,0,1,0
1,0,1,0
6,0,6,0
0,2,2,1
3,0,3,0
0,2,2,39
3,0,3,0
4,0,4,0
0,19,19,28
1,0,1,0
1,0,1,0
0,9,9,33
0,10,10,52
1,0,1,0
0,1,1,7
1,0,1,0
1,0,1,0
2,0,2,0
5,0,5,0
0,2,2,16
1,0,1,0
2,0,2,0
3,0,3,0
2,0,2,0
0,1,1,1
0,1,1,4
2,0,2,0
3,0,3,0
0,79,79,18
1,0,1,0
8,0,8,0
0,1,1,10
2,0,2,0
0,55,55,0
3,0,3,0
0,3,3,21
1,0,1,0
2,0,2,0
6,0,6,0
7,0,7,0
14,0,14,0
1,0,1,0
2,0,2,0
0,2,2,14
1,0,1,0
1,0,1,0
4,0,4,0
0,7,7,24
1,0,1,0
0,1,1,44
0,2,2,3
1,0,1,0
1,0,1,0
1,0,1,0
4,0,4,0
4,0,4,0
0,2,2,57
27,0,27,0
3,0,3,0
44,0,44,0
2,0,2,0
18,0,18,0
3,0,3,0
1,0,1,0
30,0,30,0
2,0,2,0
19,0,19,0
0,1,1,5
1,0,1,0
4,0,4,0
0,9,9,0
7,0,7,0
0,6,6,58
147,0,147,0
1,0,1,0
1,0,1,0
2,0,2,0
1,0,1,0
1,0,1,0
1,0,1,0
1,0,1,0
7,0,7,0
1,0,1,0
0,2,2,17
3,0,3,0
4,0,4,0
2,0,2,0
1,0,1,0
1,0,1,0
0,17,17,37
1,0,1,0
2,0,2,0
2,0,2,0
1,0,1,0
1,0,1,0
1,0,1,0
1,0,1,0
1,0,1,0
13,0,13,0
2,0,2,0
1,0,1,0
8,0,8,0
1,0,1,0
1,0,1,0
0,9,9,57
0,151,151,1
3,0,3,0
3,0,3,0
1,0,1,0
6,0,6,0
6,0,6,0
13,0,13,0
2,0,2,0
1,0,1,0
0,3,3,41
0,1,1,20
2,0,2,0
0,1,1,11
0,10,10,68
1,0,1,0
0,6,6,12
4,0,4,0
1,0,1,0
2,0,2,0
1,0,1,0
3,0,3,0
1,0,1,0
0,40,40,7
0,13,13,0
5,0,5,0
2,0,2,0
5,0,5,0
7,0,7,0
1,0,1,0
2,0,2,0
4,0,4,0
1,0,1,0
1,0,1,0
1,0,1,0
2,0,2,0
2,0,2,0
2,0,2,0
0,5,5,27
3,0,3,0
2,0,2,0
0,1,1,8
4,0,4,0
1,0,1,0
0,2,2,11
2,0,2,0
17,0,17,0
1,0,1,0
1,0,1,0
0,2,2,5
9,0,9,0
0,21,21,4
4,0,4,0
2,0,2,0
1,0,1,0
1,0,1,0
0,2,2,11
0,1,1,11
0,1,1,64
0,1,1,115
2,0,2,0
1,0,1,0
6,0,6,0
0,2,2,12
0,1,1,2
0,1,1,21
3,0,3,0
1,0,1,0
1,0,1,0
0,8,8,0
1,0,1,0
0,3,3,18
1,0,1,0
1,0,1,0
2,0,2,0
0,1,1,22
1,0,1,0
0,6,6,18
1,0,1,0
0,1,1,3
3,0,3,0
4,0,4,0
2,0,2,0
3,0,3,0
1,0,1,0
1,0,1,0
0,1,1,3
2,0,2,0
2,0,2,0
1,0,1,0
3,0,3,0
1,0,1,0
3,0,3,0
0,1,1,41
4,0,4,0
20,0,20,0
2,0,2,0
1,0,1,0
1,0,1,0
2,0,2,0
1,0,1,0
5,0,5,0
7,0,7,0
0,2,2,11
1,0,1,0
1,0,1,0
0,1,1,6
1,0,1,0
1,0,1,0
0,1,1,15
6,0,6,0
2,0,2,0
0,14,14,17
2,0,2,0
1,0,1,0
1,0,1,0
2,0,2,0
1,0,1,0
5,0,5,0
1,0,1,0
2,0,2,0
1,0,1,0
0,3,3,70
1,0,1,0
4,0,4,0
0,19,19,1
2,0,2,0
1,0,1,0
2,0,2,0
1,0,1,0
5,0,5,0
1,0,1,0
5,0,5,0
1,0,1,0
3,0,3,0
2,0,2,0
1,0,1,0
1,0,1,0
1,0,1,0
1,0,1,0
1,0,1,0
1,0,1,0
1,0,1,0
0,18,18,45
1,0,1,0
1,0,1,0
0,14,14,3
5,0,5,0
40,0,40,0
0,1,1,4
1,0,1,0
0,1,1,0
1,0,1,0
1,0,1,0
1,0,1,0
6,0,6,0
8,0,8,0
2,0,2,0
0,210,210,9
0,1,1,1
1,0,1,0
1,0,1,0
0,62,62,14
64,0,64,0
1,0,1,0
1,0,1,0
4,0,4,0
2,0,2,0
1,0,1,0
1,0,1,0
1,0,1,0
5,0,5,0
1,0,1,0
1,0,1,0
2,0,2,0
0,5,5,0
0,10,10,0
0,2,2,1
0,4,4,2
1,0,1,0
0,3,3,17
3,0,3,0
0,32,32,42
1,0,1,0
0,2,2,0
5,0,5,0
1,0,1,0
5,0,5,0
1,0,1,0
1,0,1,0
1,0,1,0
1,0,1,0
0,1,1,5
1,0,1,0
0,1,1,0
1,0,1,0
6,0,6,0
0,8,8,44
7,0,7,0
1,0,1,0
7,0,7,0
0,1,1,0
0,18,18,27
0,1,1,14
0,2,2,2
1,0,1,0
1,0,1,0
0,310,310,7
151,0,151,0
1,0,1,0
4,0,4,0
1,0,1,0
3,0,3,0
1,0,1,0
0,1,1,19
2,0,2,0
0,1,1,1
0,5,5,1
1,0,1,0
10,0,10,0
5,0,5,0
0,1,1,1
17,0,17,0
0,10,10,13
0,4,4,2
3,0,3,0
0,1,1,36
1,0,1,0
0,7,7,72
0,13,13,30
8,0,8,0
0,5,5,4
1,0,1,0
1,0,1,0
2,0,2,0
2,0,2,0
19,0,19,0
0,2,2,1
0,1,1,29
0,1,1,3
2,0,2,0
0,4,4,52
0,1,1,133
0,1,1,1
2,0,2,0
0,1,1,42
1,0,1,0
5,0,5,0
1,0,1,0
0,7,7,32
1,0,1,0
0,15,15,17
4,0,4,0
6,0,6,0
1,0,1,0
0,3,3,5
1,0,1,0
0,213,213,11
2,0,2,0
1,0,1,0
1,0,1,0
1,0,1,0
1,0,1,0
8,0,8,0
0,32,32,6
0,4,4,42
0,4,4,59
5,0,5,0
3,0,3,0
1,0,1,0
5,0,5,0
0,2,2,1
1,0,1,0
0,3,3,0
2,0,2,0
0,50,50,39
0,2,2,8
1,0,1,0
2,0,2,0
1,0,1,0
1,0,1,0
3,0,3,0
3,0,3,0
0,2,2,19
3,0,3,0
4,0,4,0
0,35,35,8
2,0,2,0
1,0,1,0
0,3,3,3
4,0,4,0
1,0,1,0
1,0,1,0
1,0,1,0
1,0,1,0
1,0,1,0
0,3,3,28
6,0,6,0
1,0,1,0
1,0,1,0
0,8,8,2
0,6,6,6
2,0,2,0
1,0,1,0
3,0,3,0
3,0,3,0
1,0,1,0
1,0,1,0
0,3,3,36
1,0,1,0
1,0,1,0
0,10,10,13
3,0,3,0
1,0,1,0
4,0,4,0
6,0,6,0
1,0,1,0
0,3,3,20
4,0,4,0
2,0,2,0
0,15,15,1
10,0,10,0
5,0,5,0
2,0,2,0
1,0,1,0
0,21,21,30
18,0,18,0
2,0,2,0
5,0,5,0
0,1,1,1
1,0,1,0
1,0,1,0
4,0,4,0
1,0,1,0
2,0,2,0
1,0,1,0
1,0,1,0
1,0,1,0
2,0,2,0
0,60,60,23
5,0,5,0
1,0,1,0
1,0,1,0
1,0,1,0
1,0,1,0
3,0,3,0
2,0,2,0
0,6,6,70
4,0,4,0
0,108,108,10
0,1,1,18
1,0,1,0
1,0,1,0
1,0,1,0
1,0,1,0
0,41,41,2
6,0,6,0
2,0,2,0
5,0,5,0
8,0,8,0
1,0,1,0
1,0,1,0
0,64,64,94
0,6,6,7
4,0,4,0
6,0,6,0
1,0,1,0
1,0,1,0
2,0,2,0
1,0,1,0
0,36,36,2
6,0,6,0
1,0,1,0
3,0,3,0
1,0,1,0
6,0,6,0
0,3,3,3
1,0,1,0
0,1,1,9
0,3,3,4
1,0,1,0
2,0,2,0
15,0,15,0
0,35,35,7
14,0,14,0
2,0,2,0
8,0,8,0
0,2,2,14
1,0,1,0
1,0,1,0
1,0,1,0
1,0,1,0
0,32,32,14
1,0,1,0
1,0,1,0
4,0,4,0
1,0,1,0
4,0,4,0
0,2,2,0
0,35,35,51
2,0,2,0
0,5,5,9
2,0,2,0
6,0,6,0
1,0,1,0
1,0,1,0
1,0,1,0
1,0,1,0
1,0,1,0
2,0,2,0
1,0,1,0
3,0,3,0
1,0,1,0
0,6,6,1
3,0,3,0
1,0,1,0
3,0,3,0
6,0,6,0
0,3,3,9
0,4,4,18
1,0,1,0
0,1,1,6
2,0,2,0
5,0,5,0
0,49,49,11
1,0,1,0
2,0,2,0
0,1,1,2
1,0,1,0
1,0,1,0
1,0,1,0
1,0,1,0
2,0,2,0
2,0,2,0
1,0,1,0
0,18,18,0
2,0,2,0
14,0,14,0
2,0,2,0
2,0,2,0
6,0,6,0
1,0,1,0
21,0,21,0
1,0,1,0
2,0,2,0
0,1,1,0
5,0,5,0
1,0,1,0
0,2,2,4
2,0,2,0
0,1,1,3
4,0,4,0
0,1,1,10
0,1,1,25
0,10,10,2
2,0,2,0
1,0,1,0
2,0,2,0
0,6,6,0
9,0,9,0
2,0,2,0
1,0,1,0
1,0,1,0
1,0,1,0
1,0,1,0
0,4,4,1
2,0,2,0
1,0,1,0
0,1,1,1
0,22,22,1
20,0,20,0
1,0,1,0
1,0,1,0
1,0,1,0
0,18,18,8
0,2,2,0
14,0,14,0
0,2,2,77
0,1,1,11
1,0,1,0
0,4,4,48
13,0,13,0
1,0,1,0
0,3,3,8
12,0,12,0
4,0,4,0
1,0,1,0
5,0,5,0
1,0,1,0
2,0,2,0
1,0,1,0
1,0,1,0
1,0,1,0
0,1,1,4
1,0,1,0
2,0,2,0
1,0,1,0
0,7,7,45
1,0,1,0
0,11,11,5
1,0,1,0
4,0,4,0
1,0,1,0
1,0,1,0
0,2,2,3
1,0,1,0
0,11,11,10
17,0,17,0
0,5,5,6
0,18,18,10
0,5,5,6
0,1,1,6
2,0,2,0
0,17,17,39
2,0,2,0
2,0,2,0
0,3,3,25
3,0,3,0
1,0,1,0
50,0,50,0
16,0,16,0
5,0,5,0
1,0,1,0
3,0,3,0
2,0,2,0
1,0,1,0
0,7,7,25
5,0,5,0
3,0,3,0
2,0,2,0
1,0,1,0
4,0,4,0
0,1,1,3
2,0,2,0
1,0,1,0
13,0,13,0
1,0,1,0
1,0,1,0
1,0,1,0
1,0,1,0
2,0,2,0
0,2,2,0
2,0,2,0
5,0,5,0
1,0,1,0
1,0,1,0
3,0,3,0
2,0,2,0
0,7,7,10
6,0,6,0
1,0,1,0
4,0,4,0
1,0,1,0
2,0,2,0
2,0,2,0
0,17,17,26
2,0,2,0
3,0,3,0
1,0,1,0
1,0,1,0
1,0,1,0
1,0,1,0
4,0,4,0
1,0,1,0
0,3,3,10
1,0,1,0
1,0,1,0
7,0,7,0
2,0,2,0
2,0,2,0
1,0,1,0
0,18,18,2
3,0,3,0
0,1,1,55
1,0,1,0
2,0,2,0
1,0,1,0
12,0,12,0
1,0,1,0
2,0,2,0
1,0,1,0
2,0,2,0
3,0,3,0
0,4,4,1
0,4,4,3
0,9,9,2
3,0,3,0
1,0,1,0
4,0,4,0
23,0,23,0
0,1,1,0
3,0,3,0
2,0,2,0
2,0,2,0
1,0,1,0
3,0,3,0
0,16,16,30
0,1,1,0
2,0,2,0
1,0,1,0
2,0,2,0
0,1,1,25
1,0,1,0
2,0,2,0
0,160,160,4
1,0,1,0
2,0,2,0
4,0,4,0
1,0,1,0
0,25,25,14
0,1,1,41
1,0,1,0
0,32,32,6
2,0,2,0
9,0,9,0
1,0,1,0
2,0,2,0
2,0,2,0
2,0,2,0
1,0,1,0
1,0,1,0
4,0,4,0
0,4,4,4
0,18,18,18
1,0,1,0
2,0,2,0
0,1,1,15
1,0,1,0
1,0,1,0
0,1,1,0
2,0,2,0
0,2,2,4
3,0,3,0
0,1,1,0
19,0,19,0
2,0,2,0
1,0,1,0
1,0,1,0
1,0,1,0
2,0,2,0
1,0,1,0
0,3,3,32
0,3,3,11
1,0,1,0
1,0,1,0
0,5,5,0
1,0,1,0
1,0,1,0
1,0,1,0
1,0,1,0
5,0,5,0
2,0,2,0
1,0,1,0
1,0,1,0
1,0,1,0
0,3,3,31
0,1,1,0
0,13,13,8
1,0,1,0
2,0,2,0
4,0,4,0
0,2,2,21
6,0,6,0
3,0,3,0
2,0,2,0
0,11,11,4
0,1,1,10
2,0,2,0
3,0,3,0
1,0,1,0
1,0,1,0
1,0,1,0
2,0,2,0
0,2,2,27
8,0,8,0
0,16,16,0
9,0,9,0
1,0,1,0
2,0,2,0
1,0,1,0
1,0,1,0
2,0,2,0
1,0,1,0
1,0,1,0
10,0,10,0
1,0,1,0
3,0,3,0
3,0,3,0
2,0,2,0
1,0,1,0
0,4,4,77
1,0,1,0
0,1,1,6
4,0,4,0
0,6,6,8
0,18,18,32
9,0,9,0
2,0,2,0
0,4,4,46
0,3,3,1
0,6,6,1
0,1,1,0
0,2,2,25
8,0,8,0
0,1,1,0
3,0,3,0
1,0,1,0
1,0,1,0
4,0,4,0
0,3,3,16
1,0,1,0
0,5,5,1
1,0,1,0
1,0,1,0
0,6,6,44
1,0,1,0
0,4,4,2
3,0,3,0
1,0,1,0
1,0,1,0
1,0,1,0
2,0,2,0
2,0,2,0
4,0,4,0
2,0,2,0
2,0,2,0
1,0,1,0
9,0,9,0
2,0,2,0
0,10,10,3
0,34,34,29
0,2,2,1
1,0,1,0
1,0,1,0
1,0,1,0
1,0,1,0
1,0,1,0
0,8,8,19
6,0,6,0
1,0,1,0
2,0,2,0
0,2,2,7
2,0,2,0
2,0,2,0
1,0,1,0
1,0,1,0
6,0,6,0
1,0,1,0
0,3,3,9
4,0,4,0
0,9,9,19
1,0,1,0
0,14,14,6
2,0,2,0
6,0,6,0
1,0,1,0
1,0,1,0
1,0,1,0
0,1,1,0
2,0,2,0
1,0,1,0
1,0,1,0
3,0,3,0
0,1,1,0
1,0,1,0
3,0,3,0
1,0,1,0
1,0,1,0
0,15,15,10
0,1,1,23
2,0,2,0
2,0,2,0
0,3,3,9
1,0,1,0
1,0,1,0
2,0,2,0
3,0,3,0
1,0,1,0
1,0,1,0
0,21,21,8
2,0,2,0
1,0,1,0
2,0,2,0
2,0,2,0
1,0,1,0
1,0,1,0
1,0,1,0
0,2,2,2
1,0,1,0
5,0,5,0
9,0,9,0
1,0,1,0
0,3,3,2
6,0,6,0
40,0,40,0
20,0,20,0
2,0,2,0
1,0,1,0
1,0,1,0
30,0,30,0
0,1,1,5
0,11,11,1
0,1,1,5
1,0,1,0
1,0,1,0
3,0,3,0
1,0,1,0
1,0,1,0
0,1,1,3
1,0,1,0
1,0,1,0
11,0,11,0
1,0,1,0
1,0,1,0
0,1,1,5
0,1,1,0
1,0,1,0
1,0,1,0
1,0,1,0
2,0,2,0
0,5,5,4
2,0,2,0
2,0,2,0
0,2,2,6
2,0,2,0
2,0,2,0
3,0,3,0
1,0,1,0
4,0,4,0
1,0,1,0
2,0,2,0
0,4,4,2
2,0,2,0
0,1,1,2
1,0,1,0
4,0,4,0
1,0,1,0
8,0,8,0
1,0,1,0
1,0,1,0
3,0,3,0
25,0,25,0
0,19,19,29
10,0,10,0
2,0,2,0
1,0,1,0
3,0,3,0
1,0,1,0
1,0,1,0
1,0,1,0
3,0,3,0
1,0,1,0
1,0,1,0
0,18,18,1
11,0,11,0
1,0,1,0
1,0,1,0
0,1,1,21
0,1,1,8
1,0,1,0
0,1,1,31
1,0,1,0
1,0,1,0
1,0,1,0
0,2,2,28
3,0,3,0
2,0,2,0
0,12,12,1
10,0,10,0
0,1,1,0
1,0,1,0
0,3,3,5
2,0,2,0
0,1,1,0
1,0,1,0
1,0,1,0
18,0,18,0
4,0,4,0
1,0,1,0
2,0,2,0
1,0,1,0
2,0,2,0
1,0,1,0
1,0,1,0
0,2,2,54
4,0,4,0
0,6,6,4
0,1,1,1
1,0,1,0
2,0,2,0
15,0,15,0
2,0,2,0
0,1,1,15
1,0,1,0
10,0,10,0
0,4,4,0
0,8,8,5
0,5,5,5
2,0,2,0
0,17,17,10
0,68,68,2
6,0,6,0
6,0,6,0
0,1,1,1
1,0,1,0
3,0,3,0
4,0,4,0
3,0,3,0
1,0,1,0
1,0,1,0
0,1,1,0
1,0,1,0
1,0,1,0
2,0,2,0
1,0,1,0
1,0,1,0
5,0,5,0
0,46,46,1
0,1,1,29
1,0,1,0
1,0,1,0
9,0,9,0
2,0,2,0
0,1,1,9
1,0,1,0
0,1,1,1
4,0,4,0
20,0,20,0
1,0,1,0
1,0,1,0
1,0,1,0
6,0,6,0
0,5,5,7
1,0,1,0
4,0,4,0
1,0,1,0
0,16,16,1
2,0,2,0
1,0,1,0
1,0,1,0
0,4,4,2
1,0,1,0
1,0,1,0
1,0,1,0
0,5,5,5
1,0,1,0
1,0,1,0
1,0,1,0
7,0,7,0
1,0,1,0
2,0,2,0
2,0,2,0
7,0,7,0
2,0,2,0
5,0,5,0
1,0,1,0
1,0,1,0
4,0,4,0
4,0,4,0
9,0,9,0
0,1,1,12
1,0,1,0
0,4,4,86
0,20,20,3
1,0,1,0
0,1,1,0
18,0,18,0
0,7,7,5
0,5,5,1
3,0,3,0
0,1,1,4
0,5,5,24
0,1,1,13
0,13,13,8
4,0,4,0
0,1,1,0
0,4,4,0
0,18,18,11
1,0,1,0
1,0,1,0
1,0,1,0
0,62,62,119
6,0,6,0
1,0,1,0
0,1,1,0
2,0,2,0
1,0,1,0
4,0,4,0
0,33,33,6
0,1,1,2
0,1,1,39
3,0,3,0
4,0,4,0
1,0,1,0
61,0,61,0
0,2,2,7
5,0,5,0
1,0,1,0
0,12,12,7
1,0,1,0
10,0,10,0
2,0,2,0
1,0,1,0
1,0,1,0
1,0,1,0
3,0,3,0
1,0,1,0
1,0,1,0
24,0,24,0
2,0,2,0
0,13,13,32
2,0,2,0
20,0,20,0
0,1,1,11
1,0,1,0
0,13,13,55
2,0,2,0
1,0,1,0
1,0,1,0
2,0,2,0
0,1,1,5
8,0,8,0
0,2,2,12
1,0,1,0
2,0,2,0
1,0,1,0
2,0,2,0
0,2,2,11
1,0,1,0
2,0,2,0
0,96,96,3
2,0,2,0
1,0,1,0
0,5,5,12
3,0,3,0
13,0,13,0
5,0,5,0
0,1,1,26
1,0,1,0
1,0,1,0
1,0,1,0
2,0,2,0
2,0,2,0
2,0,2,0
3,0,3,0
4,0,4,0
0,2,2,3
0,2,2,0
3,0,3,0
0,2,2,3
1,0,1,0
16,0,16,0
0,2,2,5
2,0,2,0
0,2,2,16
1,0,1,0
2,0,2,0
0,4,4,8
0,2,2,1
1,0,1,0
2,0,2,0
1,0,1,0
10,0,10,0
2,0,2,0
1,0,1,0
23,0,23,0
4,0,4,0
13,0,13,0
4,0,4,0
1,0,1,0
2,0,2,0
9,0,9,0
0,8,8,4
1,0,1,0
1,0,1,0
1,0,1,0
0,1,1,47
1,0,1,0
1,0,1,0
7,0,7,0
0,4,4,2
0,2,2,2
0,12,12,16
4,0,4,0
3,0,3,0
3,0,3,0
0,7,7,4
1,0,1,0
1,0,1,0
0,3,3,57
3,0,3,0
3,0,3,0
1,0,1,0
0,2,2,165
2,0,2,0
1,0,1,0
0,20,20,30
0,3,3,8
1,0,1,0
2,0,2,0
2,0,2,0
2,0,2,0
1,0,1,0
7,0,7,0
4,0,4,0
4,0,4,0
0,1,1,1
1,0,1,0
1,0,1,0
5,0,5,0
0,1,1,3
0,1,1,9
3,0,3,0
1,0,1,0
45,0,45,0
0,2,2,20
0,1,1,35
2,0,2,0
0,6,6,16
1,0,1,0
0,1,1,11
3,0,3,0
1,0,1,0
3,0,3,0
1,0,1,0
1,0,1,0
0,1,1,0
2,0,2,0
58,0,58,0
0,51,51,8
1,0,1,0
0,1,1,8
0,1,1,17
36,0,36,0
0,20,20,2
4,0,4,0
1,0,1,0
0,6,6,23
0,1,1,16
1,0,1,0
3,0,3,0
15,0,15,0
0,14,14,15
1,0,1,0
1,0,1,0
1,0,1,0
2,0,2,0
2,0,2,0
1,0,1,0
0,8,8,6
9,0,9,0
1,0,1,0
1,0,1,0
14,0,14,0
1,0,1,0
1,0,1,0
1,0,1,0
1,0,1,0
1,0,1,0
0,1,1,21
10,0,10,0
6,0,6,0
3,0,3,0
0,2,2,94
1,0,1,0
3,0,3,0
9,0,9,0
1,0,1,0
2,0,2,0
33,0,33,0
1,0,1,0
0,3,3,23
2,0,2,0
1,0,1,0
2,0,2,0
1,0,1,0
1,0,1,0
4,0,4,0
1,0,1,0
1,0,1,0
20,0,20,0
1,0,1,0
3,0,3,0
1,0,1,0
5,0,5,0
3,0,3,0
1,0,1,0
2,0,2,0
1,0,1,0
2,0,2,0
5,0,5,0
3,0,3,0
1,0,1,0
22,0,22,0
0,1,1,29
1,0,1,0
1,0,1,0
0,1,1,20
1,0,1,0
0,7,7,25
1,0,1,0
2,0,2,0
0,7,7,0
0,6,6,4
2,0,2,0
1,0,1,0
1,0,1,0
1,0,1,0
0,16,16,85
1,0,1,0
0,3,3,9
1,0,1,0
3,0,3,0
0,13,13,23
1,0,1,0
1,0,1,0
1,0,1,0
1,0,1,0
3,0,3,0
1,0,1,0
6,0,6,0
0,19,19,13
10,0,10,0
3,0,3,0
1,0,1,0
4,0,4,0
0,3,3,19
17,0,17,0
0,3,3,0
0,1,1,11
15,0,15,0
0,1,1,0
16,0,16,0
0,2,2,21
1,0,1,0
1,0,1,0
1,0,1,0
1,0,1,0
1,0,1,0
1,0,1,0
17,0,17,0
11,0,11,0
0,2,2,14
5,0,5,0
0,3,3,0
3,0,3,0
0,4,4,10
0,2,2,32
2,0,2,0
27,0,27,0
1,0,1,0
0,2,2,5
1,0,1,0
1,0,1,0
2,0,2,0
0,7,7,1
0,1,1,2
0,2,2,29
2,0,2,0
2,0,2,0
3,0,3,0
8,0,8,0
0,2,2,1
0,1,1,1
23,0,23,0
0,48,48,2
6,0,6,0
1,0,1,0
0,3,3,23
1,0,1,0
4,0,4,0
2,0,2,0
0,1,1,42
0,1,1,11
1,0,1,0
28,0,28,0
5,0,5,0
0,1,1,11
0,1,1,33
0,3,3,7
1,0,1,0
0,2,2,12
3,0,3,0
2,0,2,0
7,0,7,0
1,0,1,0
0,3,3,4
1,0,1,0
2,0,2,0
0,14,14,7
1,0,1,0
0,14,14,2
2,0,2,0
2,0,2,0
11,0,11,0
3,0,3,0
2,0,2,0
0,15,15,20
12,0,12,0
0,6,6,0
10,0,10,0
0,4,4,11
0,6,6,0
1,0,1,0
4,0,4,0
2,0,2,0
1,0,1,0
1,0,1,0
0,1,1,10
0,1,1,8
4,0,4,0
1,0,1,0
1,0,1,0
2,0,2,0
2,0,2,0
2,0,2,0
0,1,1,30
3,0,3,0
2,0,2,0
1,0,1,0
1,0,1,0
1,0,1,0
1,0,1,0
0,6,6,14
5,0,5,0
0,1,1,14
3,0,3,0
2,0,2,0
0,1,1,42
1,0,1,0
1,0,1,0
1,0,1,0
1,0,1,0
3,0,3,0
2,0,2,0
1,0,1,0
0,4,4,0
1,0,1,0
2,0,2,0
0,1,1,30
2,0,2,0
0,1,1,11
5,0,5,0
8,0,8,0
1,0,1,0
1,0,1,0
1,0,1,0
4,0,4,0
2,0,2,0
17,0,17,0
1,0,1,0
2,0,2,0
0,3,3,79
1,0,1,0
2,0,2,0
0,11,11,1
2,0,2,0
0,1,1,8
0,229,229,1
2,0,2,0
4,0,4,0
0,19,19,21
1,0,1,0
0,17,17,4
2,0,2,0
0,2,2,29
3,0,3,0
0,3,3,2
2,0,2,0
2,0,2,0
2,0,2,0
0,3,3,14
4,0,4,0
1,0,1,0
1,0,1,0
0,8,8,10
3,0,3,0
0,8,8,1
0,1,1,22
1,0,1,0
2,0,2,0
1,0,1,0
0,1,1,1
1,0,1,0
0,3,3,22
1,0,1,0
3,0,3,0
1,0,1,0
6,0,6,0
1,0,1,0
3,0,3,0
1,0,1,0
1,0,1,0
2,0,2,0
20,0,20,0
0,1,1,5
0,5,5,36
1,0,1,0
1,0,1,0
1,0,1,0
3,0,3,0
1,0,1,0
3,0,3,0
1,0,1,0
1,0,1,0
1,0,1,0
2,0,2,0
0,8,8,1
0,3,3,0
4,0,4,0
0,8,8,8
1,0,1,0
1,0,1,0
2,0,2,0
4,0,4,0
1,0,1,0
2,0,2,0
0,6,6,0
0,1,1,24
2,0,2,0
1,0,1,0
0,1,1,12
1,0,1,0
1,0,1,0
20,0,20,0
1,0,1,0
57,0,57,0
1,0,1,0
1,0,1,0
1,0,1,0
1,0,1,0
0,29,29,33
0,1,1,9
1,0,1,0
1,0,1,0
7,0,7,0
1,0,1,0
3,0,3,0
1,0,1,0
0,1,1,14
1,0,1,0
3,0,3,0
4,0,4,0
1,0,1,0
3,0,3,0
2,0,2,0
3,0,3,0
20,0,20,0
1,0,1,0
1,0,1,0
0,24,24,1
37,0,37,0
0,1,1,2
0,1,1,3
1,0,1,0
1,0,1,0
1,0,1,0
1,0,1,0
1,0,1,0
3,0,3,0
0,17,17,17
2,0,2,0
0,2,2,34
0,9,9,105
5,0,5,0
1,0,1,0
0,8,8,1
1,0,1,0
1,0,1,0
0,4,4,6
6,0,6,0
1,0,1,0
3,0,3,0
3,0,3,0
1,0,1,0
0,4,4,28
1,0,1,0
1,0,1,0
3,0,3,0
3,0,3,0
1,0,1,0
1,0,1,0
1,0,1,0
0,1,1,20
4,0,4,0
1,0,1,0
0,4,4,10
0,3,3,31
19,0,19,0
2,0,2,0
2,0,2,0
0,6,6,12
6,0,6,0
0,120,120,4
4,0,4,0
6,0,6,0
0,6,6,36
1,0,1,0
2,0,2,0
0,1,1,9
1,0,1,0
0,10,10,1
4,0,4,0
4,0,4,0
5,0,5,0
1,0,1,0
0,2,2,16
4,0,4,0
2,0,2,0
0,1,1,3
1,0,1,0
16,0,16,0
1,0,1,0
0,3,3,0
0,2,2,117
5,0,5,0
1,0,1,0
1,0,1,0
6,0,6,0
0,6,6,83
1,0,1,0
25,0,25,0
0,1,1,42
1,0,1,0
3,0,3,0
1,0,1,0
1,0,1,0
21,0,21,0
2,0,2,0
6,0,6,0
1,0,1,0
1,0,1,0
1,0,1,0
0,1,1,13
0,1,1,21
2,0,2,0
0,126,126,37
0,30,30,80
29,0,29,0
1,0,1,0
1,0,1,0
1,0,1,0
1,0,1,0
1,0,1,0
1,0,1,0
0,1,1,0
1,0,1,0
0,3,3,9
10,0,10,0
0,6,6,0
1,0,1,0
5,0,5,0
3,0,3,0
0,2,2,79
1,0,1,0
0,2,2,26
0,5,5,2
1,0,1,0
1,0,1,0
1,0,1,0
0,4,4,0
2,0,2,0
1,0,1,0
1,0,1,0
0,19,19,30
1,0,1,0
7,0,7,0
4,0,4,0
1,0,1,0
3,0,3,0
3,0,3,0
0,1,1,3
1,0,1,0
4,0,4,0
1,0,1,0
7,0,7,0
0,20,20,23
1,0,1,0
11,0,11,0
0,1,1,0
1,0,1,0
2,0,2,0
0,5,5,0
0,24,24,12
0,40,40,1
1,0,1,0
1,0,1,0
1,0,1,0
1,0,1,0
0,1,1,6
7,0,7,0
1,0,1,0
2,0,2,0
1,0,1,0
1,0,1,0
1,0,1,0
2,0,2,0
3,0,3,0
0,1,1,0
1,0,1,0
5,0,5,0
1,0,1,0
1,0,1,0
1,0,1,0
2,0,2,0
1,0,1,0
0,5,5,77
4,0,4,0
5,0,5,0
1,0,1,0
4,0,4,0
0,13,13,27
2,0,2,0
0,2,2,5
1,0,1,0
2,0,2,0
1,0,1,0
1,0,1,0
1,0,1,0
0,4,4,29
0,11,11,32
2,0,2,0
1,0,1,0
1,0,1,0
1,0,1,0
1,0,1,0
0,1,1,28
2,0,2,0
3,0,3,0
0,21,21,16
1,0,1,0
1,0,1,0
8,0,8,0
0,7,7,0
1,0,1,0
9,0,9,0
0,3,3,26
0,1,1,2
0,4,4,13
0,2,2,8
6,0,6,0
1,0,1,0
1,0,1,0
6,0,6,0
3,0,3,0
2,0,2,0
2,0,2,0
0,2,2,4
1,0,1,0
0,1,1,3
2,0,2,0
0,2,2,5
4,0,4,0
3,0,3,0
2,0,2,0
1,0,1,0
5,0,5,0
4,0,4,0
1,0,1,0
5,0,5,0
1,0,1,0
10,0,10,0
1,0,1,0
2,0,2,0
0,1,1,3
3,0,3,0
0,7,7,3
0,43,43,58
1,0,1,0
1,0,1,0
1,0,1,0
1,0,1,0
1,0,1,0
0,2,2,0
2,0,2,0
0,2,2,45
1,0,1,0
2,0,2,0
1,0,1,0
9,0,9,0
32,0,32,0
1,0,1,0
1,0,1,0
0,1,1,164
0,1,1,27
1,0,1,0
0,23,23,0
3,0,3,0
0,1,1,0
2,0,2,0
0,1,1,14
1,0,1,0
4,0,4,0
1,0,1,0
17,0,17,0
0,4,4,33
0,36,36,12
1,0,1,0
2,0,2,0
0,3,3,4
1,0,1,0
0,17,17,22
8,0,8,0
1,0,1,0
2,0,2,0
1,0,1,0
0,1,1,13
0,1,1,1
0,5,5,5
1,0,1,0
1,0,1,0
0,2,2,2
0,2,2,75
2,0,2,0
2,0,2,0
7,0,7,0
0,2,2,31
0,1,1,28
1,0,1,0
1,0,1,0
3,0,3,0
1,0,1,0
0,20,20,23
1,0,1,0
0,3,3,16
0,1,1,22
15,0,15,0
2,0,2,0
1,0,1,0
2,0,2,0
1,0,1,0
0,1,1,16
0,8,8,33
0,3,3,34
2,0,2,0
1,0,1,0
2,0,2,0
2,0,2,0
3,0,3,0
4,0,4,0
2,0,2,0
2,0,2,0
1,0,1,0
1,0,1,0
1,0,1,0
2,0,2,0
1,0,1,0
1,0,1,0
0,1,1,1
1,0,1,0
1,0,1,0
2,0,2,0
6,0,6,0
1,0,1,0
1,0,1,0
1,0,1,0
5,0,5,0
0,2,2,33
1,0,1,0
2,0,2,0
1,0,1,0
2,0,2,0
1,0,1,0
0,36,36,0
4,0,4,0
3,0,3,0
1,0,1,0
1,0,1,0
0,2,2,2
7,0,7,0
1,0,1,0
0,6,6,5
4,0,4,0
1,0,1,0
1,0,1,0
7,0,7,0
1,0,1,0
2,0,2,0
18,0,18,0
2,0,2,0
1,0,1,0
1,0,1,0
1,0,1,0
3,0,3,0
2,0,2,0
5,0,5,0
1,0,1,0
1,0,1,0
1,0,1,0
1,0,1,0
0,1,1,0
15,0,15,0
3,0,3,0
4,0,4,0
0,1,1,16
1,0,1,0
0,4,4,3
6,0,6,0
0,28,28,13
0,1,1,1
3,0,3,0
3,0,3,0
1,0,1,0
1,0,1,0
1,0,1,0
3,0,3,0
0,2,2,2
1,0,1,0
3,0,3,0
3,0,3,0
13,0,13,0
1,0,1,0
1,0,1,0
1,0,1,0
1,0,1,0
1,0,1,0
0,2,2,9
7,0,7,0
0,7,7,22
1,0,1,0
0,4,4,2
1,0,1,0
1,0,1,0
2,0,2,0
1,0,1,0
3,0,3,0
1,0,1,0
5,0,5,0
0,3,3,0
1,0,1,0
1,0,1,0
2,0,2,0
0,1,1,0
106,0,106,0
5,0,5,0
1,0,1,0
7,0,7,0
7,0,7,0
7,0,7,0
7,0,7,0
5,0,5,0
1,0,1,0
2,0,2,0
0,2,2,19
2,0,2,0
0,5,5,6
0,12,12,0
0,1,1,22
2,0,2,0
1,0,1,0
1,0,1,0
1,0,1,0
1,0,1,0
0,1,1,96
2,0,2,0
4,0,4,0
3,0,3,0
0,1,1,5
1,0,1,0
1,0,1,0
2,0,2,0
3,0,3,0
1,0,1,0
0,20,20,3
2,0,2,0
0,1,1,43
1,0,1,0
18,0,18,0
2,0,2,0
1,0,1,0
0,2,2,1
0,1,1,29
7,0,7,0
1,0,1,0
1,0,1,0
1,0,1,0
2,0,2,0
0,3,3,78
0,3,3,3
1,0,1,0
2,0,2,0
3,0,3,0
1,0,1,0
1,0,1,0
1,0,1,0
0,3,3,1
8,0,8,0
0,2,2,0
4,0,4,0
0,3,3,3
7,0,7,0
3,0,3,0
3,0,3,0
2,0,2,0
2,0,2,0
0,1,1,99
0,1,1,2
7,0,7,0
1,0,1,0
2,0,2,0
17,0,17,0
4,0,4,0
2,0,2,0
3,0,3,0
1,0,1,0
1,0,1,0
1,0,1,0
3,0,3,0
1,0,1,0
1,0,1,0
0,3,3,3
0,1,1,64
0,3,3,0
1,0,1,0
1,0,1,0
0,10,10,27
22,0,22,0
8,0,8,0
0,14,14,0
1,0,1,0
0,1,1,1
1,0,1,0
1,0,1,0
2,0,2,0
0,2,2,9
0,1,1,50
3,0,3,0
3,0,3,0
1,0,1,0
2,0,2,0
1,0,1,0
2,0,2,0
5,0,5,0
0,1,1,8
3,0,3,0
0,1,1,24
0,8,8,1
1,0,1,0
1,0,1,0
1,0,1,0
0,1,1,11
2,0,2,0
1,0,1,0
0,16,16,4
2,0,2,0
0,11,11,8
0,2,2,23
2,0,2,0
4,0,4,0
5,0,5,0
1,0,1,0
0,10,10,5
2,0,2,0
0,18,18,11
29,0,29,0
0,2,2,6
3,0,3,0
1,0,1,0
3,0,3,0
4,0,4,0
1,0,1,0
1,0,1,0
0,1,1,2
1,0,1,0
0,3,3,30
10,0,10,0
2,0,2,0
0,1,1,10
11,0,11,0
8,0,8,0
1,0,1,0
1,0,1,0
9,0,9,0
1,0,1,0
0,8,8,1
2,0,2,0
4,0,4,0
1,0,1,0
1,0,1,0
0,2,2,0
1,0,1,0
1,0,1,0
17,0,17,0
9,0,9,0
4,0,4,0
0,16,16,0
1,0,1,0
36,0,36,0
19,0,19,0
2,0,2,0
2,0,2,0
4,0,4,0
1,0,1,0
3,0,3,0
2,0,2,0
3,0,3,0
6,0,6,0
2,0,2,0
0,2,2,5
0,2,2,16
9,0,9,0
1,0,1,0
1,0,1,0
1,0,1,0
1,0,1,0
1,0,1,0
1,0,1,0
2,0,2,0
1,0,1,0
2,0,2,0
0,2,2,6
2,0,2,0
2,0,2,0
1,0,1,0
1,0,1,0
0,3,3,19
9,0,9,0
1,0,1,0
6,0,6,0
1,0,1,0
6,0,6,0
1,0,1,0
0,42,42,5
2,0,2,0
0,11,11,21
1,0,1,0
0,1,1,13
7,0,7,0
4,0,4,0
1,0,1,0
1,0,1,0
2,0,2,0
1,0,1,0
2,0,2,0
14,0,14,0
1,0,1,0
1,0,1,0
0,1,1,5
1,0,1,0
3,0,3,0
1,0,1,0
3,0,3,0
1,0,1,0
1,0,1,0
1,0,1,0
1,0,1,0
2,0,2,0
1,0,1,0
3,0,3,0
1,0,1,0
0,1,1,6
6,0,6,0
1,0,1,0
9,0,9,0
0,2,2,0
1,0,1,0
2,0,2,0
0,4,4,10
8,0,8,0
0,1,1,13
0,7,7,29
1,0,1,0
1,0,1,0
5,0,5,0
1,0,1,0
4,0,4,0
0,2,2,9
1,0,1,0
0,1,1,0
2,0,2,0
7,0,7,0
0,2,2,29
0,1,1,12
0,1,1,3
0,1,1,3
1,0,1,0
2,0,2,0
0,12,12,4
2,0,2,0
6,0,6,0
0,4,4,39
5,0,5,0
0,2,2,9
1,0,1,0
0,1,1,2
1,0,1,0
1,0,1,0
0,1,1,4
0,8,8,20
1,0,1,0
1,0,1,0
0,1,1,52
2,0,2,0
6,0,6,0
1,0,1,0
142,0,142,0
1,0,1,0
0,1,1,6
3,0,3,0
1,0,1,0
1,0,1,0
2,0,2,0
0,2,2,11
1,0,1,0
1,0,1,0
13,0,13,0
2,0,2,0
9,0,9,0
3,0,3,0
0,1,1,1
0,10,10,42
2,0,2,0
1,0,1,0
1,0,1,0
6,0,6,0
1,0,1,0
0,35,35,46
27,0,27,0
4,0,4,0
5,0,5,0
1,0,1,0
0,4,4,3
0,1,1,14
1,0,1,0
0,18,18,9
22,0,22,0
1,0,1,0
3,0,3,0
1,0,1,0
0,24,24,2
1,0,1,0
7,0,7,0
2,0,2,0
3,0,3,0
3,0,3,0
1,0,1,0
0,3,3,70
1,0,1,0
0,35,35,5
59,0,59,0
1,0,1,0
3,0,3,0
1,0,1,0
1,0,1,0
0,13,13,7
2,0,2,0
1,0,1,0
2,0,2,0
1,0,1,0
0,3,3,18
0,15,15,34
1,0,1,0
0,5,5,72
0,3,3,7
5,0,5,0
3,0,3,0
22,0,22,0
2,0,2,0
1,0,1,0
1,0,1,0
1,0,1,0
1,0,1,0
2,0,2,0
0,31,31,43
29,0,29,0
3,0,3,0
1,0,1,0
6,0,6,0
2,0,2,0
1,0,1,0
1,0,1,0
0,3,3,7
1,0,1,0
2,0,2,0
2,0,2,0
1,0,1,0
0,5,5,0
1,0,1,0
1,0,1,0
1,0,1,0
1,0,1,0
0,21,21,3
1,0,1,0
1,0,1,0
0,2,2,0
2,0,2,0
5,0,5,0
1,0,1,0
1,0,1,0
1,0,1,0
2,0,2,0
1,0,1,0
0,2,2,0
1,0,1,0
0,6,6,16
0,2,2,27
1,0,1,0
0,1,1,57
0,9,9,21
4,0,4,0
1,0,1,0
5,0,5,0
0,15,15,2
1,0,1,0
0,7,7,3
1,0,1,0
2,0,2,0
2,0,2,0
0,1,1,11
0,4,4,1
1,0,1,0
0,1,1,21
1,0,1,0
0,4,4,8
4,0,4,0
1,0,1,0
5,0,5,0
1,0,1,0
0,4,4,12
3,0,3,0
3,0,3,0
6,0,6,0
0,1,1,18
1,0,1,0
0,2,2,8
0,1,1,0
1,0,1,0
3,0,3,0
0,1,1,2
0,3,3,104
1,0,1,0
1,0,1,0
1,0,1,0
1,0,1,0
1,0,1,0
2,0,2,0
0,23,23,55
1,0,1,0
1,0,1,0
2,0,2,0
1,0,1,0
1,0,1,0
2,0,2,0
0,1,1,1
1,0,1,0
1,0,1,0
0,27,27,3
0,43,43,16
1,0,1,0
22,0,22,0
3,0,3,0
1,0,1,0
3,0,3,0
1,0,1,0
2,0,2,0
1,0,1,0
16,0,16,0
0,2,2,1
1,0,1,0
1,0,1,0
1,0,1,0
0,2,2,1
0,1,1,17
3,0,3,0
1,0,1,0
1,0,1,0
1,0,1,0
1,0,1,0
0,66,66,43
1,0,1,0
1,0,1,0
0,1,1,1
3,0,3,0
1,0,1,0
4,0,4,0
1,0,1,0
1,0,1,0
5,0,5,0
3,0,3,0
0,9,9,16
4,0,4,0
1,0,1,0
2,0,2,0
1,0,1,0
1,0,1,0
46,0,46,0
1,0,1,0
1,0,1,0
3,0,3,0
5,0,5,0
4,0,4,0
2,0,2,0
3,0,3,0
0,9,9,0
1,0,1,0
1,0,1,0
0,7,7,54
33,0,33,0
0,4,4,28
2,0,2,0
0,1,1,6
3,0,3,0
1,0,1,0
0,2,2,0
1,0,1,0
2,0,2,0
1,0,1,0
3,0,3,0
1,0,1,0
2,0,2,0
1,0,1,0
0,38,38,31
0,2,2,9
1,0,1,0
1,0,1,0
1,0,1,0
0,1,1,3
0,3,3,3
10,0,10,0
17,0,17,0
1,0,1,0
8,0,8,0
1,0,1,0
1,0,1,0
1,0,1,0
0,1,1,1
0,6,6,27
0,2,2,2
0,3,3,64
3,0,3,0
3,0,3,0
1,0,1,0
3,0,3,0
0,4,4,28
3,0,3,0
7,0,7,0
2,0,2,0
0,6,6,4
1,0,1,0
1,0,1,0
1,0,1,0
57,0,57,0
1,0,1,0
0,1,1,25
0,1,1,3
0,2,2,7
7,0,7,0
2,0,2,0
0,2,2,1
4,0,4,0
2,0,2,0
0,88,88,21
1,0,1,0
3,0,3,0
3,0,3,0
1,0,1,0
3,0,3,0
1,0,1,0
2,0,2,0
3,0,3,0
2,0,2,0
0,9,9,1
3,0,3,0
0,3,3,15
1,0,1,0
3,0,3,0
2,0,2,0
1,0,1,0
0,1,1,24
1,0,1,0
34,0,34,0
1,0,1,0
1,0,1,0
10,0,10,0
1,0,1,0
1,0,1,0
1,0,1,0
1,0,1,0
1,0,1,0
3,0,3,0
1,0,1,0
0,25,25,34
2,0,2,0
0,2,2,4
1,0,1,0
0,2,2,0
3,0,3,0
0,6,6,17
1,0,1,0
2,0,2,0
1,0,1,0
0,2,2,18
1,0,1,0
13,0,13,0
1,0,1,0
1,0,1,0
1,0,1,0
1,0,1,0
0,1,1,14
4,0,4,0
2,0,2,0
1,0,1,0
3,0,3,0
2,0,2,0
2,0,2,0
1,0,1,0
8,0,8,0
1,0,1,0
0,22,22,0
1,0,1,0
1,0,1,0
8,0,8,0
0,2,2,9
0,4,4,1
2,0,2,0
0,1,1,10
1,0,1,0
4,0,4,0
5,0,5,0
0,68,68,17
14,0,14,0
3,0,3,0
3,0,3,0
1,0,1,0
0,1,1,34
2,0,2,0
12,0,12,0
2,0,2,0
1,0,1,0
1,0,1,0
1,0,1,0
1,0,1,0
0,1,1,8
6,0,6,0
2,0,2,0
13,0,13,0
1,0,1,0
1,0,1,0
1,0,1,0
0,1,1,1
0,8,8,11
0,1,1,0
7,0,7,0
1,0,1,0
1,0,1,0
0,3,3,1
0,12,12,42
7,0,7,0
47,0,47,0
2,0,2,0
0,8,8,5
0,19,19,2
1,0,1,0
2,0,2,0
2,0,2,0
10,0,10,0
0,2,2,2
3,0,3,0
1,0,1,0
1,0,1,0
0,5,5,23
1,0,1,0
2,0,2,0
2,0,2,0
1,0,1,0
1,0,1,0
1,0,1,0
4,0,4,0
0,1,1,7
3,0,3,0
5,0,5,0
1,0,1,0
1,0,1,0
2,0,2,0
1,0,1,0
0,1,1,0
0,2,2,5
1,0,1,0
1,0,1,0
0,2,2,17
21,0,21,0
2,0,2,0
1,0,1,0
3,0,3,0
1,0,1,0
2,0,2,0
0,11,11,9
0,37,37,0
0,1,1,3
5,0,5,0
1,0,1,0
2,0,2,0
3,0,3,0
2,0,2,0
1,0,1,0
0,11,11,10
0,2,2,7
1,0,1,0
3,0,3,0
0,1,1,6
0,2,2,6
7,0,7,0
0,5,5,19
5,0,5,0
8,0,8,0
1,0,1,0
14,0,14,0
2,0,2,0
1,0,1,0
2,0,2,0
1,0,1,0
1,0,1,0
1,0,1,0
1,0,1,0
0,8,8,4
1,0,1,0
5,0,5,0
0,1,1,8
1,0,1,0
3,0,3,0
1,0,1,0
1,0,1,0
0,3,3,44
1,0,1,0
1,0,1,0
1,0,1,0
12,0,12,0
2,0,2,0
2,0,2,0
30,0,30,0
2,0,2,0
1,0,1,0
3,0,3,0
53,0,53,0
3,0,3,0
0,1,1,77
7,0,7,0
2,0,2,0
1,0,1,0
1,0,1,0
3,0,3,0
2,0,2,0
4,0,4,0
0,1,1,0
2,0,2,0
2,0,2,0
5,0,5,0
0,16,16,40
7,0,7,0
1,0,1,0
0,8,8,27
6,0,6,0
0,1,1,41
1,0,1,0
1,0,1,0
2,0,2,0
13,0,13,0
6,0,6,0
1,0,1,0
1,0,1,0
1,0,1,0
1,0,1,0
1,0,1,0
0,3,3,5
0,1,1,3
1,0,1,0
15,0,15,0
1,0,1,0
0,2,2,1
1,0,1,0
1,0,1,0
1,0,1,0
0,20,20,5
3,0,3,0
1,0,1,0
4,0,4,0
2,0,2,0
0,1,1,5
3,0,3,0
6,0,6,0
0,1,1,4
2,0,2,0
5,0,5,0
0,2,2,0
2,0,2,0
0,9,9,8
2,0,2,0
2,0,2,0
0,3,3,7
3,0,3,0
0,1,1,23
5,0,5,0
0,1,1,0
30,0,30,0
1,0,1,0
0,4,4,1
1,0,1,0
0,1,1,142
0,3,3,114
2,0,2,0
2,0,2,0
3,0,3,0
2,0,2,0
2,0,2,0
0,4,4,23
8,0,8,0
4,0,4,0
3,0,3,0
0,52,52,30
60,0,60,0
1,0,1,0
3,0,3,0
3,0,3,0
1,0,1,0
1,0,1,0
6,0,6,0
2,0,2,0
1,0,1,0
1,0,1,0
0,7,7,1
1,0,1,0
2,0,2,0
0,4,4,4
1,0,1,0
6,0,6,0
12,0,12,0
0,1,1,2
0,3,3,0
0,8,8,6
3,0,3,0
0,1,1,9
1,0,1,0
0,13,13,12
2,0,2,0
1,0,1,0
2,0,2,0
6,0,6,0
0,24,24,21
0,2,2,6
0,5,5,28
2,0,2,0
2,0,2,0
0,24,24,12
0,1,1,70
3,0,3,0
1,0,1,0
3,0,3,0
1,0,1,0
1,0,1,0
2,0,2,0
0,1,1,16
20,0,20,0
2,0,2,0
27,0,27,0
0,1,1,2
0,5,5,7
1,0,1,0
2,0,2,0
1,0,1,0
1,0,1,0
1,0,1,0
3,0,3,0
1,0,1,0
1,0,1,0
2,0,2,0
1,0,1,0
1,0,1,0
4,0,4,0
3,0,3,0
0,4,4,4
1,0,1,0
7,0,7,0
0,3,3,3
5,0,5,0
3,0,3,0
2,0,2,0
1,0,1,0
4,0,4,0
0,8,8,6
1,0,1,0
0,23,23,35
2,0,2,0
7,0,7,0
1,0,1,0
1,0,1,0
2,0,2,0
2,0,2,0
1,0,1,0
0,1,1,0
1,0,1,0
1,0,1,0
0,1,1,0
0,1,1,50
0,3,3,25
0,25,25,17
6,0,6,0
1,0,1,0
1,0,1,0
4,0,4,0
0,14,14,16
0,2,2,1
1,0,1,0
1,0,1,0
7,0,7,0
1,0,1,0
1,0,1,0
0,5,5,24
1,0,1,0
2,0,2,0
1,0,1,0
34,0,34,0
0,1,1,0
0,3,3,82
29,0,29,0
0,4,4,4
1,0,1,0
0,1,1,3
2,0,2,0
4,0,4,0
1,0,1,0
1,0,1,0
2,0,2,0
0,1,1,25
3,0,3,0
0,1,1,1
0,1,1,2
3,0,3,0
4,0,4,0
4,0,4,0
2,0,2,0
1,0,1,0
0,1,1,11
0,40,40,9
1,0,1,0
1,0,1,0
1,0,1,0
3,0,3,0
2,0,2,0
0,2,2,56
0,1,1,49
2,0,2,0
1,0,1,0
1,0,1,0
0,2,2,13
3,0,3,0
0,16,16,67
1,0,1,0
2,0,2,0
1,0,1,0
2,0,2,0
0,1,1,0
0,5,5,1
1,0,1,0
0,8,8,33
2,0,2,0
3,0,3,0
1,0,1,0
1,0,1,0
0,2,2,3
0,1,1,8
0,3,3,0
0,2,2,4
2,0,2,0
30,0,30,0
0,4,4,0
1,0,1,0
14,0,14,0
0,2,2,56
0,12,12,0
1,0,1,0
2,0,2,0
0,2,2,25
0,1,1,1
3,0,3,0
2,0,2,0
4,0,4,0
3,0,3,0
2,0,2,0
0,2,2,47
4,0,4,0
0,3,3,26
0,18,18,39
3,0,3,0
1,0,1,0
2,0,2,0
1,0,1,0
12,0,12,0
0,2,2,0
1,0,1,0
0,2,2,93
1,0,1,0
5,0,5,0
0,27,27,1
3,0,3,0
1,0,1,0
1,0,1,0
0,1,1,0
0,2,2,12
11,0,11,0
7,0,7,0
1,0,1,0
0,6,6,4
1,0,1,0
0,47,47,12
2,0,2,0
0,2,2,54
1,0,1,0
3,0,3,0
2,0,2,0
2,0,2,0
6,0,6,0
2,0,2,0
3,0,3,0
3,0,3,0
3,0,3,0
0,2,2,0
2,0,2,0
0,1,1,10
0,1,1,1
1,0,1,0
0,1,1,18
2,0,2,0
0,3,3,84
7,0,7,0
3,0,3,0
2,0,2,0
2,0,2,0
4,0,4,0
2,0,2,0
2,0,2,0
1,0,1,0
0,4,4,5
8,0,8,0
1,0,1,0
1,0,1,0
2,0,2,0
1,0,1,0
0,6,6,13
4,0,4,0
1,0,1,0
1,0,1,0
1,0,1,0
1,0,1,0
0,1,1,4
8,0,8,0
1,0,1,0
1,0,1,0
5,0,5,0
1,0,1,0
6,0,6,0
0,2,2,7
1,0,1,0
0,1,1,0
1,0,1,0
0,5,5,26
1,0,1,0
5,0,5,0
1,0,1,0
0,1,1,21
1,0,1,0
1,0,1,0
1,0,1,0
0,1,1,1
1,0,1,0
0,4,4,60
1,0,1,0
1,0,1,0
1,0,1,0
1,0,1,0
1,0,1,0
1,0,1,0
0,4,4,66
1,0,1,0
1,0,1,0
9,0,9,0
0,2,2,0
2,0,2,0
2,0,2,0
1,0,1,0
1,0,1,0
0,1,1,6
1,0,1,0
1,0,1,0
1,0,1,0
0,3,3,7
2,0,2,0
3,0,3,0
1,0,1,0
0,22,22,0
1,0,1,0
0,1,1,3
0,5,5,2
2,0,2,0
1,0,1,0
2,0,2,0
0,7,7,12
0,1,1,7
3,0,3,0
1,0,1,0
2,0,2,0
4,0,4,0
1,0,1,0
1,0,1,0
0,1,1,3
1,0,1,0
0,8,8,10
0,1,1,35
1,0,1,0
2,0,2,0
1,0,1,0
2,0,2,0
2,0,2,0
0,4,4,5
6,0,6,0
1,0,1,0
24,0,24,0
1,0,1,0
0,2,2,2
5,0,5,0
1,0,1,0
1,0,1,0
0,2,2,17
1,0,1,0
0,4,4,0
0,2,2,0
1,0,1,0
0,1,1,3
10,0,10,0
1,0,1,0
3,0,3,0
0,21,21,6
4,0,4,0
1,0,1,0
1,0,1,0
4,0,4,0
1,0,1,0
2,0,2,0
1,0,1,0
1,0,1,0
2,0,2,0
0,1,1,16
3,0,3,0
4,0,4,0
0,1,1,53
1,0,1,0
1,0,1,0
2,0,2,0
0,1,1,12
2,0,2,0
1,0,1,0
0,20,20,8
10,0,10,0
3,0,3,0
1,0,1,0
1,0,1,0
0,1,1,1
1,0,1,0
1,0,1,0
2,0,2,0
2,0,2,0
2,0,2,0
0,212,212,17
2,0,2,0
1,0,1,0
8,0,8,0
1,0,1,0
1,0,1,0
1,0,1,0
0,53,53,4
1,0,1,0
4,0,4,0
0,2,2,1
1,0,1,0
1,0,1,0
1,0,1,0
2,0,2,0
7,0,7,0
4,0,4,0
1,0,1,0
1,0,1,0
1,0,1,0
1,0,1,0
0,7,7,10
3,0,3,0
20,0,20,0
0,1,1,21
1,0,1,0
5,0,5,0
0,1,1,2
1,0,1,0
0,3,3,12
0,5,5,9
1,0,1,0
4,0,4,0
0,1,1,20
0,3,3,16
0,1,1,15
1,0,1,0
0,8,8,4
10,0,10,0
1,0,1,0
1,0,1,0
0,1,1,11
0,8,8,2
1,0,1,0
12,0,12,0
0,3,3,7
11,0,11,0
1,0,1,0
4,0,4,0
6,0,6,0
1,0,1,0
1,0,1,0
1,0,1,0
1,0,1,0
0,5,5,53
1,0,1,0
1,0,1,0
2,0,2,0
5,0,5,0
9,0,9,0
1,0,1,0
1,0,1,0
1,0,1,0
0,1,1,11
1,0,1,0
0,15,15,34
0,7,7,19
17,0,17,0
0,3,3,18
3,0,3,0
0,2,2,1
1,0,1,0
1,0,1,0
1,0,1,0
2,0,2,0
1,0,1,0
2,0,2,0
2,0,2,0
1,0,1,0
0,1,1,22
0,8,8,9
1,0,1,0
1,0,1,0
5,0,5,0
0,11,11,2
0,2,2,8
3,0,3,0
5,0,5,0
2,0,2,0
0,1,1,14
2,0,2,0
0,4,4,0
1,0,1,0
1,0,1,0
0,1,1,0
4,0,4,0
4,0,4,0
0,1,1,45
26,0,26,0
1,0,1,0
1,0,1,0
0,1,1,1
0,6,6,11
1,0,1,0
0,6,6,2
2,0,2,0
1,0,1,0
3,0,3,0
5,0,5,0
1,0,1,0
0,1,1,0
0,1,1,5
2,0,2,0
0,2,2,138
0,11,11,4
8,0,8,0
1,0,1,0
1,0,1,0
32,0,32,0
0,1,1,16
1,0,1,0
1,0,1,0
12,0,12,0
2,0,2,0
3,0,3,0
0,11,11,9
1,0,1,0
1,0,1,0
5,0,5,0
0,2,2,6
0,3,3,0
3,0,3,0
1,0,1,0
1,0,1,0
3,0,3,0
1,0,1,0
2,0,2,0
1,0,1,0
1,0,1,0
5,0,5,0
1,0,1,0
1,0,1,0
2,0,2,0
1,0,1,0
4,0,4,0
1,0,1,0
1,0,1,0
0,18,18,9
2,0,2,0
1,0,1,0
2,0,2,0
2,0,2,0
2,0,2,0
0,42,42,7
1,0,1,0
3,0,3,0
1,0,1,0
2,0,2,0
1,0,1,0
0,2,2,8
2,0,2,0
12,0,12,0
0,17,17,9
1,0,1,0
2,0,2,0
0,1,1,1
3,0,3,0
5,0,5,0
1,0,1,0
3,0,3,0
2,0,2,0
0,1,1,12
1,0,1,0
1,0,1,0
0,2,2,41
2,0,2,0
1,0,1,0
8,0,8,0
0,2,2,54
2,0,2,0
1,0,1,0
0,5,5,0
0,3,3,0
1,0,1,0
0,1,1,3
0,4,4,24
2,0,2,0
1,0,1,0
10,0,10,0
2,0,2,0
0,11,11,37
0,1,1,14
1,0,1,0
39,0,39,0
1,0,1,0
1,0,1,0
2,0,2,0
0,6,6,128
3,0,3,0
2,0,2,0
1,0,1,0
111,0,111,0
2,0,2,0
1,0,1,0
1,0,1,0
0,1,1,5
0,3,3,2
1,0,1,0
5,0,5,0
1,0,1,0
1,0,1,0
3,0,3,0
0,1,1,0
1,0,1,0
2,0,2,0
1,0,1,0
0,3,3,19
5,0,5,0
1,0,1,0
1,0,1,0
2,0,2,0
1,0,1,0
1,0,1,0
1,0,1,0
1,0,1,0
1,0,1,0
1,0,1,0
12,0,12,0
4,0,4,0
1,0,1,0
1,0,1,0
1,0,1,0
1,0,1,0
4,0,4,0
1,0,1,0
3,0,3,0
0,2,2,2
1,0,1,0
1,0,1,0
0,19,19,10
1,0,1,0
0,5,5,2
4,0,4,0
0,9,9,1
2,0,2,0
3,0,3,0
2,0,2,0
0,27,27,36
2,0,2,0
0,2,2,23
3,0,3,0
3,0,3,0
1,0,1,0
1,0,1,0
1,0,1,0
1,0,1,0
1,0,1,0
4,0,4,0
1,0,1,0
13,0,13,0
0,2,2,55
1,0,1,0
1,0,1,0
1,0,1,0
2,0,2,0
3,0,3,0
19,0,19,0
3,0,3,0
7,0,7,0
1,0,1,0
1,0,1,0
0,1,1,3
1,0,1,0
7,0,7,0
0,8,8,30
10,0,10,0
1,0,1,0
1,0,1,0
6,0,6,0
6,0,6,0
0,1,1,6
12,0,12,0
4,0,4,0
2,0,2,0
1,0,1,0
2,0,2,0
3,0,3,0
2,0,2,0
3,0,3,0
1,0,1,0
1,0,1,0
9,0,9,0
1,0,1,0
0,1,1,0
0,1,1,15
1,0,1,0
0,1,1,0
1,0,1,0
0,3,3,5
4,0,4,0
0,3,3,0
2,0,2,0
3,0,3,0
4,0,4,0
0,85,85,7
2,0,2,0
1,0,1,0
1,0,1,0
4,0,4,0
3,0,3,0
2,0,2,0
1,0,1,0
2,0,2,0
0,3,3,16
0,1,1,3
0,1,1,1
1,0,1,0
10,0,10,0
0,73,73,6
52,0,52,0
1,0,1,0
6,0,6,0
2,0,2,0
0,2,2,0
3,0,3,0
1,0,1,0
3,0,3,0
1,0,1,0
1,0,1,0
2,0,2,0
0,10,10,2
1,0,1,0
4,0,4,0
0,2,2,1
2,0,2,0
0,1,1,49
1,0,1,0
1,0,1,0
2,0,2,0
2,0,2,0
3,0,3,0
1,0,1,0
2,0,2,0
0,3,3,21
4,0,4,0
1,0,1,0
1,0,1,0
1,0,1,0
0,34,34,70
1,0,1,0
1,0,1,0
2,0,2,0
1,0,1,0
0,38,38,3
7,0,7,0
1,0,1,0
0,1,1,10
2,0,2,0
1,0,1,0
1,0,1,0
1,0,1,0
2,0,2,0
2,0,2,0
3,0,3,0
2,0,2,0
1,0,1,0
0,4,4,6
1,0,1,0
1,0,1,0
1,0,1,0
1,0,1,0
1,0,1,0
2,0,2,0
3,0,3,0
4,0,4,0
10,0,10,0
3,0,3,0
1,0,1,0
3,0,3,0
0,14,14,16
2,0,2,0
0,1,1,18
0,1,1,14
0,2,2,6
1,0,1,0
0,10,10,1
1,0,1,0
2,0,2,0
8,0,8,0
1,0,1,0
4,0,4,0
0,3,3,0
1,0,1,0
2,0,2,0
0,13,13,9
0,2,2,2
0,3,3,3
3,0,3,0
1,0,1,0
2,0,2,0
1,0,1,0
1,0,1,0
6,0,6,0
24,0,24,0
5,0,5,0
2,0,2,0
6,0,6,0
1,0,1,0
3,0,3,0
2,0,2,0
5,0,5,0
1,0,1,0
208,0,208,0
0,1,1,62
11,0,11,0
2,0,2,0
0,3,3,1
3,0,3,0
2,0,2,0
0,1,1,2
1,0,1,0
23,0,23,0
1,0,1,0
1,0,1,0
1,0,1,0
6,0,6,0
0,3,3,11
1,0,1,0
0,1,1,0
2,0,2,0
2,0,2,0
1,0,1,0
4,0,4,0
0,6,6,2
4,0,4,0
2,0,2,0
3,0,3,0
0,7,7,81
4,0,4,0
1,0,1,0
3,0,3,0
2,0,2,0
1,0,1,0
0,1,1,0
8,0,8,0
1,0,1,0
1,0,1,0
0,13,13,0
0,21,21,79
3,0,3,0
8,0,8,0
1,0,1,0
3,0,3,0
1,0,1,0
0,6,6,5
0,59,59,45
14,0,14,0
1,0,1,0
1,0,1,0
0,9,9,97
3,0,3,0
4,0,4,0
1,0,1,0
1,0,1,0
1,0,1,0
0,1,1,1
1,0,1,0
1,0,1,0
3,0,3,0
1,0,1,0
0,11,11,70
2,0,2,0
0,1,1,14
1,0,1,0
0,1,1,3
2,0,2,0
1,0,1,0
2,0,2,0
1,0,1,0
20,0,20,0
3,0,3,0
1,0,1,0
0,9,9,14
16,0,16,0
1,0,1,0
1,0,1,0
0,17,17,0
1,0,1,0
0,2,2,35
1,0,1,0
2,0,2,0
2,0,2,0
0,2,2,1
1,0,1,0
1,0,1,0
1,0,1,0
0,1,1,0
0,2,2,1
1,0,1,0
1,0,1,0
1,0,1,0
5,0,5,0
3,0,3,0
1,0,1,0
1,0,1,0
1,0,1,0
3,0,3,0
0,1,1,53
1,0,1,0
1,0,1,0
0,1,1,2
1,0,1,0
1,0,1,0
1,0,1,0
3,0,3,0
0,1,1,50
0,4,4,64
2,0,2,0
1,0,1,0
34,0,34,0
0,5,5,16
1,0,1,0
2,0,2,0
1,0,1,0
0,3,3,23
0,2,2,9
0,3,3,20
0,8,8,70
3,0,3,0
2,0,2,0
0,2,2,6
1,0,1,0
14,0,14,0
0,17,17,18
2,0,2,0
0,1,1,1
14,0,14,0
1,0,1,0
10,0,10,0
0,1,1,0
1,0,1,0
21,0,21,0
2,0,2,0
4,0,4,0
4,0,4,0
1,0,1,0
1,0,1,0
0,2,2,14
1,0,1,0
2,0,2,0
2,0,2,0
2,0,2,0
2,0,2,0
0,1,1,19
0,1,1,15
1,0,1,0
7,0,7,0
6,0,6,0
1,0,1,0
1,0,1,0
1,0,1,0
1,0,1,0
0,1,1,11
4,0,4,0
1,0,1,0
1,0,1,0
12,0,12,0
1,0,1,0
1,0,1,0
27,0,27,0
5,0,5,0
1,0,1,0
0,11,11,13
4,0,4,0
2,0,2,0
9,0,9,0
3,0,3,0
3,0,3,0
2,0,2,0
7,0,7,0
3,0,3,0
1,0,1,0
2,0,2,0
6,0,6,0
14,0,14,0
3,0,3,0
0,2,2,0
1,0,1,0
1,0,1,0
1,0,1,0
1,0,1,0
5,0,5,0
2,0,2,0
1,0,1,0
0,2,2,0
2,0,2,0
3,0,3,0
1,0,1,0
0,4,4,7
0,1,1,11
0,7,7,6
1,0,1,0
2,0,2,0
1,0,1,0
1,0,1,0
1,0,1,0
0,1,1,1
6,0,6,0
0,2,2,0
1,0,1,0
0,6,6,0
3,0,3,0
1,0,1,0
0,2,2,9
0,56,56,21
1,0,1,0
0,1,1,5
2,0,2,0
3,0,3,0
22,0,22,0
1,0,1,0
10,0,10,0
0,16,16,41
0,5,5,2
1,0,1,0
1,0,1,0
1,0,1,0
5,0,5,0
1,0,1,0
1,0,1,0
1,0,1,0
4,0,4,0
7,0,7,0
1,0,1,0
1,0,1,0
44,0,44,0
1,0,1,0
0,3,3,8
1,0,1,0
1,0,1,0
2,0,2,0
2,0,2,0
2,0,2,0
0,17,17,1
0,27,27,46
7,0,7,0
14,0,14,0
35,0,35,0
1,0,1,0
1,0,1,0
21,0,21,0
1,0,1,0
1,0,1,0
2,0,2,0
0,8,8,1
1,0,1,0
1,0,1,0
0,2,2,2
1,0,1,0
1,0,1,0
0,1,1,22
3,0,3,0
19,0,19,0
5,0,5,0
0,3,3,6
1,0,1,0
2,0,2,0
5,0,5,0
2,0,2,0
4,0,4,0
1,0,1,0
0,2,2,8
1,0,1,0
6,0,6,0
2,0,2,0
0,5,5,1
1,0,1,0
5,0,5,0
1,0,1,0
4,0,4,0
0,3,3,0
1,0,1,0
2,0,2,0
1,0,1,0
2,0,2,0
62,0,62,0
0,5,5,0
3,0,3,0
3,0,3,0
2,0,2,0
0,1,1,22
3,0,3,0
1,0,1,0
1,0,1,0
3,0,3,0
1,0,1,0
5,0,5,0
0,1,1,1
1,0,1,0
1,0,1,0
1,0,1,0
1,0,1,0
0,6,6,23
1,0,1,0
7,0,7,0
1,0,1,0
2,0,2,0
0,84,84,5
0,12,12,2
5,0,5,0
2,0,2,0
1,0,1,0
2,0,2,0
2,0,2,0
0,16,16,22
18,0,18,0
1,0,1,0
0,1,1,59
0,1,1,21
1,0,1,0
3,0,3,0
1,0,1,0
5,0,5,0
1,0,1,0
1,0,1,0
0,1,1,3
1,0,1,0
1,0,1,0
5,0,5,0
0,1,1,6
1,0,1,0
3,0,3,0
0,39,39,10
1,0,1,0
1,0,1,0
0,1,1,8
1,0,1,0
0,1,1,14
0,1,1,15
4,0,4,0
1,0,1,0
1,0,1,0
1,0,1,0
3,0,3,0
0,5,5,18
1,0,1,0
35,0,35,0
0,1,1,1
5,0,5,0
0,4,4,2
4,0,4,0
2,0,2,0
1,0,1,0
1,0,1,0
0,11,11,33
3,0,3,0
1,0,1,0
3,0,3,0
1,0,1,0
1,0,1,0
1,0,1,0
3,0,3,0
0,2,2,2
3,0,3,0
2,0,2,0
3,0,3,0
0,1,1,2
2,0,2,0
5,0,5,0
1,0,1,0
0,1,1,14
2,0,2,0
1,0,1,0
0,6,6,14
0,32,32,1
4,0,4,0
1,0,1,0
0,5,5,15
2,0,2,0
5,0,5,0
3,0,3,0
3,0,3,0
3,0,3,0
0,3,3,3
1,0,1,0
1,0,1,0
2,0,2,0
1,0,1,0
2,0,2,0
0,1,1,2
1,0,1,0
1,0,1,0
0,1,1,69
1,0,1,0
6,0,6,0
1,0,1,0
1,0,1,0
0,2,2,10
3,0,3,0
0,29,29,13
1,0,1,0
1,0,1,0
2,0,2,0
0,33,33,110
3,0,3,0
0,1,1,1
3,0,3,0
1,0,1,0
2,0,2,0
1,0,1,0
1,0,1,0
0,6,6,2
2,0,2,0
1,0,1,0
1,0,1,0
3,0,3,0
0,14,14,0
1,0,1,0
3,0,3,0
0,18,18,0
14,0,14,0
12,0,12,0
1,0,1,0
1,0,1,0
0,1,1,0
1,0,1,0
0,2,2,1
0,3,3,0
1,0,1,0
4,0,4,0
1,0,1,0
0,5,5,46
3,0,3,0
3,0,3,0
3,0,3,0
2,0,2,0
1,0,1,0
0,1,1,81
0,2,2,0
1,0,1,0
1,0,1,0
2,0,2,0
0,1,1,44
1,0,1,0
1,0,1,0
2,0,2,0
0,9,9,6
1,0,1,0
1,0,1,0
1,0,1,0
1,0,1,0
1,0,1,0
8,0,8,0
1,0,1,0
3,0,3,0
4,0,4,0
0,1,1,0
1,0,1,0
5,0,5,0
2,0,2,0
2,0,2,0
1,0,1,0
6,0,6,0
1,0,1,0
1,0,1,0
0,4,4,16
0,1,1,4
2,0,2,0
1,0,1,0
2,0,2,0
0,1,1,0
0,2,2,43
1,0,1,0
21,0,21,0
0,2,2,0
8,0,8,0
1,0,1,0
1,0,1,0
4,0,4,0
0,1,1,28
1,0,1,0
1,0,1,0
1,0,1,0
22,0,22,0
0,3,3,4
1,0,1,0
1,0,1,0
1,0,1,0
1,0,1,0
0,3,3,45
3,0,3,0
1,0,1,0
0,2,2,3
0,4,4,28
1,0,1,0
0,1,1,1
1,0,1,0
0,5,5,37
1,0,1,0
2,0,2,0
1,0,1,0
0,3,3,0
3,0,3,0
2,0,2,0
1,0,1,0
10,0,10,0
1,0,1,0
2,0,2,0
1,0,1,0
1,0,1,0
3,0,3,0
1,0,1,0
0,2,2,1
1,0,1,0
1,0,1,0
2,0,2,0
0,6,6,22
2,0,2,0
2,0,2,0
1,0,1,0
0,2,2,10
1,0,1,0
0,5,5,4
1,0,1,0
0,1,1,8
2,0,2,0
2,0,2,0
1,0,1,0
4,0,4,0
0,1,1,34
1,0,1,0
14,0,14,0
9,0,9,0
1,0,1,0
5,0,5,0
4,0,4,0
1,0,1,0
0,7,7,12
1,0,1,0
1,0,1,0
0,4,4,1
1,0,1,0
3,0,3,0
2,0,2,0
0,42,42,4
2,0,2,0
0,6,6,4
15,0,15,0
0,8,8,53
0,1,1,0
1,0,1,0
0,1,1,14
1,0,1,0
2,0,2,0
1,0,1,0
1,0,1,0
0,1,1,18
2,0,2,0
7,0,7,0
1,0,1,0
0,3,3,20
2,0,2,0
1,0,1,0
6,0,6,0
6,0,6,0
11,0,11,0
4,0,4,0
0,1,1,9
0,1,1,13
1,0,1,0
1,0,1,0
2,0,2,0
3,0,3,0
21,0,21,0
1,0,1,0
2,0,2,0
1,0,1,0
2,0,2,0
2,0,2,0
0,1,1,18
1,0,1,0
0,1,1,21
2,0,2,0
1,0,1,0
1,0,1,0
4,0,4,0
1,0,1,0
1,0,1,0
5,0,5,0
3,0,3,0
0,8,8,3
2,0,2,0
1,0,1,0
2,0,2,0
2,0,2,0
0,6,6,18
4,0,4,0
3,0,3,0
1,0,1,0
0,1,1,0
0,1,1,1
1,0,1,0
1,0,1,0
6,0,6,0
1,0,1,0
1,0,1,0
3,0,3,0
1,0,1,0
2,0,2,0
3,0,3,0
1,0,1,0
0,1,1,0
1,0,1,0
0,1,1,0
0,2,2,17
1,0,1,0
0,5,5,36
1,0,1,0
1,0,1,0
0,1,1,0
1,0,1,0
1,0,1,0
1,0,1,0
1,0,1,0
0,1,1,1
1,0,1,0
0,2,2,5
2,0,2,0
3,0,3,0
7,0,7,0
10,0,10,0
0,3,3,87
1,0,1,0
0,1,1,1
1,0,1,0
0,4,4,67
5,0,5,0
0,2,2,34
4,0,4,0
1,0,1,0
0,3,3,14
4,0,4,0
1,0,1,0
1,0,1,0
0,3,3,6
4,0,4,0
1,0,1,0
0,395,395,12
1,0,1,0
1,0,1,0
1,0,1,0
3,0,3,0
2,0,2,0
1,0,1,0
1,0,1,0
0,6,6,51
1,0,1,0
4,0,4,0
1,0,1,0
2,0,2,0
3,0,3,0
0,1,1,1
1,0,1,0
5,0,5,0
0,13,13,2
1,0,1,0
1,0,1,0
1,0,1,0
1,0,1,0
10,0,10,0
24,0,24,0
1,0,1,0
8,0,8,0
8,0,8,0
2,0,2,0
0,4,4,10
2,0,2,0
0,2,2,5
0,1,1,1
2,0,2,0
2,0,2,0
1,0,1,0
0,1,1,1
1,0,1,0
4,0,4,0
2,0,2,0
2,0,2,0
3,0,3,0
1,0,1,0
11,0,11,0
0,1,1,7
2,0,2,0
1,0,1,0
2,0,2,0
2,0,2,0
1,0,1,0
4,0,4,0
1,0,1,0
0,12,12,15
1,0,1,0
0,1,1,12
0,22,22,28
1,0,1,0
0,2,2,4
8,0,8,0
1,0,1,0
1,0,1,0
1,0,1,0
0,27,27,13
0,7,7,52
3,0,3,0
0,7,7,2
4,0,4,0
0,2,2,4
1,0,1,0
2,0,2,0
3,0,3,0
1,0,1,0
1,0,1,0
0,2,2,0
1,0,1,0
1,0,1,0
2,0,2,0
1,0,1,0
1,0,1,0
0,1,1,6
1,0,1,0
1,0,1,0
0,1,1,4
3,0,3,0
0,4,4,0
2,0,2,0
0,2,2,0
1,0,1,0
1,0,1,0
1,0,1,0
0,4,4,16
0,1,1,3
13,0,13,0
3,0,3,0
1,0,1,0
0,2,2,36
1,0,1,0
0,121,121,68
112,0,112,0
2,0,2,0
2,0,2,0
1,0,1,0
1,0,1,0
22,0,22,0
1,0,1,0
0,2,2,2
1,0,1,0
0,15,15,46
3,0,3,0
1,0,1,0
1,0,1,0
1,0,1,0
3,0,3,0
1,0,1,0
0,2,2,13
2,0,2,0
2,0,2,0
1,0,1,0
1,0,1,0
1,0,1,0
1,0,1,0
0,1,1,44
5,0,5,0
0,2,2,1
5,0,5,0
0,1,1,40
7,0,7,0
0,19,19,12
2,0,2,0
1,0,1,0
0,3,3,2
2,0,2,0
0,1,1,11
2,0,2,0
0,11,11,41
1,0,1,0
1,0,1,0
0,1,1,0
3,0,3,0
1,0,1,0
1,0,1,0
0,5,5,4
2,0,2,0
8,0,8,0
5,0,5,0
0,2,2,10
1,0,1,0
1,0,1,0
1,0,1,0
0,49,49,5
0,18,18,4
1,0,1,0
1,0,1,0
0,1,1,60
0,4,4,27
1,0,1,0
1,0,1,0
10,0,10,0
6,0,6,0
0,1,1,3
1,0,1,0
8,0,8,0
2,0,2,0
1,0,1,0
2,0,2,0
3,0,3,0
23,0,23,0
0,4,4,35
0,2,2,1
1,0,1,0
1,0,1,0
2,0,2,0
2,0,2,0
1,0,1,0
6,0,6,0
1,0,1,0
0,41,41,12
1,0,1,0
0,5,5,54
2,0,2,0
1,0,1,0
6,0,6,0
0,1,1,29
0,4,4,4
3,0,3,0
1,0,1,0
2,0,2,0
2,0,2,0
1,0,1,0
10,0,10,0
9,0,9,0
1,0,1,0
1,0,1,0
1,0,1,0
0,4,4,6
2,0,2,0
0,6,6,7
0,2,2,6
6,0,6,0
0,2,2,16
1,0,1,0
1,0,1,0
1,0,1,0
1,0,1,0
1,0,1,0
0,5,5,0
1,0,1,0
1,0,1,0
4,0,4,0
0,2,2,0
7,0,7,0
0,2,2,2
4,0,4,0
1,0,1,0
1,0,1,0
1,0,1,0
0,3,3,15
1,0,1,0
1,0,1,0
2,0,2,0
3,0,3,0
7,0,7,0
3,0,3,0
1,0,1,0
0,4,4,8
4,0,4,0
1,0,1,0
1,0,1,0
7,0,7,0
2,0,2,0
3,0,3,0
0,36,36,89
1,0,1,0
1,0,1,0
1,0,1,0
0,3,3,6
32,0,32,0
0,1,1,0
1,0,1,0
1,0,1,0
0,3,3,0
2,0,2,0
1,0,1,0
0,1,1,0
1,0,1,0
1,0,1,0
1,0,1,0
2,0,2,0
2,0,2,0
2,0,2,0
2,0,2,0
1,0,1,0
0,1,1,32
0,2,2,0
1,0,1,0
10,0,10,0
1,0,1,0
1,0,1,0
1,0,1,0
2,0,2,0
4,0,4,0
1,0,1,0
7,0,7,0
1,0,1,0
1,0,1,0
3,0,3,0
6,0,6,0
1,0,1,0
3,0,3,0
2,0,2,0
0,173,173,93
4,0,4,0
1,0,1,0
2,0,2,0
0,1,1,2
1,0,1,0
2,0,2,0
0,3,3,14
0,1,1,14
3,0,3,0
2,0,2,0
0,1,1,0
6,0,6,0
1,0,1,0
1,0,1,0
33,0,33,0
4,0,4,0
1,0,1,0
0,3,3,9
5,0,5,0
5,0,5,0
119,0,119,0
4,0,4,0
10,0,10,0
2,0,2,0
2,0,2,0
1,0,1,0
0,1,1,0
1,0,1,0
3,0,3,0
1,0,1,0
1,0,1,0
1,0,1,0
1,0,1,0
22,0,22,0
1,0,1,0
5,0,5,0
7,0,7,0
0,26,26,1
2,0,2,0
7,0,7,0
0,14,14,142
4,0,4,0
0,6,6,24
1,0,1,0
0,6,6,11
1,0,1,0
0,12,12,0
40,0,40,0
1,0,1,0
2,0,2,0
1,0,1,0
1,0,1,0
3,0,3,0
0,2,2,4
1,0,1,0
0,3,3,24
0,7,7,75
1,0,1,0
0,9,9,19
33,0,33,0
0,1,1,100
0,1,1,2
0,4,4,9
1,0,1,0
0,7,7,3
3,0,3,0
1,0,1,0
1,0,1,0
3,0,3,0
1,0,1,0
1,0,1,0
0,1,1,75
0,6,6,5
0,1,1,33
1,0,1,0
1,0,1,0
1,0,1,0
1,0,1,0
1,0,1,0
1,0,1,0
0,3,3,33
5,0,5,0
1,0,1,0
5,0,5,0
2,0,2,0
11,0,11,0
16,0,16,0
1,0,1,0
1,0,1,0
60,0,60,0
1,0,1,0
1,0,1,0
0,1,1,19
1,0,1,0
3,0,3,0
11,0,11,0
1,0,1,0
0,14,14,42
1,0,1,0
1,0,1,0
2,0,2,0
0,1,1,1
1,0,1,0
1,0,1,0
0,1,1,4
1,0,1,0
6,0,6,0
1,0,1,0
2,0,2,0
4,0,4,0
1,0,1,0
0,1,1,7
1,0,1,0
0,11,11,46
0,2,2,5
1,0,1,0
1,0,1,0
1,0,1,0
1,0,1,0
15,0,15,0
1,0,1,0
3,0,3,0
1,0,1,0
0,4,4,4
1,0,1,0
4,0,4,0
0,11,11,13
1,0,1,0
11,0,11,0
0,2,2,1
0,14,14,10
0,1,1,1
1,0,1,0
3,0,3,0
1,0,1,0
1,0,1,0
2,0,2,0
0,1,1,1
2,0,2,0
0,1,1,12
0,1,1,41
1,0,1,0
1,0,1,0
8,0,8,0
0,70,70,9
0,9,9,23
2,0,2,0
22,0,22,0
1,0,1,0
2,0,2,0
1,0,1,0
4,0,4,0
1,0,1,0
0,5,5,7
1,0,1,0
1,0,1,0
1,0,1,0
8,0,8,0
2,0,2,0
1,0,1,0
2,0,2,0
1,0,1,0
3,0,3,0
1,0,1,0
2,0,2,0
0,1,1,1
2,0,2,0
0,1,1,5
2,0,2,0
2,0,2,0
2,0,2,0
1,0,1,0
1,0,1,0
8,0,8,0
1,0,1,0
0,4,4,0
0,3,3,0
17,0,17,0
1,0,1,0
10,0,10,0
0,3,3,1
2,0,2,0
2,0,2,0
7,0,7,0
1,0,1,0
11,0,11,0
18,0,18,0
6,0,6,0
0,1,1,4
1,0,1,0
2,0,2,0
0,2,2,18
0,1,1,0
1,0,1,0
3,0,3,0
1,0,1,0
0,3,3,51
4,0,4,0
0,12,12,7
1,0,1,0
1,0,1,0
2,0,2,0
3,0,3,0
1,0,1,0
1,0,1,0
1,0,1,0
1,0,1,0
1,0,1,0
1,0,1,0
2,0,2,0
3,0,3,0
2,0,2,0
2,0,2,0
1,0,1,0
2,0,2,0
1,0,1,0
1,0,1,0
1,0,1,0
3,0,3,0
0,21,21,1
3,0,3,0
2,0,2,0
1,0,1,0
2,0,2,0
1,0,1,0
1,0,1,0
1,0,1,0
7,0,7,0
1,0,1,0
6,0,6,0
1,0,1,0
26,0,26,0
0,4,4,7
1,0,1,0
2,0,2,0
0,3,3,8
1,0,1,0
1,0,1,0
2,0,2,0
1,0,1,0
4,0,4,0
1,0,1,0
0,5,5,2
0,1,1,1
3,0,3,0
0,2,2,5
0,1,1,5
2,0,2,0
0,4,4,10
0,1,1,7
1,0,1,0
0,10,10,6
1,0,1,0
9,0,9,0
1,0,1,0
1,0,1,0
1,0,1,0
0,7,7,5
1,0,1,0
0,1,1,0
0,1,1,5
3,0,3,0
1,0,1,0
4,0,4,0
1,0,1,0
1,0,1,0
0,1,1,1
0,2,2,2
1,0,1,0
1,0,1,0
1,0,1,0
1,0,1,0
0,1,1,2
1,0,1,0
1,0,1,0
3,0,3,0
1,0,1,0
7,0,7,0
1,0,1,0
7,0,7,0
1,0,1,0
2,0,2,0
1,0,1,0
0,1,1,8
0,1,1,18
1,0,1,0
0,1,1,104
0,5,5,3
0,2,2,25
4,0,4,0
0,1,1,6
1,0,1,0
4,0,4,0
2,0,2,0
6,0,6,0
2,0,2,0
1,0,1,0
1,0,1,0
0,7,7,7
1,0,1,0
2,0,2,0
1,0,1,0
0,1,1,5
1,0,1,0
4,0,4,0
2,0,2,0
4,0,4,0
0,3,3,10
4,0,4,0
1,0,1,0
1,0,1,0
2,0,2,0
4,0,4,0
0,1,1,1
1,0,1,0
1,0,1,0
2,0,2,0
2,0,2,0
7,0,7,0
7,0,7,0
1,0,1,0
3,0,3,0
0,1,1,2
1,0,1,0
0,2,2,2
8,0,8,0
0,1,1,2
1,0,1,0
0,9,9,0
0,8,8,8
1,0,1,0
1,0,1,0
1,0,1,0
1,0,1,0
10,0,10,0
2,0,2,0
5,0,5,0
0,1,1,71
1,0,1,0
2,0,2,0
2,0,2,0
1,0,1,0
4,0,4,0
1,0,1,0
1,0,1,0
1,0,1,0
1,0,1,0
4,0,4,0
3,0,3,0
4,0,4,0
1,0,1,0
1,0,1,0
1,0,1,0
3,0,3,0
5,0,5,0
0,1,1,4
0,8,8,9
16,0,16,0
1,0,1,0
1,0,1,0
3,0,3,0
2,0,2,0
3,0,3,0
1,0,1,0
0,3,3,12
2,0,2,0
1,0,1,0
1,0,1,0
6,0,6,0
1,0,1,0
2,0,2,0
1,0,1,0
0,1,1,1
0,1,1,0
1,0,1,0
1,0,1,0
1,0,1,0
10,0,10,0
1,0,1,0
4,0,4,0
5,0,5,0
2,0,2,0
1,0,1,0
0,60,60,14
6,0,6,0
1,0,1,0
2,0,2,0
4,0,4,0
3,0,3,0
1,0,1,0
0,22,22,11
2,0,2,0
1,0,1,0
1,0,1,0
4,0,4,0
0,24,24,0
0,1,1,7
4,0,4,0
0,2,2,1
2,0,2,0
0,6,6,8
2,0,2,0
4,0,4,0
1,0,1,0
1,0,1,0
5,0,5,0
1,0,1,0
1,0,1,0
0,9,9,4
1,0,1,0
1,0,1,0
2,0,2,0
0,1,1,3
2,0,2,0
4,0,4,0
2,0,2,0
0,12,12,19
1,0,1,0
2,0,2,0
0,1,1,11
0,1,1,6
3,0,3,0
4,0,4,0
0,9,9,2
1,0,1,0
0,9,9,15
5,0,5,0
1,0,1,0
1,0,1,0
1,0,1,0
1,0,1,0
1,0,1,0
5,0,5,0
1,0,1,0
1,0,1,0
0,1,1,41
14,0,14,0
2,0,2,0
0,1,1,0
5,0,5,0
3,0,3,0
1,0,1,0
1,0,1,0
3,0,3,0
1,0,1,0
7,0,7,0
5,0,5,0
2,0,2,0
1,0,1,0
1,0,1,0
1,0,1,0
3,0,3,0
1,0,1,0
0,3,3,1
14,0,14,0
1,0,1,0
3,0,3,0
1,0,1,0
1,0,1,0
1,0,1,0
1,0,1,0
1,0,1,0
1,0,1,0
1,0,1,0
3,0,3,0
2,0,2,0
1,0,1,0
1,0,1,0
1,0,1,0
1,0,1,0
1,0,1,0
2,0,2,0
0,1,1,3
1,0,1,0
2,0,2,0
1,0,1,0
1,0,1,0
2,0,2,0
1,0,1,0
37,0,37,0
0,2,2,0
1,0,1,0
1,0,1,0
1,0,1,0
2,0,2,0
1,0,1,0
2,0,2,0
1,0,1,0
6,0,6,0
1,0,1,0
1,0,1,0
2,0,2,0
0,100,100,24
1,0,1,0
1,0,1,0
8,0,8,0
3,0,3,0
1,0,1,0
6,0,6,0
0,11,11,8
3,0,3,0
1,0,1,0
2,0,2,0
1,0,1,0
5,0,5,0
1,0,1,0
1,0,1,0
4,0,4,0
0,1,1,0
2,0,2,0
0,7,7,18
2,0,2,0
1,0,1,0
0,1,1,0
0,6,6,2
1,0,1,0
0,5,5,1
1,0,1,0
1,0,1,0
1,0,1,0
3,0,3,0
8,0,8,0
6,0,6,0
1,0,1,0
0,1,1,12
1,0,1,0
1,0,1,0
1,0,1,0
1,0,1,0
2,0,2,0
2,0,2,0
4,0,4,0
1,0,1,0
2,0,2,0
0,4,4,32
1,0,1,0
1,0,1,0
0,9,9,1
0,1,1,2
1,0,1,0
1,0,1,0
2,0,2,0
1,0,1,0
1,0,1,0
3,0,3,0
2,0,2,0
1,0,1,0
1,0,1,0
1,0,1,0
2,0,2,0
1,0,1,0
2,0,2,0
0,3,3,6
1,0,1,0
2,0,2,0
1,0,1,0
1,0,1,0
3,0,3,0
0,2,2,10
1,0,1,0
1,0,1,0
0,1,1,2
1,0,1,0
5,0,5,0
1,0,1,0
1,0,1,0
2,0,2,0
1,0,1,0
5,0,5,0
1,0,1,0
1,0,1,0
1,0,1,0
0,9,9,2
2,0,2,0
3,0,3,0
4,0,4,0
0,7,7,22
1,0,1,0
1,0,1,0
1,0,1,0
2,0,2,0
3,0,3,0
1,0,1,0
0,1,1,37
1,0,1,0
1,0,1,0
1,0,1,0
2,0,2,0
3,0,3,0
0,2,2,25
1,0,1,0
1,0,1,0
0,1,1,2
1,0,1,0
1,0,1,0
0,3,3,6
1,0,1,0
1,0,1,0
2,0,2,0
6,0,6,0
1,0,1,0
2,0,2,0
1,0,1,0
0,8,8,2
2,0,2,0
1,0,1,0
2,0,2,0
5,0,5,0
0,1,1,8
5,0,5,0
0,1,1,1
1,0,1,0
3,0,3,0
1,0,1,0
2,0,2,0
2,0,2,0
1,0,1,0
1,0,1,0
3,0,3,0
5,0,5,0
1,0,1,0
0,2,2,6
1,0,1,0
1,0,1,0
0,8,8,81
2,0,2,0
1,0,1,0
2,0,2,0
1,0,1,0
1,0,1,0
1,0,1,0
3,0,3,0
2,0,2,0
0,24,24,7
4,0,4,0
10,0,10,0
1,0,1,0
1,0,1,0
14,0,14,0
0,1,1,0
2,0,2,0
3,0,3,0
1,0,1,0
1,0,1,0
2,0,2,0
0,3,3,4
3,0,3,0
0,2,2,6
1,0,1,0
3,0,3,0
0,3,3,10
1,0,1,0
0,2,2,17
2,0,2,0
8,0,8,0
10,0,10,0
0,2,2,13
1,0,1,0
2,0,2,0
0,7,7,5
15,0,15,0
6,0,6,0
0,3,3,1
0,1,1,3
1,0,1,0
4,0,4,0
4,0,4,0
7,0,7,0
3,0,3,0
2,0,2,0
16,0,16,0
0,99,99,116
1,0,1,0
1,0,1,0
3,0,3,0
5,0,5,0
0,1,1,0
3,0,3,0
1,0,1,0
1,0,1,0
3,0,3,0
1,0,1,0
3,0,3,0
1,0,1,0
1,0,1,0
2,0,2,0
3,0,3,0
8,0,8,0
2,0,2,0
1,0,1,0
1,0,1,0
1,0,1,0
1,0,1,0
1,0,1,0
0,50,50,66
1,0,1,0
0,4,4,29
1,0,1,0
5,0,5,0
1,0,1,0
5,0,5,0
0,16,16,3
1,0,1,0
1,0,1,0
0,5,5,15
8,0,8,0
1,0,1,0
1,0,1,0
1,0,1,0
2,0,2,0
1,0,1,0
6,0,6,0
0,4,4,54
3,0,3,0
0,2,2,19
0,2,2,4
1,0,1,0
4,0,4,0
10,0,10,0
25,0,25,0
2,0,2,0
2,0,2,0
0,1,1,1
1,0,1,0
7,0,7,0
1,0,1,0
5,0,5,0
0,3,3,3
0,1,1,16
1,0,1,0
1,0,1,0
5,0,5,0
1,0,1,0
1,0,1,0
1,0,1,0
1,0,1,0
1,0,1,0
0,1,1,39
5,0,5,0
0,10,10,28
0,1,1,0
4,0,4,0
3,0,3,0
1,0,1,0
3,0,3,0
1,0,1,0
3,0,3,0
3,0,3,0
1,0,1,0
3,0,3,0
1,0,1,0
0,21,21,2
1,0,1,0
1,0,1,0
6,0,6,0
1,0,1,0
0,2,2,32
1,0,1,0
1,0,1,0
2,0,2,0
2,0,2,0
5,0,5,0
9,0,9,0
1,0,1,0
0,1,1,2
0,1,1,9
1,0,1,0
0,1,1,3
1,0,1,0
2,0,2,0
0,5,5,53
1,0,1,0
2,0,2,0
1,0,1,0
2,0,2,0
1,0,1,0
1,0,1,0
0,1,1,2
2,0,2,0
0,1,1,10
1,0,1,0
3,0,3,0
3,0,3,0
6,0,6,0
1,0,1,0
1,0,1,0
0,1,1,1
7,0,7,0
0,8,8,5
1,0,1,0
11,0,11,0
0,1,1,9
3,0,3,0
1,0,1,0
2,0,2,0
0,5,5,12
2,0,2,0
1,0,1,0
2,0,2,0
4,0,4,0
0,36,36,4
1,0,1,0
1,0,1,0
0,2,2,26
2,0,2,0
1,0,1,0
0,35,35,78
1,0,1,0
1,0,1,0
4,0,4,0
1,0,1,0
1,0,1,0
1,0,1,0
2,0,2,0
1,0,1,0
5,0,5,0
1,0,1,0
3,0,3,0
0,4,4,6
0,1,1,20
1,0,1,0
1,0,1,0
0,21,21,1
0,3,3,14
1,0,1,0
1,0,1,0
1,0,1,0
2,0,2,0
1,0,1,0
1,0,1,0
0,74,74,8
1,0,1,0
0,1,1,0
11,0,11,0
14,0,14,0
1,0,1,0
3,0,3,0
2,0,2,0
8,0,8,0
1,0,1,0
60,0,60,0
0,1,1,2
1,0,1,0
2,0,2,0
4,0,4,0
0,186,186,22
8,0,8,0
7,0,7,0
1,0,1,0
1,0,1,0
1,0,1,0
0,1,1,0
2,0,2,0
1,0,1,0
2,0,2,0
0,18,18,23
21,0,21,0
1,0,1,0
0,1,1,1
1,0,1,0
0,1,1,0
1,0,1,0
0,1,1,16
2,0,2,0
1,0,1,0
0,2,2,1
1,0,1,0
1,0,1,0
1,0,1,0
1,0,1,0
2,0,2,0
2,0,2,0
2,0,2,0
2,0,2,0
2,0,2,0
1,0,1,0
0,5,5,22
1,0,1,0
1,0,1,0
1,0,1,0
0,1,1,8
1,0,1,0
1,0,1,0
0,1,1,20
3,0,3,0
1,0,1,0
1,0,1,0
1,0,1,0
0,3,3,6
8,0,8,0
0,3,3,3
4,0,4,0
0,1,1,13
0,2,2,0
1,0,1,0
0,2,2,16
1,0,1,0
3,0,3,0
0,1,1,23
0,2,2,45
1,0,1,0
5,0,5,0
1,0,1,0
1,0,1,0
5,0,5,0
3,0,3,0
0,2,2,14
1,0,1,0
2,0,2,0
4,0,4,0
1,0,1,0
1,0,1,0
0,1,1,19
1,0,1,0
0,4,4,6
6,0,6,0
1,0,1,0
1,0,1,0
0,1,1,28
5,0,5,0
1,0,1,0
1,0,1,0
4,0,4,0
1,0,1,0
0,1,1,18
1,0,1,0
3,0,3,0
0,5,5,0
4,0,4,0
1,0,1,0
4,0,4,0
1,0,1,0
1,0,1,0
0,13,13,3
1,0,1,0
2,0,2,0
0,4,4,20
2,0,2,0
2,0,2,0
0,1,1,0
1,0,1,0
1,0,1,0
1,0,1,0
0,53,53,58
2,0,2,0
2,0,2,0
0,1,1,0
2,0,2,0
1,0,1,0
5,0,5,0
2,0,2,0
8,0,8,0
3,0,3,0
1,0,1,0
0,1,1,3
2,0,2,0
1,0,1,0
2,0,2,0
3,0,3,0
0,1,1,7
8,0,8,0
1,0,1,0
2,0,2,0
1,0,1,0
0,1,1,0
1,0,1,0
0,2,2,60
0,3,3,36
1,0,1,0
2,0,2,0
0,7,7,11
2,0,2,0
0,4,4,7
1,0,1,0
2,0,2,0
2,0,2,0
2,0,2,0
0,3,3,0
2,0,2,0
0,2,2,32
2,0,2,0
1,0,1,0
1,0,1,0
0,6,6,120
1,0,1,0
2,0,2,0
3,0,3,0
1,0,1,0
0,11,11,63
1,0,1,0
6,0,6,0
5,0,5,0
1,0,1,0
3,0,3,0
1,0,1,0
3,0,3,0
0,2,2,4
1,0,1,0
1,0,1,0
0,2,2,1
0,1,1,77
0,4,4,0
3,0,3,0
1,0,1,0
1,0,1,0
1,0,1,0
0,2,2,2
1,0,1,0
2,0,2,0
1,0,1,0
1,0,1,0
0,2,2,12
0,16,16,0
3,0,3,0
0,1,1,11
0,4,4,0
3,0,3,0
1,0,1,0
0,14,14,24
3,0,3,0
3,0,3,0
1,0,1,0
4,0,4,0
3,0,3,0
0,1,1,12
0,2,2,10
1,0,1,0
1,0,1,0
1,0,1,0
1,0,1,0
1,0,1,0
3,0,3,0
1,0,1,0
2,0,2,0
14,0,14,0
1,0,1,0
2,0,2,0
2,0,2,0
1,0,1,0
1,0,1,0
1,0,1,0
0,5,5,1
1,0,1,0
1,0,1,0
0,2,2,15
1,0,1,0
2,0,2,0
0,2,2,0
1,0,1,0
2,0,2,0
4,0,4,0
1,0,1,0
1,0,1,0
1,0,1,0
1,0,1,0
0,1,1,1
1,0,1,0
1,0,1,0
1,0,1,0
2,0,2,0
16,0,16,0
0,1,1,186
1,0,1,0
1,0,1,0
1,0,1,0
1,0,1,0
2,0,2,0
2,0,2,0
3,0,3,0
0,246,246,16
1,0,1,0
2,0,2,0
2,0,2,0
0,1,1,4
1,0,1,0
2,0,2,0
1,0,1,0
2,0,2,0
2,0,2,0
2,0,2,0
2,0,2,0
1,0,1,0
1,0,1,0
0,14,14,21
2,0,2,0
2,0,2,0
0,1,1,20
1,0,1,0
0,2,2,8
1,0,1,0
1,0,1,0
6,0,6,0
3,0,3,0
1,0,1,0
2,0,2,0
0,1,1,1
2,0,2,0
4,0,4,0
0,1,1,0
1,0,1,0
8,0,8,0
1,0,1,0
0,2,2,0
4,0,4,0
3,0,3,0
3,0,3,0
1,0,1,0
1,0,1,0
4,0,4,0
1,0,1,0
2,0,2,0
1,0,1,0
0,2,2,13
1,0,1,0
2,0,2,0
1,0,1,0
3,0,3,0
3,0,3,0
1,0,1,0
1,0,1,0
0,1,1,1
4,0,4,0
18,0,18,0
2,0,2,0
1,0,1,0
1,0,1,0
25,0,25,0
3,0,3,0
1,0,1,0
2,0,2,0
1,0,1,0
0,3,3,17
1,0,1,0
0,1,1,63
0,7,7,0
1,0,1,0
0,3,3,1
1,0,1,0
2,0,2,0
1,0,1,0
1,0,1,0
0,2,2,0
1,0,1,0
43,0,43,0
1,0,1,0
5,0,5,0
6,0,6,0
1,0,1,0
0,4,4,10
1,0,1,0
1,0,1,0
52,0,52,0
8,0,8,0
1,0,1,0
1,0,1,0
0,2,2,23
1,0,1,0
1,0,1,0
2,0,2,0
0,5,5,36
1,0,1,0
1,0,1,0
1,0,1,0
0,26,26,17
0,1,1,11
2,0,2,0
0,7,7,0
2,0,2,0
1,0,1,0
0,4,4,11
1,0,1,0
1,0,1,0
1,0,1,0
7,0,7,0
0,2,2,3
2,0,2,0
0,12,12,32
2,0,2,0
3,0,3,0
0,1,1,32
1,0,1,0
0,23,23,1
0,1,1,42
6,0,6,0
1,0,1,0
1,0,1,0
1,0,1,0
1,0,1,0
6,0,6,0
0,9,9,3
0,1,1,0
7,0,7,0
1,0,1,0
4,0,4,0
1,0,1,0
0,2,2,18
0,1,1,2
1,0,1,0
2,0,2,0
1,0,1,0
0,3,3,3
1,0,1,0
5,0,5,0
2,0,2,0
0,1,1,1
1,0,1,0
1,0,1,0
1,0,1,0
7,0,7,0
15,0,15,0
1,0,1,0
1,0,1,0
0,11,11,53
28,0,28,0
1,0,1,0
0,4,4,12
1,0,1,0
1,0,1,0
1,0,1,0
0,1,1,7
0,22,22,1
5,0,5,0
0,6,6,8
0,14,14,8
0,1,1,54
2,0,2,0
0,4,4,20
1,0,1,0
1,0,1,0
1,0,1,0
3,0,3,0
0,5,5,0
1,0,1,0
1,0,1,0
3,0,3,0
0,2,2,34
6,0,6,0
5,0,5,0
1,0,1,0
1,0,1,0
1,0,1,0
2,0,2,0
0,5,5,18
5,0,5,0
12,0,12,0
8,0,8,0
0,3,3,8
2,0,2,0
0,2,2,7
2,0,2,0
2,0,2,0
0,1,1,4
1,0,1,0
0,2,2,48
53,0,53,0
0,4,4,0
1,0,1,0
2,0,2,0
3,0,3,0
0,2,2,19
4,0,4,0
2,0,2,0
13,0,13,0
2,0,2,0
0,2,2,31
1,0,1,0
0,5,5,41
3,0,3,0
0,4,4,3
0,2,2,4
2,0,2,0
12,0,12,0
0,1,1,0
0,1,1,0
7,0,7,0
1,0,1,0
0,24,24,79
1,0,1,0
1,0,1,0
1,0,1,0
0,5,5,56
1,0,1,0
6,0,6,0
6,0,6,0
1,0,1,0
0,6,6,13
1,0,1,0
0,8,8,17
4,0,4,0
2,0,2,0
1,0,1,0
2,0,2,0
0,24,24,2
1,0,1,0
1,0,1,0
0,1,1,29
2,0,2,0
1,0,1,0
3,0,3,0
1,0,1,0
1,0,1,0
0,57,57,7
1,0,1,0
7,0,7,0
3,0,3,0
1,0,1,0
1,0,1,0
2,0,2,0
3,0,3,0
1,0,1,0
1,0,1,0
1,0,1,0
1,0,1,0
1,0,1,0
0,5,5,41
1,0,1,0
2,0,2,0
5,0,5,0
5,0,5,0
2,0,2,0
1,0,1,0
4,0,4,0
1,0,1,0
0,2,2,1
1,0,1,0
1,0,1,0
2,0,2,0
1,0,1,0
3,0,3,0
1,0,1,0
0,14,14,2
1,0,1,0
1,0,1,0
1,0,1,0
0,3,3,27
1,0,1,0
0,1,1,3
1,0,1,0
1,0,1,0
1,0,1,0
1,0,1,0
8,0,8,0
0,2,2,10
2,0,2,0
1,0,1,0
2,0,2,0
2,0,2,0
2,0,2,0
1,0,1,0
1,0,1,0
1,0,1,0
1,0,1,0
0,3,3,23
9,0,9,0
2,0,2,0
1,0,1,0
0,22,22,53
1,0,1,0
4,0,4,0
2,0,2,0
0,2,2,0
3,0,3,0
4,0,4,0
0,1,1,10
1,0,1,0
1,0,1,0
1,0,1,0
14,0,14,0
2,0,2,0
8,0,8,0
0,1,1,4
9,0,9,0
1,0,1,0
1,0,1,0
1,0,1,0
1,0,1,0
1,0,1,0
1,0,1,0
1,0,1,0
1,0,1,0
2,0,2,0
1,0,1,0
1,0,1,0
2,0,2,0
0,2,2,0
2,0,2,0
2,0,2,0
5,0,5,0
0,1,1,114
2,0,2,0
0,1,1,0
5,0,5,0
13,0,13,0
1,0,1,0
2,0,2,0
5,0,5,0
0,2,2,9
1,0,1,0
3,0,3,0
1,0,1,0
0,1,1,2
1,0,1,0
1,0,1,0
1,0,1,0
1,0,1,0
0,4,4,73
2,0,2,0
1,0,1,0
10,0,10,0
1,0,1,0
2,0,2,0
1,0,1,0
2,0,2,0
2,0,2,0
1,0,1,0
3,0,3,0
2,0,2,0
0,1,1,10
0,6,6,27
1,0,1,0
0,17,17,17
18,0,18,0
6,0,6,0
3,0,3,0
4,0,4,0
1,0,1,0
1,0,1,0
0,14,14,16
6,0,6,0
2,0,2,0
1,0,1,0
3,0,3,0
0,16,16,11
14,0,14,0
1,0,1,0
1,0,1,0
1,0,1,0
1,0,1,0
0,1,1,34
1,0,1,0
2,0,2,0
1,0,1,0
1,0,1,0
2,0,2,0
1,0,1,0
0,7,7,35
2,0,2,0
1,0,1,0
1,0,1,0
1,0,1,0
1,0,1,0
2,0,2,0
1,0,1,0
1,0,1,0
0,2,2,4
1,0,1,0
1,0,1,0
1,0,1,0
2,0,2,0
4,0,4,0
1,0,1,0
1,0,1,0
1,0,1,0
0,26,26,1
0,3,3,10
1,0,1,0
1,0,1,0
1,0,1,0
0,4,4,10
1,0,1,0
0,24,24,0
1,0,1,0
1,0,1,0
4,0,4,0
0,2,2,1
2,0,2,0
0,3,3,17
2,0,2,0
31,0,31,0
1,0,1,0
1,0,1,0
0,1,1,0
0,3,3,51
1,0,1,0
2,0,2,0
1,0,1,0
14,0,14,0
3,0,3,0
3,0,3,0
2,0,2,0
1,0,1,0
1,0,1,0
5,0,5,0
0,3,3,19
0,1,1,0
16,0,16,0
0,16,16,42
2,0,2,0
0,2,2,90
1,0,1,0
1,0,1,0
1,0,1,0
2,0,2,0
0,4,4,37
1,0,1,0
7,0,7,0
2,0,2,0
6,0,6,0
2,0,2,0
3,0,3,0
8,0,8,0
1,0,1,0
2,0,2,0
2,0,2,0
1,0,1,0
1,0,1,0
5,0,5,0
1,0,1,0
0,1,1,2
0,25,25,24
5,0,5,0
0,4,4,0
0,7,7,1
0,9,9,17
3,0,3,0
1,0,1,0
10,0,10,0
1,0,1,0
2,0,2,0
1,0,1,0
2,0,2,0
2,0,2,0
2,0,2,0
1,0,1,0
4,0,4,0
3,0,3,0
0,1,1,0
1,0,1,0
1,0,1,0
2,0,2,0
3,0,3,0
1,0,1,0
2,0,2,0
1,0,1,0
1,0,1,0
1,0,1,0
0,6,6,38
1,0,1,0
1,0,1,0
3,0,3,0
1,0,1,0
1,0,1,0
0,8,8,1
0,2,2,48
0,4,4,3
2,0,2,0
0,2,2,26
2,0,2,0
2,0,2,0
2,0,2,0
0,2,2,10
2,0,2,0
1,0,1,0
1,0,1,0
0,5,5,12
1,0,1,0
1,0,1,0
3,0,3,0
24,0,24,0
0,1,1,4
0,2,2,0
0,2,2,54
1,0,1,0
2,0,2,0
0,49,49,4
0,8,8,36
1,0,1,0
1,0,1,0
0,2,2,0
3,0,3,0
0,2,2,1
2,0,2,0
1,0,1,0
1,0,1,0
1,0,1,0
2,0,2,0
0,1,1,4
2,0,2,0
1,0,1,0
0,13,13,0
1,0,1,0
0,5,5,15
2,0,2,0
1,0,1,0
1,0,1,0
4,0,4,0
0,1,1,5
0,2,2,8
0,1,1,8
0,1,1,25
0,1,1,9
2,0,2,0
1,0,1,0
0,5,5,37
0,1,1,23
2,0,2,0
3,0,3,0
1,0,1,0
1,0,1,0
1,0,1,0
2,0,2,0
1,0,1,0
5,0,5,0
1,0,1,0
0,17,17,5
1,0,1,0
7,0,7,0
0,2,2,0
0,7,7,0
4,0,4,0
0,5,5,16
1,0,1,0
1,0,1,0
1,0,1,0
2,0,2,0
2,0,2,0
1,0,1,0
2,0,2,0
1,0,1,0
0,1,1,0
4,0,4,0
1,0,1,0
1,0,1,0
0,31,31,0
1,0,1,0
1,0,1,0
2,0,2,0
3,0,3,0
1,0,1,0
1,0,1,0
2,0,2,0
1,0,1,0
2,0,2,0
2,0,2,0
1,0,1,0
3,0,3,0
23,0,23,0
1,0,1,0
1,0,1,0
1,0,1,0
0,5,5,3
0,1,1,6
1,0,1,0
0,1,1,0
0,6,6,6
1,0,1,0
1,0,1,0
1,0,1,0
1,0,1,0
0,2,2,3
3,0,3,0
4,0,4,0
1,0,1,0
1,0,1,0
0,1,1,2
1,0,1,0
0,1,1,33
0,1,1,2
1,0,1,0
5,0,5,0
0,7,7,0
1,0,1,0
0,2,2,4
1,0,1,0
1,0,1,0
4,0,4,0
13,0,13,0
2,0,2,0
3,0,3,0
0,3,3,3
1,0,1,0
2,0,2,0
0,39,39,4
2,0,2,0
2,0,2,0
1,0,1,0
3,0,3,0
0,2,2,7
1,0,1,0
1,0,1,0
2,0,2,0
0,2,2,17
1,0,1,0
0,4,4,12
5,0,5,0
2,0,2,0
0,5,5,3
8,0,8,0
1,0,1,0
1,0,1,0
2,0,2,0
1,0,1,0
1,0,1,0
7,0,7,0
3,0,3,0
1,0,1,0
0,1,1,15
1,0,1,0
2,0,2,0
1,0,1,0
2,0,2,0
0,5,5,5
3,0,3,0
0,1,1,1
1,0,1,0
13,0,13,0
3,0,3,0
3,0,3,0
5,0,5,0
1,0,1,0
1,0,1,0
0,3,3,2
8,0,8,0
1,0,1,0
1,0,1,0
1,0,1,0
1,0,1,0
2,0,2,0
0,21,21,1
0,40,40,9
1,0,1,0
1,0,1,0
1,0,1,0
1,0,1,0
4,0,4,0
1,0,1,0
0,1,1,7
1,0,1,0
2,0,2,0
4,0,4,0
0,2,2,2
0,1,1,1
1,0,1,0
1,0,1,0
3,0,3,0
8,0,8,0
4,0,4,0
1,0,1,0
0,1,1,30
1,0,1,0
0,2,2,9
1,0,1,0
0,7,7,0
3,0,3,0
0,4,4,0
0,19,19,5
0,22,22,1
0,3,3,2
0,15,15,0
1,0,1,0
1,0,1,0
1,0,1,0
4,0,4,0
1,0,1,0
1,0,1,0
15,0,15,0
0,6,6,0
1,0,1,0
0,6,6,6
1,0,1,0
0,5,5,2
0,7,7,1
6,0,6,0
0,17,17,1
2,0,2,0
1,0,1,0
9,0,9,0
1,0,1,0
0,3,3,0
5,0,5,0
1,0,1,0
3,0,3,0
1,0,1,0
1,0,1,0
4,0,4,0
2,0,2,0
3,0,3,0
2,0,2,0
1,0,1,0
0,1,1,0
0,23,23,0
19,0,19,0
2,0,2,0
5,0,5,0
0,2,2,1
1,0,1,0
3,0,3,0
1,0,1,0
1,0,1,6
1,0,1,0
1,0,1,0
2,0,2,0
1,0,1,0
1,0,1,0
1,0,1,0
1,0,1,0
1,0,1,0
1,0,1,0
1,0,1,0
1,0,1,0
1,0,1,0
0,2,2,20
2,0,2,0
0,1,1,34
0,1,1,7
1,0,1,0
2,0,2,0
47,0,47,0
10,0,10,0
0,5,5,2
2,0,2,0
2,0,2,0
0,3,3,20
1,0,1,0
0,1,1,16
21,0,21,0
1,0,1,0
1,0,1,0
1,0,1,0
1,0,1,0
1,0,1,0
4,0,4,0
1,0,1,0
1,0,1,0
0,1,1,0
1,0,1,0
0,1,1,38
13,0,13,0
1,0,1,0
2,0,2,0
2,0,2,0
0,1,1,5
3,0,3,0
0,2,2,0
0,3,3,4
2,0,2,0
1,0,1,0
1,0,1,0
2,0,2,0
1,0,1,0
0,1,1,2
1,0,1,0
1,0,1,0
3,0,3,0
0,27,27,4
1,0,1,0
1,0,1,0
1,0,1,0
1,0,1,0
2,0,2,0
0,7,7,10
1,0,1,0
1,0,1,0
1,0,1,0
1,0,1,0
0,1,1,0
1,0,1,0
1,0,1,0
3,0,3,0
0,32,32,4
2,0,2,0
2,0,2,0
5,0,5,0
1,0,1,0
0,1,1,5
0,32,32,2
3,0,3,0
1,0,1,0
1,0,1,0
1,0,1,0
1,0,1,0
0,3,3,1
2,0,2,0
4,0,4,0
3,0,3,0
1,0,1,0
0,2,2,0
0,1,1,1
3,0,3,0
0,2,2,28
0,6,6,0
0,4,4,1
4,0,4,0
3,0,3,0
1,0,1,0
5,0,5,0
1,0,1,0
5,0,5,0
2,0,2,0
1,0,1,0
1,0,1,0
15,0,15,0
3,0,3,0
0,1,1,3
2,0,2,0
0,1,1,2
0,7,7,2
1,0,1,0
0,15,15,4
1,0,1,0
3,0,3,0
0,1,1,0
0,1,1,4
1,0,1,0
2,0,2,0
0,4,4,49
2,0,2,0
0,8,8,3
1,0,1,0
1,0,1,0
1,0,1,0
2,0,2,0
1,0,1,0
1,0,1,0
0,2,2,1
1,0,1,0
1,0,1,0
0,1,1,17
0,4,4,8
1,0,1,0
2,0,2,0
5,0,5,0
1,0,1,0
3,0,3,0
1,0,1,0
5,0,5,0
0,1,1,0
0,2,2,46
2,0,2,0
1,0,1,0
33,0,33,0
1,0,1,0
0,1,1,11
9,0,9,0
1,0,1,0
4,0,4,0
2,0,2,0
0,8,8,41
0,1,1,7
1,0,1,0
1,0,1,0
2,0,2,0
0,27,27,33
4,0,4,0
1,0,1,0
4,0,4,0
0,11,11,9
21,0,21,0
7,0,7,0
1,0,1,0
1,0,1,0
1,0,1,0
1,0,1,0
1,0,1,0
1,0,1,0
2,0,2,0
5,0,5,0
1,0,1,0
1,0,1,0
4,0,4,0
7,0,7,0
0,1,1,7
2,0,2,0
20,0,20,0
1,0,1,0
0,1,1,103
1,0,1,0
3,0,3,0
0,1,1,43
1,0,1,0
78,0,78,0
3,0,3,0
1,0,1,0
4,0,4,0
1,0,1,0
3,0,3,0
0,2,2,0
2,0,2,0
1,0,1,0
17,0,17,0
1,0,1,0
16,0,16,0
0,1,1,1
0,1,1,3
1,0,1,0
0,1,1,2
0,2,2,2
1,0,1,0
5,0,5,0
0,8,8,18
0,3,3,13
1,0,1,0
1,0,1,0
0,105,105,4
0,3,3,9
1,0,1,0
2,0,2,0
0,6,6,34
1,0,1,0
7,0,7,0
4,0,4,0
3,0,3,0
6,0,6,0
1,0,1,0
2,0,2,0
0,2,2,1
1,0,1,0
1,0,1,0
5,0,5,0
0,1,1,77
8,0,8,0
1,0,1,0
2,0,2,0
0,2,2,3
0,3,3,0
0,10,10,4
1,0,1,0
2,0,2,0
1,0,1,0
1,0,1,0
1,0,1,0
1,0,1,0
1,0,1,0
4,0,4,0
1,0,1,0
1,0,1,0
0,4,4,6
3,0,3,0
1,0,1,0
3,0,3,0
1,0,1,0
0,2,2,64
3,0,3,0
1,0,1,0
1,0,1,0
1,0,1,0
0,3,3,16
1,0,1,0
0,1,1,23
1,0,1,0
5,0,5,0
11,0,11,0
0,1,1,17
1,0,1,0
2,0,2,0
2,0,2,0
1,0,1,0
1,0,1,0
0,1,1,10
1,0,1,0
8,0,8,0
3,0,3,0
2,0,2,0
2,0,2,0
2,0,2,0
3,0,3,0
2,0,2,0
3,0,3,0
0,4,4,1
3,0,3,0
3,0,3,0
0,1,1,10
4,0,4,0
0,1,1,10
1,0,1,0
2,0,2,0
1,0,1,0
1,0,1,0
3,0,3,0
5,0,5,0
2,0,2,0
1,0,1,0
1,0,1,0
1,0,1,0
1,0,1,0
0,2,2,0
0,2,2,0
1,0,1,0
1,0,1,0
0,8,8,37
1,0,1,0
7,0,7,0
1,0,1,0
0,3,3,98
1,0,1,0
0,1,1,2
1,0,1,0
1,0,1,0
0,1,1,16
2,0,2,0
0,9,9,7
1,0,1,0
2,0,2,0
2,0,2,0
4,0,4,0
2,0,2,0
6,0,6,0
5,0,5,0
0,3,3,14
2,0,2,0
0,2,2,5
0,1,1,16
2,0,2,0
2,0,2,0
2,0,2,0
1,0,1,0
0,6,6,18
0,2,2,16
0,1,1,11
1,0,1,0
1,0,1,0
1,0,1,0
2,0,2,0
0,2,2,5
1,0,1,0
2,0,2,0
2,0,2,0
22,0,22,0
0,1,1,108
1,0,1,0
16,0,16,0
2,0,2,0
1,0,1,0
1,0,1,0
0,2,2,0
1,0,1,0
0,26,26,6
11,0,11,0
1,0,1,0
0,3,3,11
1,0,1,0
1,0,1,0
4,0,4,0
0,5,5,1
18,0,18,0
3,0,3,0
2,0,2,0
1,0,1,0
7,0,7,0
0,9,9,3
1,0,1,0
1,0,1,0
1,0,1,0
0,1,1,1
2,0,2,0
4,0,4,0
1,0,1,0
0,4,4,5
2,0,2,0
1,0,1,0
1,0,1,0
1,0,1,0
2,0,2,0
0,2,2,46
2,0,2,0
1,0,1,0
1,0,1,0
1,0,1,0
2,0,2,0
2,0,2,0
2,0,2,0
1,0,1,0
0,2,2,5
1,0,1,0
1,0,1,0
1,0,1,0
2,0,2,0
0,8,8,14
2,0,2,0
1,0,1,0
3,0,3,0
17,0,17,0
1,0,1,0
1,0,1,0
1,0,1,0
0,4,4,5
1,0,1,0
1,0,1,0
2,0,2,0
1,0,1,0
41,0,41,0
1,0,1,0
0,6,6,17
2,0,2,0
16,0,16,0
0,2,2,75
3,0,3,0
54,0,54,0
2,0,2,0
1,0,1,0
0,4,4,2
2,0,2,0
1,0,1,0
64,0,64,0
4,0,4,0
4,0,4,0
0,5,5,12
1,0,1,0
0,1,1,0
1,0,1,0
1,0,1,0
2,0,2,0
1,0,1,0
1,0,1,0
2,0,2,0
2,0,2,0
2,0,2,0
5,0,5,0
1,0,1,0
1,0,1,0
0,11,11,2
3,0,3,0
1,0,1,0
1,0,1,0
1,0,1,0
1,0,1,0
3,0,3,0
1,0,1,0
1,0,1,0
11,0,11,0
0,3,3,35
1,0,1,0
0,15,15,19
2,0,2,0
0,3,3,67
4,0,4,0
1,0,1,0
1,0,1,0
1,0,1,0
0,4,4,41
1,0,1,0
5,0,5,0
1,0,1,0
1,0,1,0
1,0,1,0
1,0,1,0
2,0,2,0
1,0,1,0
0,6,6,28
0,2,2,4
1,0,1,0
4,0,4,0
1,0,1,0
3,0,3,0
1,0,1,0
1,0,1,0
3,0,3,0
21,0,21,0
2,0,2,0
15,0,15,0
0,14,14,4
11,0,11,0
1,0,1,0
2,0,2,0
0,1,1,38
0,12,12,24
2,0,2,0
2,0,2,0
1,0,1,0
3,0,3,0
1,0,1,0
0,2,2,49
3,0,3,0
1,0,1,0
1,0,1,0
0,7,7,50
1,0,1,0
0,1,1,12
4,0,4,0
1,0,1,0
3,0,3,0
2,0,2,0
1,0,1,0
1,0,1,0
3,0,3,0
2,0,2,0
2,0,2,0
2,0,2,0
8,0,8,0
0,3,3,0
3,0,3,0
1,0,1,0
0,1,1,1
1,0,1,0
2,0,2,0
12,0,12,0
2,0,2,0
0,2,2,2
0,1,1,18
1,0,1,0
5,0,5,0
4,0,4,0
1,0,1,0
3,0,3,0
0,1,1,7
1,0,1,0
2,0,2,0
1,0,1,0
0,2,2,2
1,0,1,0
0,3,3,1
5,0,5,0
3,0,3,0
1,0,1,0
0,6,6,2
0,5,5,17
0,4,4,0
0,5,5,5
13,0,13,0
1,0,1,0
0,1,1,32
1,0,1,0
1,0,1,0
0,1,1,37
0,1,1,12
0,2,2,9
0,4,4,87
1,0,1,0
0,3,3,18
5,0,5,0
1,0,1,0
0,1,1,17
2,0,2,0
5,0,5,0
3,0,3,0
3,0,3,0
13,0,13,0
1,0,1,0
1,0,1,0
0,10,10,1
1,0,1,0
1,0,1,18
2,0,2,0
0,28,28,5
2,0,2,0
1,0,1,0
0,2,2,0
0,5,5,32
2,0,2,0
6,0,6,0
0,3,3,8
3,0,3,0
4,0,4,0
2,0,2,0
1,0,1,0
3,0,3,0
1,0,1,0
0,1,1,4
0,4,4,8
3,0,3,0
1,0,1,0
3,0,3,0
1,0,1,0
7,0,7,0
1,0,1,0
1,0,1,0
1,0,1,0
0,3,3,3
1,0,1,0
3,0,3,0
1,0,1,0
3,0,3,0
1,0,1,0
1,0,1,0
1,0,1,0
1,0,1,0
4,0,4,0
0,1,1,1
1,0,1,0
0,1,1,9
2,0,2,0
2,0,2,0
6,0,6,0
0,21,21,1
3,0,3,0
1,0,1,0
0,3,3,1
1,0,1,0
1,0,1,0
2,0,2,0
3,0,3,0
9,0,9,0
2,0,2,0
0,6,6,220
2,0,2,0
3,0,3,0
1,0,1,0
11,0,11,0
0,1,1,168
2,0,2,0
1,0,1,0
3,0,3,0
0,9,9,2
0,1,1,79
12,0,12,0
1,0,1,0
1,0,1,0
9,0,9,0
1,0,1,0
0,2,2,4
1,0,1,0
4,0,4,0
6,0,6,0
1,0,1,0
3,0,3,0
2,0,2,0
0,2,2,3
2,0,2,0
0,3,3,3
3,0,3,0
1,0,1,0
1,0,1,0
0,1,1,16
13,0,13,0
2,0,2,0
1,0,1,0
1,0,1,0
1,0,1,0
1,0,1,0
1,0,1,0
1,0,1,0
4,0,4,0
1,0,1,0
0,4,4,1
2,0,2,0
1,0,1,0
2,0,2,0
7,0,7,0
2,0,2,0
0,1,1,0
4,0,4,0
1,0,1,0
0,2,2,6
1,0,1,0
2,0,2,0
0,5,5,3
42,0,42,0
2,0,2,0
1,0,1,0
0,2,2,3
0,3,3,16
1,0,1,0
1,0,1,0
0,1,1,18
1,0,1,0
0,3,3,10
1,0,1,0
0,2,2,4
2,0,2,0
1,0,1,0
1,0,1,0
4,0,4,0
2,0,2,0
3,0,3,0
1,0,1,0
1,0,1,0
1,0,1,0
1,0,1,0
2,0,2,0
5,0,5,0
1,0,1,0
1,0,1,0
1,0,1,0
1,0,1,0
1,0,1,0
1,0,1,0
2,0,2,0
0,261,261,24
0,1,1,8
2,0,2,0
1,0,1,0
1,0,1,0
0,3,3,7
1,0,1,0
1,0,1,0
2,0,2,0
3,0,3,0
1,0,1,0
1,0,1,0
1,0,1,0
0,4,4,25
6,0,6,0
2,0,2,0
2,0,2,0
0,1,1,11
0,12,12,12
1,0,1,0
1,0,1,0
1,0,1,0
6,0,6,0
1,0,1,0
3,0,3,0
3,0,3,0
0,2,2,12
0,2,2,34
0,1,1,6
1,0,1,0
1,0,1,0
0,1,1,9
0,10,10,9
1,0,1,0
2,0,2,0
1,0,1,0
0,4,4,185
1,0,1,0
4,0,4,0
1,0,1,0
0,1,1,12
0,2,2,59
0,1,1,0
1,0,1,0
2,0,2,0
2,0,2,0
1,0,1,0
1,0,1,0
0,3,3,5
0,3,3,13
1,0,1,0
1,0,1,0
1,0,1,0
1,0,1,0
1,0,1,0
0,3,3,1
0,4,4,0
4,0,4,0
7,0,7,0
1,0,1,0
0,2,2,49
0,1,1,2
1,0,1,0
12,0,12,0
1,0,1,0
5,0,5,1
0,6,6,99
2,0,2,0
1,0,1,0
2,0,2,0
1,0,1,0
1,0,1,0
1,0,1,0
1,0,1,0
2,0,2,0
0,26,26,6
0,1,1,0
1,0,1,0
0,1,1,26
1,0,1,0
10,0,10,0
2,0,2,0
0,4,4,31
3,0,3,0
1,0,1,0
13,0,13,0
1,0,1,0
2,0,2,0
10,0,10,0
4,0,4,0
1,0,1,0
1,0,1,0
0,1,1,3
1,0,1,0
2,0,2,0
1,0,1,0
1,0,1,0
1,0,1,0
1,0,1,0
0,1,1,0
11,0,11,0
2,0,2,0
0,11,11,3
2,0,2,0
2,0,2,0
1,0,1,0
0,66,66,8
3,0,3,0
0,2,2,1
1,0,1,0
2,0,2,0
0,1,1,4
0,28,28,2
0,4,4,0
0,12,12,7
8,0,8,0
2,0,2,0
1,0,1,0
1,0,1,0
7,0,7,0
2,0,2,0
1,0,1,0
0,8,8,29
0,4,4,94
1,0,1,0
0,1,1,0
2,0,2,0
2,0,2,0
0,4,4,16
0,23,23,16
0,8,8,7
1,0,1,0
5,0,5,0
0,2,2,1
0,6,6,6
1,0,1,0
1,0,1,0
2,1,3,9
3,0,3,0
0,3,3,94
1,0,1,0
6,0,6,0
2,0,2,0
1,0,1,0
0,2,2,87
4,0,4,0
4,0,4,0
1,0,1,0
1,0,1,0
1,0,1,0
1,0,1,0
3,0,3,0
0,4,4,16
1,0,1,0
1,0,1,0
0,2,2,0
2,0,2,0
3,0,3,0
1,0,1,0
0,2,2,0
1,0,1,0
8,0,8,0
1,0,1,0
1,0,1,0
1,0,1,0
0,2,2,9
0,1,1,13
3,0,3,0
0,2,2,0
0,5,5,2
0,8,8,6
1,0,1,0
2,0,2,0
0,1,1,66
1,0,1,0
2,0,2,0
1,0,1,0
1,0,1,0
2,0,2,0
0,5,5,9
2,0,2,0
5,0,5,0
1,0,1,0
4,0,4,0
0,27,27,5
2,0,2,0
2,0,2,0
0,3,3,14
0,1,1,28
4,0,4,0
1,0,1,0
1,0,1,0
0,2,2,0
1,0,1,0
0,2,2,23
6,0,6,0
1,0,1,0
7,0,7,0
0,4,4,9
0,2,2,2
1,0,1,0
1,0,1,0
0,5,5,0
0,1,1,0
2,0,2,0
1,0,1,0
0,2,2,18
3,0,3,0
2,0,2,0
0,2,2,5
0,1,1,7
5,0,5,0
5,0,5,0
4,0,4,0
3,0,3,0
0,2,2,36
1,0,1,0
9,0,9,0
1,0,1,0
0,4,4,0
4,0,4,0
4,0,4,0
1,0,1,0
3,0,3,0
0,25,25,4
2,0,2,0
4,0,4,0
1,0,1,0
1,0,1,0
2,0,2,0
1,0,1,0
9,0,9,0
1,0,1,0
0,35,35,42
0,2,2,0
6,0,6,0
0,6,6,68
1,0,1,0
10,0,10,0
0,34,34,3
3,0,3,0
32,0,32,0
1,0,1,0
11,0,11,0
0,53,53,9
2,0,2,0
2,0,2,0
1,0,1,0
1,0,1,0
1,0,1,0
0,1,1,68
1,0,1,0
1,0,1,0
2,0,2,0
1,0,1,0
1,0,1,0
0,3,3,15
1,0,1,0
1,0,1,0
1,0,1,0
0,1,1,0
2,0,2,0
2,0,2,0
0,1,1,4
0,3,3,0
1,0,1,0
1,0,1,0
0,4,4,1
3,0,3,0
2,0,2,0
1,0,1,0
0,2,2,0
0,9,9,0
2,0,2,0
1,0,1,0
2,0,2,0
1,0,1,0
2,0,2,0
2,0,2,0
1,0,1,0
2,0,2,0
1,0,1,0
1,0,1,0
0,2,2,54
0,14,14,20
8,0,8,0
1,0,1,0
0,1,1,1
8,0,8,0
2,0,2,0
0,4,4,10
5,0,5,0
2,0,2,0
1,0,1,0
3,0,3,0
2,0,2,0
1,0,1,0
2,0,2,0
0,3,3,0
0,15,15,32
1,0,1,0
2,0,2,0
0,16,16,7
0,3,3,6
0,42,42,4
70,0,70,0
4,0,4,0
0,2,2,37
1,0,1,0
1,0,1,0
0,12,12,15
11,0,11,0
10,0,10,0
1,0,1,0
2,0,2,0
2,0,2,0
0,8,8,2
3,0,3,0
10,0,10,0
1,0,1,0
0,1,1,31
0,17,17,0
1,0,1,0
1,0,1,0
1,0,1,0
0,17,17,32
1,0,1,0
1,0,1,0
0,6,6,0
2,0,2,0
1,0,1,0
2,0,2,0
1,0,1,0
2,0,2,0
1,0,1,0
7,0,7,0
0,1,1,17
1,0,1,0
0,2,2,25
1,0,1,0
4,0,4,0
2,0,2,0
0,1,1,2
3,0,3,0
0,1,1,11
0,2,2,12
1,0,1,0
1,0,1,0
1,0,1,0
15,0,15,0
1,0,1,0
1,0,1,0
9,0,9,0
0,1,1,79
0,4,4,4
0,3,3,30
1,0,1,0
1,0,1,0
3,0,3,0
0,1,1,10
0,12,12,60
1,0,1,0
1,0,1,0
0,17,17,0
1,0,1,0
1,0,1,0
3,0,3,0
1,0,1,0
1,0,1,0
5,0,5,0
1,0,1,0
1,0,1,0
1,0,1,0
1,0,1,0
0,1,1,2
1,0,1,0
1,0,1,0
1,0,1,0
2,0,2,0
1,0,1,0
3,0,3,0
2,0,2,0
1,0,1,0
0,10,10,12
7,0,7,0
2,0,2,0
1,0,1,0
1,0,1,0
1,0,1,0
0,1,1,65
0,1,1,63
0,36,36,34
1,0,1,0
7,0,7,0
11,0,11,0
1,0,1,0
1,0,1,0
0,1,1,0
1,0,1,0
19,0,19,0
0,1,1,7
0,4,4,3
0,1,1,0
1,0,1,0
0,1,1,0
25,0,25,0
2,0,2,0
2,0,2,0
1,0,1,0
1,0,1,0
1,0,1,0
1,0,1,0
0,4,4,9
4,0,4,0
1,0,1,0
0,1,1,1
0,2,2,3
0,2,2,0
0,12,12,23
1,0,1,0
1,0,1,0
3,0,3,0
0,4,4,7
0,2,2,307
0,5,5,7
1,0,1,0
54,0,54,0
2,0,2,0
1,0,1,0
5,0,5,0
4,0,4,0
9,0,9,0
1,0,1,0
0,2,2,35
0,2,2,2
0,2,2,6
2,0,2,0
0,1,1,2
3,0,3,0
1,0,1,0
1,0,1,0
1,0,1,0
0,3,3,9
2,0,2,0
1,0,1,0
0,8,8,10
1,0,1,0
3,0,3,0
0,1,1,22
1,0,1,0
1,0,1,0
1,0,1,0
1,0,1,0
1,0,1,0
1,0,1,0
1,0,1,0
2,0,2,0
1,0,1,0
0,4,4,9
0,1,1,80
0,3,3,9
0,1,1,4
0,9,9,27
2,0,2,0
4,0,4,0
1,0,1,0
0,7,7,0
0,5,5,4
16,0,16,0
1,0,1,0
4,0,4,0
2,0,2,0
0,1,1,0
0,1,1,14
1,0,1,0
0,5,5,3
7,0,7,0
1,0,1,0
9,0,9,0
20,0,20,0
2,0,2,0
1,0,1,0
0,3,3,0
0,1,1,132
1,0,1,0
14,0,14,0
1,0,1,0
2,0,2,0
2,0,2,0
3,0,3,0
6,0,6,0
1,0,1,0
6,0,6,0
2,0,2,0
4,0,4,0
0,1,1,1
6,0,6,0
0,30,30,17
1,0,1,20
5,0,5,0
1,0,1,0
2,0,2,0
1,0,1,0
1,0,1,0
1,0,1,0
1,0,1,0
2,0,2,0
2,0,2,0
0,10,10,6
2,0,2,0
0,1,1,40
0,3,3,3
0,3,3,3
12,0,12,0
1,0,1,0
1,0,1,0
1,0,1,0
1,0,1,0
1,0,1,0
0,6,6,1
2,0,2,0
0,8,8,46
1,0,1,0
1,0,1,0
1,0,1,0
0,1,1,6
8,0,8,0
1,0,1,0
1,0,1,0
1,0,1,0
7,0,7,0
0,2,2,13
8,0,8,0
1,0,1,0
2,0,2,0
0,42,42,48
5,0,5,0
8,0,8,0
1,0,1,0
1,0,1,0
1,0,1,0
3,0,3,0
1,0,1,0
0,1,1,14
3,0,3,0
1,0,1,0
1,0,1,0
3,0,3,0
5,0,5,0
0,3,3,21
0,1,1,50
2,0,2,0
7,0,7,0
1,0,1,0
0,3,3,11
1,0,1,0
2,0,2,0
1,0,1,0
1,0,1,0
3,0,3,0
2,0,2,0
1,0,1,0
5,0,5,0
1,0,1,0
1,0,1,0
1,0,1,0
0,13,13,22
8,0,8,0
0,18,18,97
3,0,3,0
1,0,1,0
1,0,1,0
1,0,1,0
2,0,2,0
2,0,2,0
1,0,1,0
1,0,1,0
1,0,1,0
1,0,1,0
16,0,16,0
1,0,1,0
2,0,2,0
0,1,1,2
0,2,2,4
1,0,1,0
2,0,2,0
1,0,1,0
1,0,1,0
1,0,1,0
1,0,1,0
2,0,2,0
0,3,3,4
1,0,1,0
4,0,4,0
3,0,3,0
0,1,1,1
4,0,4,0
1,0,1,0
0,2,2,69
0,4,4,8
0,2,2,7
2,0,2,0
2,0,2,0
2,0,2,0
1,0,1,0
1,0,1,0
1,0,1,0
2,0,2,0
3,0,3,0
1,0,1,0
1,0,1,0
4,0,4,0
3,0,3,0
0,32,32,1
0,4,4,8
1,0,1,0
0,2,2,3
1,0,1,0
3,0,3,0
17,0,17,0
1,0,1,0
3,0,3,0
0,1,1,20
11,0,11,0
3,0,3,0
4,0,4,0
0,1,1,2
1,0,1,0
0,3,3,0
1,0,1,0
1,0,1,0
1,0,1,0
0,11,11,0
1,0,1,0
1,0,1,0
2,0,2,0
0,1,1,8
2,0,2,0
0,1,1,27
0,4,4,44
1,0,1,0
1,0,1,0
1,0,1,0
0,2,2,2
5,0,5,0
1,0,1,0
1,0,1,0
0,2,2,10
1,0,1,0
0,1,1,13
0,1,1,30
0,8,8,3
2,0,2,0
1,0,1,0
3,0,3,0
3,0,3,0
0,5,5,1
1,0,1,0
1,0,1,0
12,0,12,0
0,3,3,60
0,1,1,4
8,0,8,0
7,0,7,0
1,0,1,0
1,0,1,0
5,0,5,0
0,8,8,1
1,0,1,0
2,0,2,0
1,0,1,0
0,3,3,11
1,0,1,0
1,0,1,0
1,0,1,0
2,0,2,0
2,0,2,0
0,1,1,33
1,0,1,0
1,0,1,0
1,0,1,0
0,1,1,2
10,0,10,0
1,0,1,0
0,2,2,12
5,0,5,0
1,0,1,0
4,0,4,0
0,1,1,16
0,1,1,8
1,0,1,0
0,1,1,12
0,1,1,9
2,0,2,0
1,0,1,0
0,2,2,0
0,1,1,0
1,0,1,0
1,0,1,0
1,0,1,0
3,0,3,0
1,0,1,0
5,0,5,0
1,0,1,0
1,0,1,0
0,1,1,1
1,0,1,0
51,0,51,0
0,41,41,5
2,0,2,0
3,0,3,0
1,0,1,0
1,0,1,0
8,0,8,0
1,0,1,0
4,0,4,0
2,0,2,0
3,0,3,0
4,0,4,0
1,0,1,0
0,18,18,25
3,0,3,0
1,0,1,0
1,0,1,0
0,1,1,0
0,6,6,12
2,0,2,0
3,0,3,0
7,0,7,0
2,0,2,0
1,0,1,0
0,20,20,4
1,0,1,0
0,1,1,16
4,0,4,0
1,0,1,0
0,1,1,0
1,0,1,0
2,0,2,0
7,0,7,0
1,0,1,0
1,0,1,0
1,0,1,0
1,0,1,0
1,0,1,0
2,0,2,0
0,1,1,21
2,0,2,0
1,0,1,0
4,0,4,0
0,57,57,7
4,0,4,0
0,2,2,1
1,0,1,0
0,23,23,4
6,0,6,0
10,0,10,0
2,0,2,0
1,0,1,0
0,3,3,53
1,0,1,0
16,0,16,0
1,0,1,0
3,0,3,0
0,2,2,11
0,13,13,7
17,0,17,0
1,0,1,0
1,0,1,0
0,1,1,3
0,1,1,0
0,33,33,4
3,0,3,0
2,0,2,0
2,0,2,0
1,0,1,0
3,0,3,0
1,0,1,0
1,0,1,0
4,0,4,0
0,1,1,1
1,0,1,0
0,6,6,12
0,1,1,0
1,0,1,0
2,0,2,0
2,0,2,0
1,0,1,0
0,3,3,1
2,0,2,0
1,0,1,0
4,0,4,0
1,0,1,0
2,0,2,0
1,0,1,0
9,0,9,0
1,0,1,0
1,0,1,0
1,0,1,0
1,0,1,0
0,4,4,61
1,0,1,0
1,0,1,0
4,0,4,0
1,0,1,0
2,0,2,0
6,0,6,0
1,0,1,0
9,0,9,0
1,0,1,0
1,0,1,0
1,0,1,0
0,4,4,42
1,0,1,0
1,0,1,0
1,0,1,0
1,0,1,0
1,0,1,0
1,0,1,0
1,0,1,0
0,2,2,56
0,1,1,14
2,0,2,0
1,0,1,0
2,0,2,0
1,0,1,0
104,0,104,0
1,0,1,0
0,1,1,8
3,0,3,0
0,1,1,0
2,0,2,0
3,0,3,0
0,8,8,12
1,0,1,0
4,0,4,0
3,0,3,0
0,5,5,9
1,0,1,0
2,0,2,0
1,0,1,0
0,2,2,0
1,0,1,0
2,0,2,0
1,0,1,0
1,0,1,0
1,0,1,0
1,0,1,0
15,0,15,0
1,0,1,0
0,2,2,26
1,0,1,0
4,0,4,0
0,4,4,6
0,1,1,34
1,0,1,0
0,6,6,7
1,0,1,0
1,0,1,0
0,18,18,1
1,0,1,0
0,1,1,27
2,0,2,0
5,0,5,0
0,6,6,5
2,0,2,0
1,0,1,0
2,0,2,0
15,0,15,0
0,1,1,0
0,1,1,4
0,1,1,0
0,1,1,3
23,0,23,0
0,5,5,1
1,0,1,0
1,0,1,0
0,2,2,5
2,0,2,0
5,0,5,0
2,0,2,0
1,0,1,0
4,0,4,0
1,0,1,0
1,0,1,0
1,0,1,0
0,10,10,7
1,0,1,0
1,0,1,0
1,0,1,0
1,0,1,0
1,0,1,0
1,0,1,0
1,0,1,0
12,0,12,0
0,3,3,9
1,0,1,0
25,0,25,0
1,0,1,0
1,0,1,0
0,1,1,30
0,5,5,4
1,0,1,0
1,0,1,0
1,0,1,0
0,7,7,0
4,0,4,0
1,0,1,0
5,0,5,0
4,0,4,0
0,1,1,0
0,5,5,2
0,2,2,0
1,0,1,0
1,0,1,0
0,15,15,3
0,1,1,3
4,0,4,0
2,0,2,0
1,0,1,0
3,0,3,0
0,2,2,9
1,0,1,0
2,0,2,0
3,0,3,0
0,2,2,2
1,0,1,0
0,1,1,15
2,0,2,0
4,0,4,0
1,0,1,0
1,0,1,0
7,0,7,0
3,0,3,0
2,0,2,0
0,3,3,1
4,0,4,0
2,0,2,0
1,0,1,0
0,21,21,0
8,0,8,0
0,82,82,2
0,3,3,3
2,0,2,0
2,0,2,0
0,1,1,2
2,0,2,0
1,0,1,0
2,0,2,0
1,0,1,0
6,0,6,0
4,0,4,0
2,0,2,0
0,13,13,2
4,0,4,0
6,0,6,0
169,0,169,0
13,0,13,0
4,0,4,0
19,0,19,0
1,0,1,0
0,12,12,13
17,0,17,0
0,3,3,6
0,66,66,6
40,0,40,0
1,0,1,0
3,0,3,0
2,0,2,0
0,1,1,14
3,0,3,0
3,0,3,0
1,0,1,0
1,0,1,0
0,8,8,7
0,3,3,18
1,0,1,0
3,0,3,0
1,0,1,0
1,0,1,0
1,0,1,0
1,0,1,0
1,0,1,0
2,0,2,0
1,0,1,0
1,0,1,0
1,0,1,0
14,0,14,0
4,0,4,0
1,0,1,0
1,0,1,0
1,0,1,0
7,0,7,0
4,0,4,0
1,0,1,0
0,1,1,21
0,1,1,77
5,0,5,0
1,0,1,0
1,0,1,0
1,0,1,0
9,0,9,0
10,0,10,0
2,0,2,0
1,0,1,0
3,0,3,0
1,0,1,0
1,0,1,0
1,0,1,0
0,1,1,5
1,0,1,0
1,0,1,0
0,14,14,20
8,0,8,0
11,0,11,0
2,0,2,0
4,0,4,0
0,21,21,24
0,1,1,5
1,0,1,0
1,0,1,0
1,0,1,0
1,0,1,0
3,0,3,0
1,0,1,0
0,1,1,0
0,14,14,2
1,0,1,0
0,1,1,2
3,0,3,0
3,0,3,0
1,0,1,0
3,0,3,0
3,0,3,0
1,0,1,0
1,0,1,0
1,0,1,0
8,0,8,0
1,0,1,0
0,6,6,31
5,0,5,0
1,0,1,0
1,0,1,0
1,0,1,0
4,0,4,0
0,1,1,1
0,5,5,10
1,0,1,0
0,17,17,1
1,0,1,0
1,0,1,0
2,0,2,0
0,5,5,64
1,0,1,0
1,0,1,0
1,0,1,0
1,0,1,0
1,0,1,0
1,0,1,0
0,7,7,37
1,0,1,0
1,0,1,0
2,0,2,0
3,0,3,0
2,0,2,0
0,1,1,10
4,0,4,10
1,0,1,0
0,1,1,3
0,1,1,14
3,0,3,0
1,0,1,0
3,0,3,0
2,0,2,0
1,0,1,0
14,0,14,0
1,0,1,0
1,0,1,0
0,7,7,33
2,0,2,0
1,0,1,0
341,0,341,0
1,0,1,0
1,0,1,0
0,6,6,8
0,4,4,2
1,0,1,0
0,4,4,1
1,0,1,0
0,175,175,20
4,0,4,0
19,0,19,0
0,1,1,2
2,0,2,0
0,1,1,4
0,1,1,18
1,0,1,0
1,0,1,0
0,5,5,26
3,0,3,0
1,0,1,0
0,2,2,21
1,0,1,0
2,0,2,0
1,0,1,0
2,0,2,0
1,0,1,0
4,0,4,0
5,0,5,0
10,0,10,0
2,0,2,0
0,2,2,21
2,0,2,0
1,0,1,0
3,0,3,0
0,1,1,5
0,23,23,5
0,4,4,0
1,0,1,0
0,3,3,50
0,1,1,1
1,0,1,0
1,0,1,0
2,0,2,0
0,1,1,1
0,5,5,43
0,2,2,3
0,35,35,33
1,0,1,0
0,1,1,0
2,0,2,0
1,0,1,0
3,0,3,0
2,0,2,0
0,1,1,2
0,2,2,18
27,0,27,0
4,0,4,0
0,1,1,0
2,0,2,0
0,2,2,33
1,0,1,0
2,0,2,0
6,0,6,0
0,18,18,59
0,1,1,19
2,0,2,0
3,0,3,0
1,0,1,0
1,0,1,0
1,0,1,0
1,0,1,0
0,1,1,19
8,0,8,0
0,6,6,35
1,0,1,0
1,0,1,0
0,1,1,25
6,0,6,0
0,1,1,5
3,0,3,0
0,1,1,42
2,0,2,0
1,0,1,0
1,0,1,0
3,0,3,0
3,0,3,0
2,0,2,0
5,0,5,0
1,0,1,0
6,0,6,0
2,0,2,0
1,0,1,0
1,0,1,0
0,1,1,30
2,0,2,0
1,0,1,0
4,0,4,0
0,1,1,3
29,0,29,0
6,0,6,0
1,0,1,0
0,1,1,40
1,0,1,0
1,0,1,0
1,0,1,0
2,0,2,0
3,0,3,0
4,0,4,0
0,1,1,36
1,0,1,0
1,0,1,0
2,0,2,0
2,0,2,0
5,0,5,0
0,1,1,0
1,0,1,0
0,7,7,2
2,0,2,0
1,0,1,0
2,0,2,0
0,14,14,25
3,0,3,0
1,0,1,0
3,0,3,0
1,0,1,0
8,0,8,0
0,1,1,1
2,0,2,0
0,1,1,51
0,1,1,3
7,0,7,0
0,1,1,3
1,0,1,0
4,0,4,0
1,0,1,0
5,0,5,0
3,0,3,0
1,0,1,0
0,5,5,8
1,0,1,0
5,0,5,0
2,0,2,0
1,0,1,0
4,0,4,0
3,0,3,0
0,2,2,59
0,4,4,1
1,0,1,0
6,0,6,0
1,0,1,0
2,0,2,0
1,0,1,0
7,0,7,0
1,0,1,0
1,0,1,0
1,0,1,0
1,0,1,0
4,0,4,0
1,0,1,0
2,0,2,0
1,0,1,0
1,0,1,0
0,7,7,1
2,0,2,0
2,0,2,0
0,3,3,4
1,0,1,0
2,0,2,0
11,0,11,0
0,1,1,3
1,0,1,0
2,0,2,0
2,0,2,0
0,2,2,3
1,0,1,0
1,0,1,0
5,0,5,0
1,0,1,0
0,1,1,5
3,0,3,0
3,0,3,0
1,0,1,0
2,0,2,0
2,0,2,0
3,0,3,0
0,1,1,0
4,0,4,0
8,0,8,0
8,0,8,0
4,0,4,0
37,0,37,0
4,0,4,0
7,0,7,0
1,0,1,0
1,0,1,0
2,0,2,0
1,0,1,0
0,8,8,76
0,3,3,11
4,0,4,0
3,0,3,0
1,0,1,0
1,0,1,0
1,0,1,0
1,0,1,0
0,2,2,96
1,0,1,0
1,0,1,0
1,0,1,0
1,0,1,0
2,0,2,0
1,0,1,0
1,0,1,0
0,11,11,1
7,0,7,0
17,0,17,0
1,0,1,0
3,0,3,0
0,1,1,1
1,0,1,0
0,8,8,26
1,0,1,0
1,0,1,0
0,9,9,67
0,1,1,58
2,0,2,0
2,0,2,0
1,0,1,0
2,0,2,0
0,2,2,3
1,0,1,0
2,0,2,0
0,9,9,22
1,0,1,0
0,1,1,8
5,0,5,0
1,0,1,0
2,0,2,0
2,0,2,0
0,23,23,29
1,0,1,0
2,0,2,0
1,0,1,0
0,4,4,0
1,0,1,0
3,0,3,0
1,0,1,0
0,6,6,12
0,8,8,2
1,0,1,0
1,0,1,0
4,0,4,0
1,0,1,0
1,0,1,0
4,0,4,0
0,10,10,0
1,0,1,0
1,0,1,0
1,0,1,0
1,0,1,0
1,0,1,0
1,0,1,0
1,0,1,0
1,0,1,0
2,0,2,0
1,0,1,0
1,0,1,0
1,0,1,0
4,0,4,0
0,12,12,18
1,0,1,0
0,1,1,77
1,0,1,0
4,0,4,0
0,1,1,14
1,0,1,0
1,0,1,0
1,0,1,0
1,0,1,0
1,0,1,0
0,4,4,16
7,0,7,0
1,0,1,0
1,0,1,0
1,0,1,0
1,0,1,0
1,0,1,0
2,0,2,0
1,0,1,0
0,4,4,7
1,0,1,0
1,0,1,0
3,0,3,0
0,2,2,12
5,0,5,0
2,0,2,0
3,0,3,0
1,0,1,0
0,1,1,14
1,0,1,0
0,1,1,3
0,1,1,119
0,2,2,10
3,0,3,0
0,1,1,1
3,0,3,0
1,0,1,0
1,0,1,0
1,0,1,0
0,1,1,16
1,0,1,0
0,39,39,0
2,0,2,0
1,0,1,0
1,0,1,0
0,1,1,3
1,0,1,0
1,0,1,0
0,6,6,3
2,0,2,0
0,3,3,0
2,0,2,0
1,0,1,0
2,0,2,0
1,0,1,0
3,0,3,0
1,0,1,0
2,0,2,0
2,0,2,0
1,0,1,0
5,0,5,0
1,0,1,0
2,0,2,0
0,4,4,10
7,0,7,0
4,0,4,0
1,0,1,0
0,1,1,6
1,0,1,0
1,0,1,0
1,0,1,0
0,1,1,5
0,2,2,2
1,0,1,0
4,0,4,0
1,0,1,0
0,13,13,14
2,0,2,0
0,10,10,19
2,0,2,0
2,0,2,0
1,0,1,0
1,0,1,0
0,6,6,12
11,0,11,0
1,0,1,0
1,0,1,0
2,0,2,0
3,0,3,0
0,3,3,3
12,0,12,0
3,0,3,0
4,0,4,0
1,0,1,0
3,0,3,0
1,0,1,0
1,0,1,0
0,30,30,1
1,0,1,0
2,0,2,0
0,5,5,8
3,0,3,0
4,0,4,0
0,2,2,17
2,0,2,0
0,2,2,10
1,0,1,0
0,23,23,4
3,0,3,0
1,0,1,0
2,0,2,0
4,0,4,0
0,1,1,2
3,0,3,0
5,0,5,0
1,0,1,0
1,0,1,0
0,8,8,42
8,0,8,0
0,3,3,2
3,0,3,0
0,1,1,0
2,0,2,0
2,0,2,0
0,1,1,1
2,0,2,0
1,0,1,0
1,0,1,0
1,0,1,0
1,0,1,0
7,0,7,0
1,0,1,0
0,10,10,2
2,0,2,0
1,0,1,0
1,0,1,0
1,0,1,0
1,0,1,0
1,0,1,0
1,0,1,0
1,0,1,0
0,10,10,1
1,0,1,0
10,0,10,0
4,0,4,0
1,0,1,0
1,0,1,0
3,0,3,0
1,0,1,0
0,1,1,1
2,0,2,0
0,2,2,10
1,0,1,0
0,1,1,4
1,0,1,0
0,4,4,6
3,0,3,0
1,0,1,0
1,0,1,0
0,1,1,5
1,0,1,0
1,0,1,0
1,0,1,0
4,0,4,0
2,0,2,0
1,0,1,0
1,0,1,0
4,0,4,0
11,0,11,0
0,1,1,7
6,0,6,0
1,0,1,0
0,1,1,0
1,0,1,0
1,0,1,0
1,0,1,0
2,0,2,0
1,0,1,0
1,0,1,0
2,0,2,0
0,1,1,55
0,2,2,3
0,17,17,2
7,0,7,0
0,1,1,8
3,0,3,0
1,0,1,0
14,0,14,0
1,0,1,0
4,0,4,0
0,3,3,35
1,0,1,0
5,0,5,0
5,0,5,0
2,0,2,0
4,0,4,0
0,6,6,39
1,0,1,0
4,0,4,0
0,1,1,4
2,0,2,0
1,0,1,0
2,0,2,0
1,0,1,0
1,0,1,0
2,0,2,0
1,0,1,0
0,1,1,5
3,0,3,0
0,2,2,49
0,8,8,3
4,0,4,0
5,0,5,0
1,0,1,0
0,4,4,3
0,1,1,24
3,0,3,0
1,0,1,0
2,0,2,0
2,0,2,0
0,1,1,16
0,4,4,46
6,0,6,0
1,0,1,0
4,0,4,0
1,0,1,0
3,0,3,0
1,0,1,0
1,0,1,0
1,0,1,0
1,0,1,0
0,3,3,0
0,3,3,25
1,0,1,0
0,1,1,0
4,0,4,0
0,19,19,6
1,0,1,0
3,0,3,0
0,1,1,11
4,0,4,0
2,0,2,0
0,3,3,0
1,0,1,0
0,5,5,10
1,0,1,0
3,0,3,0
0,11,11,64
3,0,3,0
1,0,1,0
13,0,13,0
0,9,9,3
1,0,1,0
1,0,1,0
1,0,1,0
2,0,2,0
1,0,1,0
1,0,1,0
0,1,1,12
3,0,3,0
1,0,1,0
2,0,2,0
0,7,7,1
0,48,48,6
0,1,1,4
1,0,1,0
1,0,1,0
1,0,1,0
1,0,1,0
2,0,2,0
2,0,2,0
3,0,3,0
1,0,1,0
2,0,2,0
1,0,1,0
0,4,4,0
8,0,8,0
3,0,3,0
0,4,4,9
0,3,3,0
1,0,1,0
1,0,1,0
0,5,5,10
1,0,1,0
5,0,5,0
1,0,1,0
1,0,1,0
4,0,4,0
10,0,10,0
1,0,1,0
1,0,1,0
1,0,1,0
1,0,1,0
0,2,2,122
1,0,1,0
1,0,1,0
0,4,4,333
3,0,3,0
1,0,1,0
1,0,1,0
2,0,2,0
4,0,4,0
0,1,1,12
0,3,3,0
0,9,9,80
17,0,17,0
2,0,2,0
3,0,3,0
5,0,5,0
2,0,2,0
1,0,1,0
1,0,1,0
2,0,2,0
1,0,1,0
0,1,1,0
1,0,1,0
1,0,1,0
1,0,1,0
2,0,2,0
0,1,1,8
5,0,5,0
2,0,2,0
3,0,3,0
1,0,1,0
1,0,1,72
1,0,1,0
0,1,1,0
1,0,1,0
0,1,1,35
3,0,3,0
1,0,1,0
1,0,1,0
6,0,6,0
1,0,1,0
2,0,2,0
2,0,2,0
0,3,3,1
2,0,2,0
0,1,1,18
2,0,2,0
1,0,1,0
0,1,1,18
2,0,2,0
1,0,1,0
0,2,2,3
2,0,2,0
0,1,1,90
0,2,2,0
0,5,5,62
1,0,1,0
1,0,1,0
1,0,1,0
1,0,1,0
1,0,1,0
1,0,1,0
1,0,1,0
2,0,2,0
0,5,5,10
0,3,3,1
3,0,3,0
1,0,1,0
0,1,1,10
0,3,3,1
0,1,1,0
2,0,2,0
2,0,2,0
0,3,3,16
1,0,1,0
3,0,3,0
1,0,1,0
0,1,1,55
1,0,1,0
0,1,1,7
4,0,4,0
1,0,1,0
1,0,1,0
2,0,2,0
0,4,4,27
0,2,2,33
1,0,1,0
0,1,1,0
1,0,1,0
2,0,2,0
1,0,1,0
1,0,1,0
0,1,1,40
1,0,1,0
1,0,1,0
1,0,1,0
7,0,7,0
0,1,1,46
1,0,1,0
6,0,6,0
0,2,2,24
1,0,1,0
0,1,1,0
4,0,4,0
0,1,1,0
0,1,1,41
3,0,3,0
6,0,6,0
2,0,2,0
1,0,1,0
1,0,1,0
1,0,1,0
2,0,2,0
1,0,1,0
0,1,1,8
2,0,2,0
2,0,2,0
7,0,7,0
0,3,3,2
1,0,1,0
1,0,1,0
0,1,1,0
7,0,7,0
7,0,7,0
0,1,1,9
1,0,1,0
4,0,4,0
1,0,1,0
1,0,1,0
1,0,1,0
0,1,1,38
8,0,8,0
14,0,14,0
4,0,4,0
1,0,1,0
0,2,2,0
1,0,1,0
1,0,1,0
4,0,4,0
2,0,2,0
0,11,11,4
1,0,1,0
1,0,1,0
2,0,2,0
1,0,1,0
3,0,3,0
1,0,1,0
5,0,5,0
1,0,1,0
2,0,2,0
1,0,1,0
1,0,1,0
1,0,1,0
1,0,1,0
5,0,5,0
0,1,1,0
1,0,1,0
2,0,2,0
5,0,5,0
1,0,1,0
2,0,2,0
2,0,2,0
2,0,2,0
0,2,2,90
3,0,3,0
1,0,1,0
0,7,7,5
1,0,1,0
1,0,1,0
3,0,3,0
5,0,5,0
2,0,2,0
1,0,1,0
1,0,1,0
6,0,6,0
1,0,1,0
0,1,1,13
0,1,1,10
0,2,2,10
0,4,4,0
1,0,1,0
17,0,17,0
2,0,2,0
2,0,2,0
1,0,1,0
1,0,1,0
1,0,1,0
0,1,1,0
4,0,4,0
6,0,6,0
2,0,2,0
0,1,1,0
1,0,1,0
1,0,1,0
0,1,1,3
2,0,2,0
2,0,2,0
2,0,2,0
4,0,4,0
0,1,1,5
1,0,1,0
4,0,4,0
1,0,1,0
2,0,2,0
3,0,3,0
3,0,3,0
2,0,2,0
1,0,1,0
2,0,2,0
2,0,2,0
2,0,2,0
1,0,1,0
0,4,4,11
1,0,1,0
1,0,1,0
1,0,1,0
2,0,2,0
0,2,2,4
3,0,3,0
3,0,3,0
2,0,2,0
9,0,9,0
5,0,5,0
1,0,1,0
1,0,1,0
2,0,2,0
2,0,2,0
1,0,1,0
2,0,2,0
1,0,1,0
1,0,1,0
0,5,5,1
4,0,4,0
0,2,2,28
1,0,1,0
0,2,2,3
1,0,1,0
1,0,1,0
1,0,1,0
2,0,2,0
0,5,5,1
0,1,1,14
1,0,1,0
4,0,4,0
15,0,15,0
2,0,2,0
1,0,1,0
4,0,4,0
2,0,2,0
0,1,1,18
1,0,1,0
3,0,3,0
0,3,3,0
1,0,1,0
2,0,2,0
1,0,1,0
13,0,13,0
10,0,10,0
1,0,1,0
0,1,1,71
10,0,10,0
6,0,6,0
1,0,1,0
1,0,1,0
4,0,4,0
1,0,1,0
0,1,1,5
1,0,1,0
6,0,6,0
0,59,59,48
2,0,2,0
1,0,1,0
0,1,1,0
0,7,7,2
1,0,1,0
2,0,2,0
1,0,1,0
1,0,1,0
0,2,2,6
8,0,8,0
5,0,5,0
15,0,15,0
1,0,1,0
4,0,4,0
1,0,1,0
0,2,2,8
2,0,2,0
0,1,1,11
33,0,33,0
0,3,3,19
1,0,1,0
5,0,5,0
1,0,1,0
2,0,2,0
1,0,1,0
1,0,1,0
1,0,1,0
2,0,2,0
0,13,13,0
1,0,1,0
1,0,1,0
1,0,1,0
4,0,4,0
1,0,1,0
1,0,1,0
0,9,9,38
2,0,2,0
0,1,1,9
0,9,9,2
4,0,4,0
0,1,1,13
0,1,1,1
25,0,25,0
0,12,12,15
1,0,1,0
1,0,1,0
2,0,2,0
1,0,1,0
2,0,2,0
1,0,1,0
2,0,2,0
2,0,2,0
0,8,8,0
1,0,1,0
2,0,2,0
1,0,1,0
1,0,1,0
0,3,3,3
1,0,1,0
4,0,4,0
0,1,1,18
3,0,3,0
6,0,6,0
0,16,16,0
1,0,1,0
0,23,23,1
0,1,1,0
1,0,1,0
2,0,2,0
1,0,1,0
1,0,1,0
1,0,1,0
1,0,1,0
1,0,1,0
1,0,1,0
1,0,1,0
1,0,1,0
0,1,1,16
1,0,1,0
0,1,1,21
1,0,1,0
0,2,2,0
1,0,1,0
1,0,1,0
1,0,1,0
0,4,4,2
0,3,3,8
0,2,2,11
1,0,1,0
0,14,14,3
1,0,1,0
1,0,1,0
0,2,2,0
1,0,1,0
1,0,1,0
1,0,1,0
1,0,1,0
1,0,1,0
1,0,1,0
1,0,1,0
1,0,1,0
0,5,5,2
0,2,2,0
1,0,1,0
1,0,1,0
0,1,1,0
1,0,1,0
1,0,1,0
0,71,71,2
2,0,2,0
0,4,4,13
0,13,13,0
1,0,1,0
0,5,5,0
1,0,1,0
1,0,1,0
1,0,1,0
1,0,1,0
1,0,1,0
3,0,3,0
1,0,1,0
1,0,1,0
3,0,3,0
0,3,3,7
1,0,1,0
0,1,1,1
9,0,9,0
1,0,1,0
0,1,1,46
1,0,1,0
2,0,2,0
0,2,2,3
2,0,2,0
2,0,2,0
3,0,3,0
0,36,36,2
1,0,1,0
1,0,1,0
11,0,11,0
1,0,1,0
1,0,1,0
1,0,1,0
1,0,1,0
4,0,4,0
1,0,1,0
1,0,1,0
11,0,11,0
2,0,2,0
6,0,6,0
1,0,1,0
1,0,1,0
1,0,1,0
0,2,2,34
0,44,44,5
1,0,1,0
1,0,1,0
1,0,1,0
0,18,18,14
16,0,16,0
5,0,5,0
1,0,1,0
4,0,4,0
1,0,1,0
4,0,4,0
1,0,1,0
1,0,1,0
0,6,6,201
2,0,2,0
0,15,15,7
0,12,12,61
18,0,18,0
0,5,5,12
0,1,1,19
0,1,1,1
1,0,1,0
1,0,1,0
2,0,2,0
0,1,1,6
0,3,3,18
1,0,1,0
1,0,1,0
0,10,10,1
3,0,3,0
3,0,3,0
1,0,1,0
0,9,9,21
0,1,1,3
0,1,1,19
0,5,5,2
1,0,1,0
4,0,4,0
0,1,1,2
1,0,1,0
4,0,4,0
1,0,1,0
0,3,3,1
1,0,1,0
0,1,1,55
3,0,3,0
0,1,1,2
0,7,7,40
4,0,4,0
0,1,1,43
1,0,1,0
1,0,1,0
1,0,1,0
1,0,1,0
2,0,2,0
1,0,1,0
0,2,2,1
8,0,8,0
1,0,1,0
0,2,2,0
0,4,4,1
1,0,1,0
2,0,2,0
0,1,1,0
0,1,1,25
10,0,10,0
1,0,1,0
2,0,2,0
0,4,4,1
2,0,2,0
3,0,3,0
1,0,1,0
1,0,1,0
1,0,1,0
1,0,1,0
2,0,2,0
0,9,9,23
2,0,2,0
1,0,1,0
3,0,3,0
1,0,1,0
1,0,1,0
0,2,2,12
1,0,1,0
1,0,1,0
1,0,1,0
3,0,3,0
1,0,1,0
1,0,1,0
1,0,1,0
2,0,2,0
1,0,1,0
5,0,5,0
1,0,1,0
1,0,1,0
0,13,13,0
0,6,6,2
1,0,1,0
1,0,1,0
1,0,1,0
0,10,10,122
0,28,28,39
1,0,1,0
1,0,1,0
2,0,2,0
1,0,1,0
0,1,1,1
0,1,1,24
0,1,1,15
1,0,1,0
2,0,2,0
3,0,3,0
1,0,1,0
0,9,9,0
12,0,12,0
0,4,4,76
2,0,2,0
1,0,1,0
13,0,13,0
3,0,3,0
5,0,5,0
0,1,1,0
1,0,1,0
0,1,1,1
0,2,2,72
0,2,2,8
1,0,1,0
1,0,1,0
1,0,1,0
8,0,8,0
0,3,3,2
2,0,2,0
2,0,2,0
0,2,2,3
1,0,1,0
0,2,2,19
0,14,14,2
0,55,55,2
1,0,1,0
1,0,1,0
1,0,1,0
2,0,2,0
0,1,1,2
1,0,1,0
4,0,4,0
2,0,2,0
1,0,1,0
2,0,2,0
0,1,1,0
4,0,4,0
2,0,2,0
1,0,1,0
1,0,1,0
0,2,2,5
2,0,2,0
4,0,4,0
1,0,1,0
1,0,1,0
1,0,1,0
1,0,1,0
1,0,1,0
1,0,1,0
0,3,3,4
1,0,1,0
1,0,1,0
1,0,1,0
1,0,1,0
2,0,2,0
3,0,3,0
0,4,4,0
1,0,1,0
1,0,1,0
5,0,5,0
2,0,2,0
1,0,1,0
2,0,2,0
0,1,1,2
8,0,8,0
1,0,1,0
1,0,1,0
1,0,1,0
0,1,1,23
1,0,1,0
2,0,2,0
1,0,1,0
1,0,1,0
0,1,1,6
1,0,1,0
1,0,1,0
1,0,1,0
1,0,1,0
1,0,1,0
1,0,1,0
3,0,3,0
0,1,1,4
1,0,1,0
1,0,1,0
1,0,1,0
3,0,3,0
2,0,2,0
0,1,1,1
1,0,1,0
1,0,1,0
1,0,1,0
1,0,1,0
1,0,1,0
1,0,1,0
0,1,1,0
0,1,1,14
1,0,1,0
1,0,1,0
1,0,1,0
1,0,1,0
2,0,2,0
1,0,1,0
0,1,1,4
2,0,2,0
1,0,1,0
4,0,4,0
0,1,1,28
2,0,2,0
5,0,5,0
0,2,2,23
1,0,1,0
1,0,1,0
8,0,8,0
2,0,2,0
4,0,4,0
1,0,1,0
5,0,5,0
1,0,1,0
1,0,1,0
4,0,4,0
4,0,4,0
2,0,2,0
2,0,2,0
1,0,1,0
2,0,2,0
2,0,2,0
0,2,2,27
1,0,1,0
1,0,1,0
0,1,1,19
0,1,1,3
1,0,1,0
1,0,1,0
1,0,1,0
1,0,1,0
3,0,3,0
6,0,6,0
0,1,1,0
1,0,1,0
1,0,1,0
0,1,1,5
1,0,1,0
2,0,2,0
2,0,2,0
0,1,1,56
21,0,21,0
1,0,1,0
1,0,1,0
1,0,1,0
1,0,1,0
0,22,22,2
0,7,7,4
2,0,2,0
1,0,1,0
2,0,2,0
1,0,1,0
1,0,1,0
0,1,1,0
0,5,5,101
1,0,1,0
6,0,6,0
1,0,1,0
1,0,1,0
1,0,1,0
1,0,1,0
1,0,1,0
1,0,1,0
0,6,6,5
1,0,1,0
1,0,1,0
9,0,9,0
4,0,4,0
5,0,5,0
1,0,1,0
1,0,1,0
1,0,1,0
2,0,2,0
4,0,4,0
2,0,2,0
14,0,14,0
0,2,2,0
4,0,4,0
1,0,1,0
1,0,1,0
1,0,1,0
1,0,1,0
3,0,3,0
2,0,2,0
3,0,3,0
0,10,10,61
4,0,4,0
1,0,1,0
2,0,2,0
1,0,1,0
1,0,1,0
3,0,3,0
4,0,4,0
0,1,1,2
0,2,2,0
0,3,3,37
0,4,4,22
0,9,9,0
1,0,1,0
2,0,2,0
0,3,3,0
2,0,2,0
4,0,4,0
1,0,1,0
2,0,2,0
0,2,2,1
1,0,1,0
3,0,3,0
2,0,2,0
1,0,1,0
0,1,1,1
1,0,1,0
19,0,19,0
1,0,1,0
1,0,1,0
4,0,4,0
0,1,1,16
0,2,2,46
2,0,2,0
0,3,3,77
1,0,1,0
2,0,2,0
3,0,3,0
1,0,1,0
1,0,1,0
3,0,3,0
4,0,4,0
1,0,1,0
0,2,2,4
0,1,1,0
7,0,7,0
2,0,2,0
1,0,1,0
3,0,3,0
2,0,2,0
3,0,3,0
1,0,1,0
1,0,1,0
1,0,1,0
2,0,2,0
1,0,1,0
1,0,1,0
1,0,1,0
2,0,2,0
3,0,3,0
1,0,1,0
0,1,1,15
3,0,3,0
1,0,1,0
1,0,1,0
2,0,2,0
0,1,1,10
10,0,10,0
1,0,1,0
2,0,2,0
3,0,3,0
1,0,1,0
0,30,30,1
0,3,3,32
7,0,7,0
5,0,5,0
3,0,3,0
1,0,1,0
0,1,1,3
0,2,2,1
1,0,1,0
4,0,4,0
1,0,1,0
0,9,9,10
0,17,17,36
0,3,3,2
12,0,12,0
1,0,1,0
1,0,1,0
1,0,1,0
1,0,1,0
1,0,1,0
1,0,1,0
5,0,5,0
1,0,1,0
0,1,1,21
1,0,1,0
1,0,1,0
1,0,1,0
5,0,5,0
1,0,1,0
0,2,2,14
1,0,1,0
2,0,2,0
1,0,1,0
1,0,1,0
5,0,5,0
1,0,1,0
3,0,3,0
1,0,1,0
0,1,1,2
4,0,4,0
0,12,12,9
0,1,1,9
1,0,1,0
0,3,3,15
3,0,3,0
0,1,1,0
0,1,1,9
1,0,1,0
0,10,10,76
1,0,1,0
2,0,2,0
1,0,1,0
13,0,13,0
1,0,1,0
2,0,2,0
4,0,4,0
20,0,20,0
3,0,3,0
4,0,4,0
1,0,1,0
0,4,4,4
1,0,1,0
0,2,2,31
0,8,8,2
2,0,2,0
2,0,2,0
1,0,1,0
4,0,4,0
6,0,6,0
0,2,2,4
1,0,1,0
1,0,1,0
1,0,1,0
1,0,1,0
0,4,4,0
0,3,3,3
0,1,1,26
0,1,1,13
1,0,1,0
1,0,1,0
1,0,1,0
0,1,1,5
4,0,4,0
1,0,1,0
0,5,5,13
6,0,6,0
0,1,1,0
2,0,2,0
1,0,1,0
1,0,1,0
5,0,5,0
0,1,1,6
3,0,3,0
1,0,1,0
1,0,1,0
2,0,2,0
0,4,4,1
3,0,3,0
0,3,3,13
3,0,3,0
0,11,11,18
1,0,1,0
0,2,2,16
2,0,2,0
0,1,1,0
0,1,1,8
1,0,1,0
2,0,2,0
1,0,1,0
1,0,1,0
3,0,3,0
1,0,1,0
1,0,1,0
0,2,2,5
6,0,6,0
1,0,1,0
0,1,1,6
3,0,3,0
1,0,1,0
0,8,8,16
0,3,3,1
1,0,1,0
1,0,1,0
0,2,2,1
1,0,1,0
0,1,1,5
0,3,3,0
0,1,1,0
1,0,1,0
0,2,2,4
1,0,1,0
0,2,2,3
1,0,1,0
1,0,1,0
1,0,1,0
4,0,4,0
3,0,3,0
4,0,4,0
1,0,1,0
4,0,4,0
1,0,1,0
16,0,16,0
0,4,4,1
0,24,24,10
1,0,1,0
0,2,2,1
1,0,1,0
2,0,2,0
1,0,1,0
4,0,4,0
1,0,1,0
1,0,1,0
2,0,2,0
0,2,2,7
0,1,1,5
1,0,1,0
1,0,1,0
3,0,3,0
2,0,2,0
1,0,1,0
2,0,2,0
2,0,2,0
2,0,2,0
1,0,1,0
1,0,1,0
2,0,2,0
1,0,1,0
0,1,1,8
0,5,5,0
1,0,1,0
3,0,3,0
1,0,1,0
0,16,16,7
1,0,1,0
0,1,1,2
1,0,1,0
0,2,2,21
0,11,11,10
3,0,3,0
4,0,4,0
0,1,1,5
1,0,1,0
2,0,2,0
0,2,2,7
1,0,1,0
1,0,1,0
1,0,1,0
8,0,8,0
3,0,3,0
1,0,1,0
1,0,1,0
0,2,2,31
1,0,1,0
2,0,2,0
1,0,1,0
1,0,1,0
1,0,1,0
2,0,2,0
5,0,5,0
0,1,1,5
1,0,1,0
7,0,7,0
0,1,1,1
1,0,1,0
2,0,2,0
0,5,5,0
1,0,1,0
1,0,1,0
2,0,2,0
0,4,4,12
2,0,2,0
13,0,13,0
0,1,1,37
1,0,1,0
3,0,3,0
1,0,1,0
1,0,1,0
3,0,3,0
0,4,4,23
1,0,1,0
0,3,3,3
1,0,1,0
1,0,1,0
0,5,5,0
1,0,1,0
1,0,1,0
0,2,2,0
2,0,2,0
0,2,2,19
1,0,1,0
1,0,1,0
1,0,1,0
1,0,1,0
1,0,1,0
1,0,1,0
1,0,1,0
1,0,1,0
9,0,9,0
0,4,4,24
7,0,7,0
4,0,4,0
1,0,1,0
0,2,2,12
1,0,1,0
5,0,5,0
0,2,2,1
0,1,1,0
0,1,1,8
4,0,4,0
9,0,9,0
2,0,2,0
1,0,1,0
0,1,1,8
1,0,1,0
47,0,47,0
1,0,1,0
1,0,1,0
0,2,2,7
1,0,1,0
0,5,5,18
5,0,5,0
0,1,1,35
1,0,1,0
1,0,1,0
0,3,3,30
2,0,2,0
4,0,4,0
2,0,2,0
0,1,1,26
1,0,1,0
1,0,1,0
1,0,1,0
2,0,2,0
0,1,1,0
1,0,1,0
2,0,2,0
8,0,8,0
2,0,2,0
1,0,1,0
0,40,40,3
0,1,1,9
0,2,2,27
1,0,1,0
0,3,3,10
1,0,1,0
3,0,3,0
3,0,3,0
0,1,1,52
2,0,2,0
1,0,1,0
1,0,1,0
4,0,4,0
0,1,1,9
3,0,3,0
1,0,1,0
30,0,30,0
0,1,1,0
1,0,1,0
0,2,2,0
3,0,3,0
4,0,4,0
1,0,1,0
1,0,1,0
0,28,28,7
1,0,1,0
1,0,1,0
0,3,3,1
2,0,2,0
1,0,1,0
1,0,1,0
1,0,1,0
4,0,4,0
6,0,6,0
1,0,1,0
5,0,5,0
0,1,1,9
0,6,6,9
3,0,3,0
0,1,1,69
3,0,3,0
0,1,1,34
1,0,1,0
1,0,1,0
0,4,4,9
1,0,1,0
2,0,2,0
1,0,1,0
0,2,2,1
1,0,1,0
1,0,1,0
1,0,1,0
0,1,1,3
0,1,1,15
14,0,14,0
1,0,1,0
4,0,4,0
1,0,1,0
1,0,1,0
4,0,4,0
1,0,1,0
8,0,8,0
1,0,1,0
1,0,1,0
1,0,1,0
1,0,1,0
5,0,5,0
1,0,1,0
1,0,1,0
1,0,1,0
1,0,1,0
0,1,1,0
1,0,1,0
1,0,1,0
7,0,7,0
7,0,7,0
0,4,4,6
3,0,3,0
1,0,1,0
0,1,1,1
2,0,2,0
2,0,2,0
0,2,2,0
1,0,1,0
1,0,1,0
4,0,4,0
0,18,18,16
1,0,1,0
0,13,13,32
0,1,1,16
0,1,1,1
0,7,7,4
0,4,4,0
2,0,2,0
2,0,2,0
1,0,1,0
3,0,3,0
2,0,2,0
0,1,1,4
1,0,1,0
1,0,1,0
3,0,3,0
0,2,2,14
5,0,5,0
1,0,1,0
2,0,2,0
3,0,3,0
1,0,1,0
0,12,12,0
1,0,1,0
4,0,4,0
0,2,2,0
2,0,2,0
1,0,1,0
0,5,5,28
35,0,35,0
1,0,1,0
2,0,2,0
0,1,1,1
2,0,2,0
1,0,1,0
1,0,1,0
1,0,1,0
1,0,1,0
1,0,1,0
0,3,3,0
0,1,1,53
1,0,1,0
1,0,1,0
1,0,1,0
1,0,1,0
7,0,7,0
0,1,1,0
1,0,1,0
3,0,3,0
3,0,3,0
1,0,1,0
21,0,21,0
0,3,3,52
0,2,2,5
1,0,1,0
0,2,2,3
0,3,3,3
0,1,1,4
1,0,1,0
3,0,3,0
2,0,2,0
1,0,1,0
2,0,2,0
1,0,1,0
7,0,7,0
1,0,1,0
1,0,1,0
1,0,1,0
0,1,1,0
4,0,4,0
1,0,1,0
0,2,2,107
1,0,1,0
4,0,4,0
1,0,1,0
1,0,1,0
1,0,1,0
1,0,1,0
1,0,1,0
2,0,2,0
9,0,9,0
3,0,3,0
1,0,1,0
1,0,1,0
3,0,3,0
0,3,3,0
2,0,2,0
2,0,2,0
1,0,1,0
1,0,1,0
0,1,1,76
1,0,1,0
2,0,2,0
0,1,1,0
0,2,2,4
1,0,1,0
2,0,2,0
3,0,3,0
2,0,2,0
2,0,2,0
1,0,1,0
2,0,2,0
1,0,1,0
2,0,2,0
1,0,1,0
3,0,3,0
2,0,2,0
0,2,2,89
2,0,2,0
0,16,16,39
2,0,2,0
13,0,13,0
2,0,2,0
1,0,1,0
0,1,1,0
0,1,1,47
7,0,7,0
0,3,3,4
1,0,1,0
0,1,1,65
4,0,4,0
0,2,2,1
3,0,3,0
2,0,2,0
0,1,1,67
2,0,2,0
1,0,1,0
1,0,1,0
1,0,1,0
0,1,1,0
1,0,1,0
2,0,2,0
4,0,4,0
0,7,7,2
9,0,9,0
3,0,3,0
2,0,2,0
1,0,1,0
1,0,1,0
0,11,11,0
2,0,2,0
1,0,1,0
1,0,1,0
1,0,1,0
2,0,2,0
0,12,12,0
3,0,3,0
1,0,1,0
3,0,3,0
0,1,1,4
1,0,1,0
1,0,1,0
1,0,1,0
1,0,1,0
1,0,1,0
0,1,1,0
1,0,1,0
0,2,2,0
1,0,1,0
0,1,1,23
1,0,1,0
4,0,4,0
0,1,1,1
1,0,1,0
0,1,1,1
1,0,1,0
1,0,1,0
1,0,1,0
0,2,2,7
1,0,1,0
9,0,9,0
1,0,1,0
1,0,1,0
1,0,1,0
1,0,1,0
1,0,1,0
1,0,1,0
2,0,2,0
1,0,1,0
0,21,21,4
1,0,1,0
1,0,1,28
1,0,1,0
0,1,1,0
1,0,1,0
0,1,1,13
1,0,1,0
1,0,1,0
6,0,6,0
1,0,1,0
0,4,4,18
0,1,1,19
2,0,2,0
0,3,3,1
0,2,2,0
1,0,1,0
1,0,1,0
1,0,1,0
0,2,2,37
1,0,1,0
0,2,2,3
1,0,1,0
0,4,4,2
0,3,3,0
1,0,1,0
1,0,1,0
1,0,1,0
2,0,2,0
2,0,2,0
1,0,1,0
2,0,2,0
1,0,1,0
0,1,1,5
1,0,1,0
1,0,1,0
0,1,1,5
2,0,2,0
7,0,7,0
1,0,1,0
3,0,3,0
0,22,22,1
1,0,1,0
9,0,9,0
1,0,1,0
2,0,2,0
1,0,1,0
1,0,1,0
1,0,1,0
1,0,1,0
1,0,1,0
1,0,1,0
0,26,26,5
0,1,1,27
0,1,1,9
7,0,7,0
1,0,1,0
1,0,1,0
1,0,1,0
5,0,5,0
1,0,1,0
1,0,1,0
1,0,1,0
3,0,3,0
0,1,1,31
2,0,2,0
0,3,3,0
1,0,1,0
1,0,1,0
2,0,2,0
1,0,1,0
1,0,1,0
4,0,4,0
1,0,1,0
1,0,1,0
1,0,1,0
1,0,1,0
4,0,4,0
1,0,1,0
2,0,2,0
1,0,1,0
0,8,8,1
2,0,2,0
2,0,2,0
4,0,4,0
0,3,3,2
5,0,5,0
1,0,1,0
0,2,2,3
0,2,2,8
1,0,1,0
0,1,1,35
1,0,1,0
1,0,1,0
0,8,8,2
0,1,1,0
1,0,1,0
0,1,1,162
3,0,3,0
1,0,1,0
3,0,3,0
1,0,1,0
0,5,5,3
2,0,2,0
3,0,3,0
0,13,13,4
0,1,1,6
0,4,4,21
4,0,4,0
1,0,1,0
1,0,1,0
0,1,1,2
2,0,2,0
4,0,4,0
2,0,2,0
0,4,4,24
3,0,3,0
0,1,1,7
0,5,5,5
0,1,1,1
1,0,1,0
0,2,2,8
3,0,3,0
0,4,4,0
0,1,1,54
1,0,1,0
8,0,8,0
1,0,1,0
1,0,1,0
1,0,1,0
0,1,1,17
0,1,1,0
0,4,4,27
1,0,1,0
2,0,2,0
1,0,1,0
5,0,5,0
1,0,1,0
0,1,1,6
4,0,4,0
3,0,3,0
0,1,1,0
3,0,3,0
1,0,1,0
1,0,1,0
0,1,1,87
5,0,5,0
1,0,1,0
2,0,2,0
2,0,2,0
0,8,8,3
1,0,1,0
0,3,3,3
0,1,1,4
2,0,2,0
0,4,4,21
4,0,4,0
1,0,1,0
1,0,1,0
0,6,6,0
1,0,1,0
1,0,1,0
0,3,3,23
1,0,1,0
1,0,1,0
1,0,1,0
0,1,1,0
1,0,1,0
1,0,1,0
0,5,5,3
2,0,2,0
3,0,3,0
0,1,1,5
1,0,1,0
2,0,2,0
0,8,8,13
1,0,1,0
0,1,1,13
2,0,2,0
1,0,1,0
0,1,1,10
1,0,1,0
1,0,1,0
6,0,6,0
6,0,6,0
4,0,4,0
3,0,3,0
0,5,5,0
0,2,2,13
0,1,1,1
1,0,1,0
1,0,1,0
1,0,1,0
1,0,1,0
6,0,6,0
12,0,12,0
1,0,1,0
1,0,1,0
1,0,1,0
1,0,1,0
3,0,3,0
0,2,2,5
0,1,1,0
5,0,5,0
1,0,1,0
2,0,2,0
47,0,47,0
4,0,4,0
0,1,1,19
1,0,1,0
0,6,6,77
11,0,11,0
0,2,2,20
0,9,9,0
0,1,1,3
1,0,1,0
0,1,1,0
1,0,1,0
0,8,8,67
3,0,3,0
0,5,5,4
0,1,1,1
0,1,1,15
1,0,1,0
1,0,1,0
0,1,1,0
1,0,1,0
1,0,1,0
1,0,1,0
0,3,3,10
4,0,4,0
2,0,2,0
1,0,1,0
0,1,1,0
1,0,1,0
0,1,1,20
2,0,2,0
3,0,3,0
5,0,5,0
0,6,6,14
2,0,2,0
0,7,7,1
2,0,2,0
0,2,2,5
1,0,1,0
1,0,1,0
1,0,1,0
2,0,2,0
1,0,1,0
0,3,3,2
0,2,2,1
2,0,2,0
0,6,6,2
0,1,1,2
0,1,1,6
0,1,1,14
1,0,1,0
4,0,4,0
0,2,2,3
1,0,1,0
2,0,2,0
1,0,1,0
2,0,2,0
0,1,1,42
8,0,8,0
1,0,1,0
3,0,3,0
2,0,2,0
0,1,1,2
6,0,6,0
2,0,2,0
1,0,1,0
3,0,3,0
8,0,8,0
2,0,2,0
3,0,3,0
0,3,3,1
1,0,1,0
0,2,2,18
7,0,7,0
1,1,2,26
1,0,1,0
4,0,4,0
1,0,1,0
1,0,1,0
4,0,4,0
1,0,1,0
2,0,2,0
0,2,2,2
2,0,2,0
0,2,2,28
2,0,2,0
1,0,1,0
0,1,1,0
1,0,1,0
0,2,2,1
4,0,4,0
1,0,1,0
1,0,1,0
2,0,2,0
1,0,1,0
5,0,5,0
1,0,1,0
1,0,1,0
2,0,2,0
4,0,4,0
1,0,1,0
1,0,1,0
2,0,2,0
1,0,1,0
2,0,2,0
2,0,2,0
0,5,5,0
3,0,3,0
2,0,2,0
0,1,1,17
0,4,4,1
1,0,1,0
2,0,2,0
1,0,1,0
0,3,3,87
1,0,1,0
1,0,1,0
1,0,1,0
0,3,3,2
0,2,2,26
1,0,1,0
0,1,1,1
0,1,1,47
1,0,1,0
0,3,3,2
1,0,1,0
1,0,1,0
2,0,2,0
1,0,1,0
1,0,1,0
0,2,2,89
6,0,6,0
1,0,1,0
1,0,1,0
1,0,1,0
0,1,1,14
1,0,1,0
0,1,1,65
4,0,4,0
1,0,1,0
1,0,1,0
1,0,1,0
0,1,1,10
6,0,6,0
1,0,1,0
4,0,4,0
1,0,1,0
1,0,1,0
1,0,1,0
4,0,4,0
1,0,1,0
0,3,3,166
5,0,5,0
1,0,1,0
1,0,1,0
0,1,1,5
1,0,1,0
1,0,1,0
0,1,1,11
1,0,1,0
2,0,2,0
0,1,1,0
2,0,2,0
3,0,3,0
1,0,1,0
4,0,4,0
1,0,1,0
1,0,1,0
0,2,2,11
1,0,1,0
1,0,1,0
1,0,1,0
1,0,1,0
0,5,5,3
14,0,14,0
0,3,3,2
0,1,1,0
0,3,3,0
1,0,1,0
2,0,2,0
1,0,1,0
0,3,3,22
1,0,1,0
5,0,5,0
9,0,9,0
1,0,1,0
0,7,7,11
3,0,3,0
1,0,1,0
1,0,1,0
1,0,1,0
1,0,1,0
2,0,2,0
0,1,1,11
1,0,1,0
2,0,2,0
1,0,1,0
4,0,4,0
8,0,8,15
1,0,1,0
3,0,3,0
2,0,2,0
0,1,1,1
4,0,4,0
2,0,2,0
4,0,4,0
1,0,1,0
1,0,1,0
0,6,6,5
2,0,2,0
0,2,2,20
0,2,2,0
1,0,1,0
2,0,2,0
2,0,2,0
2,0,2,0
2,0,2,0
0,2,2,6
4,0,4,0
2,0,2,0
5,0,5,0
1,0,1,0
1,0,1,0
1,0,1,0
4,0,4,0
5,0,5,0
1,0,1,0
2,0,2,0
1,0,1,0
2,0,2,0
2,0,2,0
2,0,2,0
1,0,1,0
1,0,1,0
1,0,1,0
1,0,1,0
2,0,2,0
0,2,2,12
3,0,3,0
0,2,2,21
1,0,1,0
0,6,6,19
1,0,1,0
0,3,3,1
0,3,3,48
0,3,3,6
1,0,1,0
2,0,2,0
0,1,1,1
1,0,1,0
1,0,1,0
0,1,1,92
0,1,1,29
0,1,1,9
3,0,3,0
2,0,2,0
0,1,1,0
0,2,2,6
1,0,1,0
1,0,1,0
2,0,2,0
1,0,1,0
3,0,3,0
1,0,1,0
0,2,2,5
1,0,1,0
1,0,1,0
1,0,1,0
2,0,2,0
1,0,1,0
0,7,7,58
2,0,2,0
1,0,1,0
0,34,34,4
0,2,2,26
3,0,3,0
1,0,1,0
1,0,1,0
1,0,1,0
1,0,1,0
1,0,1,0
0,6,6,1
2,0,2,0
1,0,1,0
1,0,1,0
0,1,1,7
3,0,3,0
0,1,1,11
1,0,1,0
2,0,2,0
1,0,1,0
0,1,1,1
1,0,1,0
0,1,1,2
1,0,1,0
1,0,1,0
2,0,2,0
0,1,1,4
0,1,1,0
0,2,2,23
3,0,3,0
1,0,1,0
1,0,1,0
1,0,1,0
0,4,4,5
0,2,2,67
1,0,1,0
1,0,1,0
17,0,17,0
1,0,1,0
1,0,1,0
3,0,3,0
2,0,2,0
1,0,1,0
0,5,5,29
10,0,10,0
2,0,2,0
3,0,3,0
1,0,1,0
0,5,5,24
2,0,2,0
4,0,4,0
1,0,1,0
3,0,3,0
1,0,1,0
2,0,2,0
1,0,1,0
0,5,5,0
1,0,1,0
2,0,2,0
3,0,3,0
1,0,1,0
1,0,1,0
1,0,1,0
0,9,9,7
3,0,3,0
1,0,1,0
1,0,1,0
0,3,3,20
1,0,1,0
0,1,1,8
0,1,1,53
1,0,1,0
1,0,1,0
3,0,3,0
0,3,3,104
2,0,2,0
1,0,1,0
1,0,1,0
2,0,2,0
1,0,1,0
1,0,1,0
7,0,7,0
6,0,6,0
0,3,3,0
3,0,3,0
1,0,1,0
3,0,3,0
1,0,1,0
1,0,1,0
1,0,1,0
2,0,2,0
10,0,10,0
2,0,2,0
1,0,1,0
1,0,1,0
2,0,2,0
0,1,1,2
2,0,2,0
0,1,1,4
0,2,2,16
0,1,1,2
1,0,1,0
0,2,2,12
1,0,1,0
1,0,1,0
9,0,9,0
0,1,1,0
2,0,2,0
3,0,3,0
1,0,1,0
1,0,1,0
0,2,2,12
0,1,1,0
3,0,3,0
1,0,1,0
1,0,1,0
16,0,16,0
0,1,1,76
1,0,1,0
0,9,9,8
1,0,1,0
0,1,1,22
2,0,2,0
0,1,1,52
10,0,10,0
1,0,1,0
4,0,4,0
3,0,3,0
0,5,5,26
1,0,1,0
1,0,1,0
0,1,1,1
3,0,3,0
2,0,2,0
0,1,1,4
1,0,1,0
1,0,1,0
1,0,1,0
0,1,1,11
1,0,1,0
1,0,1,0
2,0,2,0
3,0,3,0
1,0,1,0
4,0,4,0
0,1,1,14
2,0,2,0
1,0,1,0
3,0,3,0
4,0,4,0
2,0,2,0
0,1,1,91
1,0,1,0
0,1,1,8
2,0,2,0
6,0,6,0
2,0,2,0
1,0,1,0
2,0,2,0
2,0,2,0
1,0,1,0
3,0,3,0
1,0,1,0
4,0,4,0
0,2,2,2
1,0,1,0
0,1,1,0
0,4,4,5
1,0,1,0
1,0,1,0
1,0,1,0
1,0,1,0
1,0,1,0
1,0,1,0
0,1,1,0
1,0,1,0
2,0,2,0
1,0,1,0
0,1,1,12
1,0,1,0
0,1,1,30
1,0,1,0
1,0,1,0
1,0,1,0
1,0,1,0
6,0,6,0
0,2,2,19
1,0,1,0
1,0,1,0
3,0,3,0
1,0,1,0
5,0,5,0
1,0,1,0
1,0,1,0
2,0,2,0
1,0,1,0
1,0,1,0
1,0,1,0
2,0,2,0
2,0,2,0
1,0,1,0
6,0,6,0
1,0,1,0
1,0,1,0
2,0,2,0
1,0,1,0
1,0,1,0
3,0,3,0
1,0,1,0
1,0,1,0
6,0,6,0
1,0,1,0
0,1,1,0
1,0,1,0
1,0,1,0
1,0,1,0
1,0,1,0
0,1,1,29
2,0,2,0
1,0,1,0
2,0,2,0
12,0,12,0
2,0,2,0
1,0,1,0
7,0,7,0
1,0,1,0
1,0,1,0
0,2,2,42
0,1,1,8
4,0,4,0
3,0,3,0
7,0,7,0
1,0,1,0
0,1,1,5
0,5,5,65
1,0,1,0
1,0,1,0
0,1,1,98
2,0,2,0
0,2,2,12
1,0,1,0
0,4,4,22
0,1,1,59
1,0,1,0
1,0,1,0
1,0,1,0
0,12,12,26
1,0,1,0
1,0,1,0
3,0,3,0
2,0,2,0
1,0,1,0
1,0,1,0
3,0,3,0
1,0,1,0
0,1,1,5
1,0,1,0
1,0,1,0
1,0,1,0
0,1,1,4
1,0,1,0
1,0,1,0
1,0,1,0
1,0,1,0
0,1,1,55
0,1,1,2
2,0,2,0
1,0,1,0
1,0,1,0
1,0,1,0
0,1,1,3
2,0,2,0
1,0,1,0
3,0,3,0
1,0,1,0
2,0,2,0
5,0,5,0
1,0,1,0
1,0,1,0
1,0,1,0
0,1,1,0
1,0,1,0
8,0,8,0
1,0,1,0
1,0,1,0
0,6,6,17
2,0,2,0
1,0,1,0
2,0,2,0
3,0,3,0
1,0,1,0
0,1,1,1
3,0,3,0
2,0,2,0
1,0,1,0
2,0,2,0
1,0,1,0
5,0,5,0
1,0,1,0
2,0,2,0
0,6,6,8
3,0,3,0
2,0,2,0
1,0,1,0
1,0,1,0
3,0,3,0
0,2,2,2
1,0,1,0
2,0,2,0
2,0,2,0
3,0,3,0
1,0,1,0
1,0,1,0
3,0,3,0
2,0,2,0
4,0,4,0
1,0,1,0
4,0,4,0
1,0,1,0
1,0,1,0
0,3,3,3
0,7,7,16
9,0,9,0
1,0,1,0
1,0,1,0
1,0,1,0
2,0,2,0
1,0,1,0
2,0,2,0
2,0,2,0
0,1,1,2
1,0,1,0
1,0,1,0
0,1,1,0
0,1,1,47
1,0,1,0
4,0,4,0
1,0,1,0
0,4,4,3
1,0,1,0
1,0,1,0
1,0,1,0
0,1,1,11
1,0,1,0
3,0,3,0
2,0,2,0
1,0,1,0
3,0,3,0
2,0,2,0
7,0,7,0
0,1,1,3
8,0,8,0
1,0,1,0
2,0,2,0
2,0,2,0
1,0,1,0
1,0,1,0
0,1,1,11
1,0,1,0
1,0,1,0
3,0,3,0
2,0,2,0
0,1,1,0
1,0,1,0
5,0,5,0
1,0,1,0
2,0,2,0
0,2,2,5
1,0,1,0
2,0,2,0
1,0,1,0
1,0,1,0
0,8,8,2
1,0,1,0
2,0,2,0
1,0,1,0
2,0,2,0
1,0,1,0
1,0,1,0
1,0,1,0
1,0,1,0
0,1,1,18
2,0,2,0
1,0,1,0
1,0,1,0
0,1,1,5
1,0,1,0
0,1,1,21
0,1,1,9
3,0,3,0
9,0,9,0
1,0,1,0
2,0,2,0
1,0,1,0
1,0,1,0
3,0,3,0
1,0,1,0
1,0,1,0
1,0,1,0
1,0,1,0
1,0,1,0
3,0,3,0
0,1,1,4
1,0,1,0
5,0,5,0
2,0,2,0
1,0,1,0
1,0,1,0
0,1,1,0
0,1,1,9
1,0,1,0
1,0,1,0
1,0,1,0
0,7,7,12
0,2,2,0
4,0,4,0
2,0,2,0
0,1,1,0
1,0,1,0
0,2,2,6
0,3,3,5
0,2,2,3
2,0,2,0
2,0,2,0
1,0,1,0
0,4,4,11
3,0,3,0
1,0,1,0
1,0,1,0
5,0,5,0
2,0,2,0
2,0,2,0
1,0,1,0
0,5,5,2
1,0,1,0
0,1,1,0
0,1,1,3
2,0,2,0
4,0,4,0
0,4,4,4
1,0,1,0
4,0,4,0
0,7,7,9
1,0,1,0
1,0,1,0
2,0,2,0
3,0,3,0
1,0,1,0
1,0,1,0
1,0,1,0
1,0,1,0
1,0,1,0
2,0,2,0
3,0,3,0
0,1,1,74
1,0,1,0
1,0,1,0
1,0,1,0
1,0,1,0
2,0,2,0
0,14,14,2
1,0,1,0
3,0,3,0
0,3,3,0
1,0,1,0
5,0,5,0
1,0,1,0
1,0,1,0
0,1,1,0
1,0,1,0
1,0,1,0
1,0,1,0
0,9,9,0
0,3,3,24
1,0,1,0
0,3,3,1
2,0,2,0
0,17,17,0
2,0,2,0
3,0,3,0
2,0,2,0
1,0,1,0
0,1,1,32
0,1,1,5
1,0,1,0
1,0,1,0
0,2,2,0
1,0,1,0
0,4,4,3
3,0,3,0
1,0,1,0
0,2,2,0
4,0,4,0
2,0,2,0
6,0,6,0
2,0,2,0
2,0,2,0
2,0,2,0
0,5,5,0
4,0,4,0
2,0,2,0
1,0,1,0
2,0,2,0
1,0,1,0
2,0,2,0
1,0,1,0
0,1,1,13
0,2,2,31
1,0,1,0
2,0,2,0
0,4,4,16
2,0,2,0
0,2,2,12
2,0,2,0
1,0,1,0
2,0,2,0
0,3,3,0
1,0,1,0
3,0,3,0
1,0,1,0
1,0,1,0
2,0,2,0
1,0,1,0
0,2,2,13
4,0,4,0
1,0,1,0
1,0,1,0
0,1,1,0
0,1,1,0
3,0,3,0
1,0,1,0
0,3,3,62
1,0,1,0
1,0,1,0
0,2,2,66
1,0,1,0
2,0,2,0
1,0,1,0
1,0,1,0
1,0,1,0
5,0,5,0
0,4,4,28
0,4,4,30
2,0,2,0
4,0,4,0
1,0,1,0
0,1,1,18
1,0,1,0
7,0,7,0
1,0,1,0
3,0,3,0
1,0,1,0
2,0,2,0
2,0,2,0
2,0,2,0
0,5,5,31
1,0,1,0
2,7,9,97
4,0,4,0
1,0,1,0
2,0,2,0
2,0,2,0
2,0,2,0
0,1,1,0
0,9,9,3
0,1,1,22
1,0,1,0
1,0,1,0
1,0,1,0
2,0,2,0
3,0,3,0
1,0,1,0
1,0,1,0
1,0,1,0
3,0,3,0
1,0,1,0
0,1,1,30
1,0,1,0
2,0,2,0
3,0,3,0
1,0,1,0
6,0,6,0
1,0,1,0
0,1,1,28
1,0,1,0
1,0,1,0
2,0,2,0
0,5,5,7
7,0,7,0
3,0,3,0
1,0,1,0
0,1,1,3
11,0,11,0
1,0,1,0
0,2,2,103
3,0,3,0
2,0,2,0
1,0,1,0
1,0,1,0
1,0,1,0
1,0,1,0
0,7,7,293
0,1,1,47
3,0,3,0
2,0,2,0
4,0,4,0
2,0,2,0
1,0,1,0
4,0,4,0
4,0,4,0
6,0,6,0
1,0,1,0
1,0,1,0
2,0,2,0
1,0,1,0
0,6,6,45
0,1,1,4
1,0,1,0
0,1,1,0
1,0,1,0
3,0,3,0
2,0,2,0
1,0,1,0
1,0,1,0
0,2,2,30
1,0,1,0
3,0,3,0
1,0,1,0
1,0,1,0
2,0,2,0
3,0,3,0
2,0,2,0
1,0,1,0
1,0,1,0
0,3,3,3
0,3,3,5
1,0,1,0
0,1,1,14
1,0,1,0
2,0,2,0
0,3,3,7
5,0,5,0
4,0,4,0
2,0,2,0
13,0,13,0
2,0,2,0
2,0,2,0
2,0,2,0
0,1,1,0
1,0,1,0
0,1,1,6
0,6,6,1
0,1,1,0
1,0,1,0
1,0,1,0
2,0,2,0
2,0,2,0
0,1,1,3
1,0,1,0
0,1,1,1
3,0,3,0
1,0,1,0
4,0,4,0
4,0,4,0
1,0,1,0
3,0,3,0
2,0,2,0
1,0,1,0
0,1,1,93
8,0,8,0
0,1,1,0
1,0,1,0
0,3,3,11
2,0,2,0
1,0,1,0
7,0,7,0
0,1,1,49
1,0,1,0
0,21,21,2
0,1,1,58
1,0,1,0
1,0,1,0
1,0,1,0
1,0,1,0
1,0,1,0
2,0,2,0
3,0,3,0
1,0,1,0
1,0,1,0
1,0,1,0
3,0,3,0
0,2,2,6
3,0,3,0
0,6,6,0
3,0,3,0
0,1,1,0
1,0,1,0
2,0,2,0
1,0,1,0
1,0,1,0
1,0,1,0
1,0,1,0
0,2,2,4
1,0,1,0
0,4,4,5
1,0,1,0
2,0,2,0
2,0,2,0
1,0,1,0
1,0,1,0
1,0,1,0
1,0,1,0
1,0,1,0
2,0,2,0
1,0,1,0
0,1,1,1
0,1,1,15
0,1,1,84
1,0,1,0
0,3,3,0
2,0,2,0
0,3,3,3
3,0,3,0
5,0,5,0
2,0,2,0
1,0,1,0
1,0,1,0
4,0,4,0
0,7,7,0
1,0,1,0
0,9,9,0
4,0,4,0
1,0,1,0
5,0,5,0
0,2,2,0
1,0,1,0
23,0,23,0
1,0,1,0
2,0,2,0
1,0,1,0
2,0,2,0
1,0,1,0
1,0,1,0
0,8,8,34
4,0,4,0
1,0,1,0
2,0,2,0
0,1,1,0
1,0,1,0
1,0,1,0
2,0,2,0
1,0,1,0
0,2,2,3
1,0,1,0
0,1,1,14
2,0,2,0
1,0,1,0
1,0,1,0
0,1,1,5
1,0,1,0
0,11,11,1
2,0,2,0
4,0,4,0
0,1,1,53
5,0,5,0
0,3,3,22
0,4,4,1
9,0,9,0
0,5,5,85
1,0,1,0
1,0,1,0
1,0,1,0
1,0,1,0
6,0,6,0
1,0,1,0
2,0,2,0
0,1,1,7
1,0,1,0
1,0,1,0
1,0,1,0
1,0,1,0
1,0,1,0
1,0,1,0
2,0,2,0
1,0,1,0
2,0,2,0
2,0,2,0
0,1,1,27
0,1,1,7
4,0,4,0
0,6,6,8
3,0,3,0
1,0,1,0
1,0,1,0
0,2,2,1
1,0,1,0
2,0,2,0
0,1,1,2
0,2,2,2
0,1,1,35
1,0,1,0
1,0,1,0
2,0,2,0
0,3,3,7
1,0,1,0
1,0,1,0
1,0,1,0
8,0,8,0
9,0,9,0
4,0,4,0
4,0,4,0
0,1,1,2
1,0,1,0
1,0,1,0
1,0,1,0
1,0,1,0
1,0,1,0
1,0,1,0
1,0,1,0
1,0,1,0
2,0,2,0
1,0,1,0
2,0,2,0
3,0,3,0
3,0,3,0
1,0,1,0
0,2,2,3
1,0,1,0
1,0,1,0
0,1,1,2
7,0,7,0
2,0,2,0
1,0,1,0
1,0,1,0
1,0,1,0
2,0,2,0
0,1,1,3
3,0,3,0
2,0,2,0
2,0,2,0
1,0,1,0
2,0,2,0
1,0,1,0
1,0,1,0
1,0,1,0
2,0,2,0
2,0,2,0
1,0,1,0
3,0,3,0
0,1,1,11
1,0,1,0
2,0,2,0
1,0,1,0
1,0,1,0
1,0,1,0
1,0,1,0
1,0,1,0
1,0,1,0
1,0,1,0
1,0,1,0
2,0,2,0
0,1,1,103
1,0,1,0
1,0,1,0
1,0,1,0
2,0,2,0
2,0,2,0
1,0,1,0
1,0,1,0
1,0,1,0
0,1,1,45
1,0,1,0
2,0,2,0
1,0,1,0
1,0,1,0
1,0,1,0
10,0,10,0
0,2,2,2
1,0,1,0
1,0,1,0
2,0,2,0
1,0,1,0
0,5,5,4
1,0,1,0
2,0,2,0
1,0,1,0
0,1,1,4
0,2,2,6
1,0,1,0
2,0,2,0
2,0,2,0
1,0,1,0
1,0,1,0
1,0,1,0
1,0,1,0
1,0,1,0
1,0,1,0
2,0,2,0
2,0,2,0
0,1,1,16
1,0,1,0
0,1,1,41
0,2,2,20
3,0,3,0
2,0,2,0
1,0,1,0
1,0,1,0
1,0,1,0
11,0,11,0
1,0,1,0
0,1,1,0
2,0,2,0
1,0,1,0
0,3,3,68
1,0,1,0
1,0,1,0
0,5,5,0
2,0,2,0
0,7,7,4
0,1,1,1
1,0,1,0
3,0,3,0
0,2,2,16
1,0,1,0
1,0,1,0
1,0,1,0
0,1,1,0
1,0,1,0
2,0,2,0
1,0,1,0
0,2,2,72
0,1,1,71
1,0,1,0
1,0,1,0
1,0,1,0
2,0,2,0
0,3,3,17
1,0,1,0
1,0,1,0
1,0,1,0
1,0,1,0
1,0,1,0
1,0,1,0
0,10,10,3
3,0,3,0
1,0,1,0
0,1,1,135
3,0,3,0
0,3,3,0
1,0,1,0
1,0,1,0
0,1,1,1
1,0,1,0
2,0,2,0
0,3,3,2
2,0,2,0
9,0,9,0
2,0,2,0
1,0,1,0
0,1,1,0
0,1,1,2
2,0,2,0
3,0,3,0
0,22,22,1
1,0,1,0
1,0,1,0
1,0,1,0
1,0,1,0
0,1,1,22
0,1,1,0
1,0,1,0
1,0,1,0
1,0,1,0
1,0,1,0
1,0,1,0
0,7,7,12
0,2,2,38
5,0,5,0
1,0,1,0
1,0,1,0
0,2,2,1
2,0,2,0
4,0,4,0
1,0,1,0
0,1,1,0
0,2,2,23
1,0,1,0
1,0,1,0
3,0,3,0
0,2,2,0
2,0,2,0
0,3,3,14
1,0,1,0
2,0,2,0
1,0,1,0
1,0,1,0
2,0,2,0
1,0,1,0
0,1,1,7
0,2,2,11
0,1,1,15
4,0,4,0
2,0,2,0
4,0,4,0
1,0,1,0
1,0,1,0
4,0,4,0
1,0,1,0
0,2,2,7
2,0,2,0
2,0,2,0
0,1,1,0
0,2,2,31
1,0,1,0
1,0,1,0
1,0,1,0
1,0,1,0
4,0,4,0
0,1,1,9
0,2,2,3
3,0,3,0
1,0,1,0
1,0,1,0
2,0,2,0
1,0,1,0
4,0,4,0
1,0,1,0
1,0,1,0
4,0,4,0
0,1,1,1
1,0,1,0
0,1,1,7
2,0,2,0
1,0,1,0
1,0,1,0
0,1,1,0
13,0,13,0
1,0,1,0
1,0,1,0
1,0,1,0
1,0,1,0
2,0,2,0
1,0,1,0
0,1,1,3
1,0,1,0
1,0,1,0
0,2,2,1
1,0,1,0
6,0,6,0
0,1,1,1
1,0,1,0
7,0,7,0
16,0,16,0
3,0,3,0
2,0,2,0
2,0,2,0
2,0,2,0
1,0,1,0
1,0,1,0
1,0,1,0
2,0,2,0
1,0,1,0
0,1,1,0
4,0,4,0
1,0,1,0
3,0,3,0
1,0,1,0
1,0,1,0
2,0,2,0
0,1,1,0
0,5,5,3
1,0,1,0
1,0,1,0
1,0,1,0
0,3,3,1
1,0,1,0
0,2,2,1
0,8,8,10
1,0,1,0
0,3,3,3
1,0,1,0
0,3,3,3
1,0,1,0
1,0,1,0
0,1,1,0
1,0,1,0
2,0,2,0
1,0,1,0
1,0,1,0
1,0,1,0
1,0,1,0
1,0,1,0
2,0,2,0
3,0,3,0
2,0,2,0
3,0,3,0
1,0,1,0
1,0,1,0
0,1,1,1
1,0,1,0
1,0,1,0
0,8,8,0
1,0,1,0
1,0,1,0
1,0,1,0
1,0,1,0
0,2,2,3
2,0,2,0
0,1,1,6
5,0,5,0
0,3,3,0
6,0,6,0
5,0,5,0
1,0,1,0
1,0,1,0
0,13,13,221
3,0,3,0
2,0,2,0
4,0,4,0
0,1,1,7
1,0,1,0
1,0,1,0
1,0,1,0
1,0,1,0
0,10,10,3
0,3,3,0
9,0,9,0
1,0,1,0
0,1,1,3
1,0,1,0
0,2,2,27
1,0,1,0
3,0,3,0
2,0,2,0
4,0,4,0
3,0,3,0
2,0,2,0
2,0,2,0
1,0,1,0
0,1,1,20
1,0,1,0
1,0,1,0
1,0,1,0
0,1,1,22
5,0,5,0
0,2,2,0
2,0,2,0
7,0,7,0
1,0,1,0
1,0,1,0
1,0,1,0
0,4,4,10
2,0,2,0
4,0,4,0
0,2,2,126
3,0,3,0
1,0,1,0
3,0,3,0
0,1,1,18
1,0,1,0
0,2,2,55
1,0,1,0
0,1,1,5
2,0,2,0
2,0,2,0
1,0,1,0
1,0,1,0
1,0,1,0
7,0,7,0
4,0,4,0
2,0,2,0
1,0,1,0
1,0,1,0
0,1,1,1
1,0,1,0
0,1,1,7
0,1,1,20
1,0,1,0
1,0,1,0
5,0,5,0
0,1,1,40
0,17,17,1
1,0,1,0
4,0,4,0
1,0,1,0
0,1,1,0
2,0,2,0
1,0,1,0
4,0,4,0
1,0,1,0
7,0,7,0
1,0,1,0
1,0,1,0
2,0,2,0
7,0,7,0
1,0,1,0
1,0,1,0
0,2,2,30
2,0,2,0
2,0,2,0
1,0,1,0
1,0,1,0
4,0,4,0
1,0,1,0
1,0,1,0
0,2,2,39
3,0,3,0
1,0,1,0
0,1,1,10
0,4,4,39
1,0,1,0
0,1,1,1
2,0,2,0
1,0,1,0
0,2,2,0
0,2,2,7
2,0,2,0
1,0,1,0
1,0,1,0
1,0,1,0
2,0,2,0
9,0,9,0
2,0,2,0
1,0,1,0
2,0,2,0
2,0,2,0
1,0,1,0
1,0,1,0
0,2,2,51
3,0,3,0
1,0,1,0
1,0,1,0
1,0,1,0
1,0,1,0
0,3,3,2
0,6,6,25
1,0,1,0
0,1,1,28
1,0,1,0
0,1,1,0
2,0,2,0
0,2,2,3
1,0,1,0
1,0,1,0
3,0,3,0
1,0,1,0
3,0,3,0
1,0,1,0
0,2,2,8
1,0,1,0
1,0,1,0
2,0,2,0
0,7,7,3
6,0,6,0
0,4,4,8
0,4,4,17
2,0,2,0
1,0,1,0
1,0,1,0
1,0,1,0
1,0,1,0
1,0,1,0
1,0,1,0
0,2,2,19
4,0,4,0
2,0,2,0
0,2,2,1
1,0,1,0
3,0,3,0
0,1,1,0
1,0,1,0
0,1,1,36
1,0,1,0
1,0,1,0
1,0,1,0
1,0,1,0
1,0,1,0
1,0,1,0
1,0,1,0
1,0,1,0
6,0,6,0
1,0,1,0
1,0,1,0
1,0,1,0
2,0,2,0
1,0,1,0
1,0,1,0
1,0,1,0
1,0,1,0
1,0,1,0
3,0,3,0
3,0,3,0
1,0,1,0
1,0,1,0
2,0,2,0
2,0,2,0
0,1,1,0
1,0,1,0
0,1,1,7
1,0,1,0
0,1,1,7
0,5,5,11
6,0,6,0
1,0,1,0
1,0,1,0
1,0,1,0
1,0,1,0
0,4,4,10
1,0,1,0
4,0,4,0
0,1,1,20
1,0,1,0
1,0,1,0
18,0,18,0
1,0,1,0
0,3,3,5
1,0,1,0
0,2,2,21
13,0,13,0
3,0,3,0
3,0,3,0
1,0,1,0
1,0,1,0
3,0,3,0
0,24,24,0
0,4,4,1
1,0,1,0
0,1,1,7
0,2,2,0
1,0,1,0
1,0,1,0
1,0,1,0
1,0,1,0
0,2,2,1
1,0,1,0
0,2,2,0
0,3,3,7
1,0,1,0
2,0,2,0
0,2,2,30
2,0,2,0
4,0,4,0
1,0,1,0
0,1,1,9
3,0,3,0
1,0,1,0
14,0,14,0
0,1,1,0
3,0,3,0
1,0,1,0
3,0,3,0
2,0,2,0
1,0,1,0
2,0,2,0
4,0,4,0
1,0,1,0
2,0,2,0
1,0,1,0
0,7,7,7
2,0,2,0
3,0,3,0
1,0,1,0
0,6,6,1
1,0,1,0
7,0,7,0
2,0,2,0
2,0,2,0
1,0,1,0
9,0,9,0
2,0,2,0
1,0,1,0
0,2,2,0
0,1,1,0
1,0,1,0
13,0,13,0
1,0,1,0
1,0,1,0
1,0,1,0
0,1,1,0
1,0,1,0
1,0,1,0
1,0,1,0
1,0,1,0
1,0,1,0
1,0,1,0
1,0,1,0
5,0,5,0
3,0,3,0
1,0,1,0
2,0,2,0
1,0,1,0
2,0,2,0
1,0,1,0
0,6,6,0
5,0,5,0
1,0,1,0
2,0,2,0
1,0,1,0
1,0,1,0
1,0,1,0
1,0,1,0
1,0,1,0
1,0,1,0
1,0,1,0
2,0,2,0
4,0,4,0
0,2,2,1
1,0,1,0
1,0,1,0
1,0,1,0
0,1,1,5
1,0,1,0
1,0,1,0
1,0,1,0
4,0,4,0
0,1,1,1
1,0,1,0
0,3,3,11
1,0,1,0
1,0,1,0
0,3,3,4
1,0,1,0
1,0,1,0
1,0,1,0
1,0,1,0
1,0,1,0
1,0,1,0
1,0,1,0
1,0,1,0
1,0,1,0
1,0,1,0
3,0,3,0
0,2,2,20
1,0,1,0
1,0,1,0
1,0,1,0
2,0,2,0
1,0,1,0
1,0,1,0
1,0,1,0
1,0,1,0
2,0,2,0
1,0,1,0
1,0,1,0
1,0,1,0
4,0,4,0
1,0,1,0
0,2,2,17
2,0,2,0
1,0,1,0
0,1,1,0
1,0,1,0
1,0,1,0
1,0,1,0
2,0,2,0
1,0,1,0
1,0,1,0
0,1,1,0
0,3,3,6
4,0,4,0
0,1,1,0
1,0,1,0
1,0,1,0
2,0,2,0
0,1,1,0
1,0,1,0
2,0,2,0
1,0,1,0
1,0,1,0
1,0,1,0
1,0,1,0
1,0,1,0
1,0,1,0
1,0,1,0
2,0,2,0
1,0,1,0
1,0,1,0
1,0,1,0
2,0,2,0
3,0,3,0
2,0,2,0
1,0,1,0
1,0,1,0
1,0,1,0
1,0,1,0
0,2,2,4
1,0,1,0
1,0,1,0
1,0,1,0
1,0,1,0
1,0,1,0
3,0,3,0
3,0,3,0
1,0,1,0
1,0,1,0
3,0,3,0
6,0,6,0
0,1,1,0
0,11,11,2
1,0,1,0
1,0,1,0
1,0,1,0
1,0,1,0
2,0,2,0
1,0,1,0
3,0,3,0
0,2,2,1
1,0,1,0
0,2,2,17
1,0,1,0
1,0,1,0
1,0,1,0
1,0,1,0
1,0,1,0
0,1,1,5
0,4,4,0
0,1,1,2
1,0,1,0
1,0,1,0
1,0,1,0
1,0,1,0
1,0,1,0
2,0,2,0
1,0,1,0
2,0,2,0
1,0,1,0
0,3,3,24
1,0,1,0
1,0,1,0
1,0,1,0
0,1,1,2
2,0,2,0
2,0,2,0
1,0,1,0
1,0,1,0
1,0,1,0
2,0,2,0
2,0,2,0
1,0,1,0
2,0,2,0
1,0,1,0
1,0,1,0
0,1,1,50
0,1,1,70
0,3,3,0
1,0,1,0
2,0,2,0
0,1,1,3
2,0,2,0
0,1,1,2
1,0,1,0
1,0,1,0
1,0,1,0
0,1,1,6
2,0,2,0
0,1,1,0
2,0,2,0
6,0,6,0
1,0,1,0
0,1,1,0
0,1,1,11
0,1,1,7
1,0,1,0
1,0,1,0
0,1,1,0
0,1,1,10
0,1,1,3
1,0,1,0
2,0,2,0
0,1,1,8
1,0,1,0
0,2,2,19
1,0,1,0
0,1,1,0
1,0,1,0
1,0,1,0
0,1,1,0
1,0,1,0
2,0,2,0
1,0,1,0
1,0,1,0
0,5,5,6
0,11,11,5
1,0,1,0
1,0,1,0
0,1,1,1
1,0,1,0
1,0,1,0
1,0,1,0
2,0,2,0
2,0,2,0
0,2,2,16
2,0,2,0
1,0,1,0
1,0,1,0
1,0,1,0
1,0,1,0
1,0,1,0
0,1,1,4
1,0,1,0
1,0,1,0
1,0,1,0
2,0,2,0
1,0,1,0
2,0,2,0
0,1,1,27
1,0,1,0
1,0,1,0
3,0,3,0
1,0,1,0
0,1,1,5
1,0,1,0
1,0,1,0
0,2,2,51
2,0,2,0
1,0,1,0
1,0,1,0
1,0,1,0
1,0,1,0
2,0,2,0
0,1,1,8
1,0,1,0
1,0,1,0
2,0,2,0
1,0,1,0
0,1,1,2
2,0,2,0
0,1,1,1
1,0,1,0
0,10,10,28
1,0,1,0
2,0,2,0
5,0,5,0
0,6,6,2
0,1,1,18
0,1,1,22
1,0,1,0
1,0,1,0
0,1,1,10
0,1,1,60
0,2,2,2
3,0,3,0
2,0,2,0
1,0,1,0
2,0,2,0
1,0,1,0
1,0,1,0
1,0,1,0
0,1,1,3
0,4,4,3
1,0,1,0
1,0,1,0
1,0,1,0
1,0,1,0
1,0,1,0
0,1,1,22
0,1,1,20
1,0,1,0
0,3,3,1
2,0,2,0
0,1,1,0
3,0,3,0
1,0,1,0
0,2,2,62
1,0,1,0
1,0,1,0
2,0,2,0
2,0,2,0
0,2,2,2
1,0,1,0
0,7,7,11
2,0,2,0
1,0,1,0
2,0,2,0
1,0,1,0
1,0,1,0
2,0,2,0
0,1,1,1
1,0,1,0
1,0,1,0
1,0,1,0
1,0,1,0
1,0,1,0
0,3,3,0
1,0,1,0
4,0,4,0
1,0,1,0
1,0,1,0
2,0,2,0
0,3,3,0
3,0,3,0
1,0,1,0
0,1,1,35
6,0,6,0
4,0,4,0
1,0,1,0
6,0,6,0
2,0,2,0
0,3,3,1
1,0,1,0
0,4,4,0
0,1,1,0
2,0,2,0
2,0,2,0
1,0,1,0
1,0,1,0
1,0,1,0
1,0,1,0
0,1,1,43
1,0,1,0
0,3,3,18
1,0,1,0
1,0,1,0
1,0,1,0
1,0,1,0
1,0,1,0
1,0,1,0
1,0,1,0
3,0,3,0
0,2,2,9
1,0,1,0
1,0,1,0
1,0,1,0
1,0,1,0
1,0,1,0
0,2,2,0
2,0,2,0
0,1,1,3
1,0,1,0
0,1,1,2
1,0,1,0
3,0,3,0
2,0,2,0
1,0,1,0
0,1,1,0
1,0,1,0
2,0,2,0
1,0,1,0
0,1,1,1
1,0,1,0
1,0,1,0
1,0,1,0
0,3,3,5
1,0,1,0
0,1,1,0
1,0,1,0
1,0,1,0
1,0,1,0
1,0,1,0
1,0,1,0
1,0,1,0
1,0,1,0
2,0,2,0
1,0,1,0
3,0,3,0
3,0,3,0
4,0,4,0
2,0,2,0
1,0,1,0
1,0,1,0
0,3,3,1
0,1,1,8
1,0,1,0
1,0,1,0
1,0,1,0
0,1,1,2
1,0,1,0
4,0,4,0
0,2,2,14
5,0,5,0
3,0,3,0
0,1,1,0
2,0,2,0
1,0,1,0
0,2,2,34
1,0,1,0
2,0,2,0
1,0,1,0
4,0,4,0
1,0,1,0
1,0,1,0
3,0,3,0
0,2,2,0
1,0,1,0
1,0,1,0
3,0,3,0
1,0,1,0
2,0,2,0
2,0,2,0
2,0,2,0
0,3,3,0
1,0,1,0
0,1,1,1
1,0,1,0
1,0,1,0
1,0,1,0
1,0,1,0
1,0,1,0
0,1,1,0
2,0,2,0
2,0,2,0
1,0,1,0
2,0,2,0
1,0,1,0
1,0,1,0
0,1,1,21
1,0,1,0
3,0,3,0
2,0,2,0
2,0,2,0
1,0,1,0
1,0,1,0
1,0,1,0
1,0,1,0
1,0,1,0
3,0,3,0
1,0,1,0
1,0,1,0
1,0,1,0
0,2,2,0
0,1,1,1
1,0,1,0
0,2,2,2
0,1,1,0
0,9,9,19
1,0,1,0
0,2,2,16
0,1,1,26
2,0,2,0
1,0,1,0
2,0,2,0
0,1,1,0
2,0,2,0
1,0,1,0
1,0,1,0
1,0,1,0
0,1,1,6
3,0,3,0
1,0,1,0
2,0,2,0
1,0,1,0
1,0,1,0
4,0,4,0
0,5,5,5
6,0,6,0
2,0,2,0
0,1,1,10
1,0,1,0
2,0,2,0
1,0,1,0
2,0,2,0
2,0,2,0
1,0,1,0
1,0,1,0
1,0,1,0
3,0,3,0
2,0,2,0
1,0,1,0
1,0,1,0
1,0,1,0
1,0,1,0
1,0,1,0
0,1,1,9
0,1,1,24
0,3,3,19
3,0,3,0
2,0,2,0
1,0,1,0
1,0,1,0
0,1,1,12
1,0,1,0
0,1,1,4
1,0,1,0
2,0,2,0
4,0,4,0
2,0,2,0
1,0,1,0
1,0,1,0
1,0,1,0
5,0,5,0
2,0,2,0
1,0,1,0
1,0,1,0
1,0,1,0
1,0,1,0
3,0,3,0
1,0,1,0
0,1,1,10
4,0,4,0
1,0,1,0
1,0,1,0
1,0,1,0
0,2,2,1
2,0,2,0
1,0,1,0
2,0,2,0
1,0,1,0
1,0,1,0
0,1,1,6
1,0,1,0
2,0,2,0
1,0,1,0
1,0,1,0
0,3,3,152
2,0,2,0
0,2,2,0
0,1,1,174
1,0,1,0
1,0,1,0
0,4,4,0
1,0,1,0
1,0,1,0
0,1,1,64
1,0,1,0
3,0,3,0
0,2,2,1
0,1,1,31
0,1,1,2
0,1,1,5
0,7,7,0
1,0,1,0
0,3,3,0
1,0,1,0
1,0,1,0
0,2,2,14
3,0,3,0
3,0,3,0
1,0,1,0
0,5,5,6
5,0,5,0
1,0,1,0
0,1,1,3
1,0,1,0
1,0,1,0
1,0,1,0
1,0,1,0
1,0,1,0
5,0,5,0
1,0,1,0
0,2,2,0
1,0,1,0
1,0,1,0
1,0,1,0
2,0,2,0
1,0,1,0
1,0,1,0
1,0,1,0
1,0,1,0
0,1,1,2
1,0,1,0
2,0,2,0
0,4,4,47
0,1,1,11
3,0,3,0
1,0,1,0
1,0,1,0
2,0,2,0
0,2,2,0
1,0,1,0
2,0,2,0
1,0,1,0
1,0,1,0
1,0,1,0
0,1,1,3
0,1,1,8
1,0,1,0
1,0,1,0
0,1,1,9
3,0,3,0
1,0,1,0
3,0,3,0
0,5,5,37
1,0,1,0
0,1,1,71
1,0,1,0
1,0,1,0
2,0,2,0
0,1,1,3
2,0,2,0
2,0,2,0
0,1,1,15
1,0,1,0
2,0,2,0
0,1,1,3
2,0,2,0
0,2,2,1
1,0,1,0
1,0,1,0
2,0,2,0
0,1,1,17
2,0,2,0
0,1,1,31
1,0,1,0
0,3,3,11
1,0,1,0
1,0,1,0
0,1,1,42
3,0,3,0
1,0,1,0
2,0,2,0
2,0,2,0
0,1,1,0
1,0,1,0
4,0,4,0
1,0,1,0
1,0,1,0
1,0,1,0
1,0,1,0
0,5,5,13
3,0,3,0
1,0,1,0
1,0,1,0
1,0,1,0
1,0,1,0
0,1,1,5
0,7,7,2
1,0,1,0
1,0,1,0
1,0,1,0
1,0,1,0
1,0,1,0
0,1,1,117
1,0,1,0
3,0,3,0
0,1,1,4
1,0,1,0
3,0,3,0
2,0,2,0
1,0,1,0
1,0,1,0
0,4,4,3
2,0,2,0
1,0,1,0
1,0,1,0
2,0,2,0
2,0,2,0
1,0,1,0
1,0,1,0
1,0,1,0
1,0,1,0
2,0,2,0
0,2,2,5
1,0,1,0
3,0,3,0
0,1,1,2
2,0,2,0
1,0,1,0
0,2,2,2
0,1,1,1
1,0,1,0
3,0,3,0
1,0,1,0
2,0,2,0
2,0,2,0
0,1,1,3
3,0,3,0
2,0,2,0
0,2,2,1
2,0,2,0
1,0,1,0
1,0,1,0
0,3,3,2
1,0,1,0
1,0,1,0
1,0,1,0
1,0,1,0
2,0,2,0
0,1,1,3
1,0,1,0
0,1,1,1
1,0,1,0
2,0,2,0
1,0,1,0
2,0,2,0
2,0,2,0
6,0,6,0
1,0,1,0
0,1,1,68
0,1,1,3
2,0,2,0
0,1,1,1
2,0,2,0
2,0,2,0
2,0,2,0
1,0,1,0
1,0,1,0
1,0,1,0
1,0,1,0
1,0,1,0
1,0,1,0
1,0,1,0
2,0,2,0
0,1,1,2
1,0,1,0
1,0,1,0
1,0,1,0
1,0,1,0
2,0,2,0
1,0,1,0
1,0,1,0
1,0,1,0
1,0,1,0
1,0,1,0
2,0,2,0
1,0,1,0
1,0,1,0
1,0,1,0
1,0,1,0
2,0,2,0
3,0,3,0
0,1,1,8
2,0,2,0
1,0,1,0
1,0,1,0
1,0,1,0
1,0,1,0
0,1,1,0
1,0,1,0
3,0,3,0
0,1,1,38
3,0,3,0
1,0,1,0
1,0,1,0
1,0,1,0
2,0,2,0
1,0,1,0
2,0,2,0
1,0,1,0
1,0,1,0
1,0,1,0
2,0,2,0
1,0,1,0
2,0,2,0
1,0,1,0
0,1,1,0
1,0,1,0
2,0,2,0
1,0,1,0
1,0,1,0
1,0,1,0
2,0,2,0
1,0,1,0
1,0,1,0
2,0,2,0
0,5,5,12
1,0,1,0
4,0,4,0
1,0,1,0
2,0,2,0
1,0,1,0
1,0,1,0
0,6,6,19
0,4,4,25
0,3,3,1
1,0,1,0
1,0,1,0
1,0,1,0
2,0,2,0
2,0,2,0
3,0,3,0
1,0,1,0
0,3,3,18
1,0,1,0
2,0,2,0
0,1,1,4
2,0,2,0
1,0,1,0
1,0,1,0
2,0,2,0
1,0,1,0
1,0,1,0
1,0,1,0
0,1,1,0
0,2,2,0
1,0,1,0
5,0,5,0
5,0,5,0
0,1,1,10
1,0,1,0
0,4,4,7
0,1,1,1
1,0,1,0
2,0,2,0
1,0,1,0
1,0,1,0
1,0,1,0
1,0,1,0
1,0,1,0
1,0,1,0
1,0,1,0
2,0,2,0
2,0,2,0
0,1,1,17
1,0,1,0
1,0,1,0
1,0,1,0
1,0,1,0
0,1,1,0
1,0,1,0
1,0,1,0
2,0,2,0
1,0,1,0
1,0,1,0
1,0,1,0
1,0,1,0
1,0,1,0
1,0,1,0
1,0,1,0
1,0,1,0
0,2,2,0
1,0,1,0
0,1,1,2
1,0,1,0
3,0,3,0
1,0,1,0
1,0,1,0
0,1,1,3
2,0,2,0
2,0,2,0
1,0,1,0
2,0,2,0
0,1,1,3
1,0,1,0
1,0,1,0
3,0,3,0
2,0,2,0
1,0,1,0
0,1,1,59
0,3,3,7
1,0,1,0
1,0,1,0
0,1,1,7
1,0,1,0
1,0,1,0
2,0,2,0
1,0,1,0
1,0,1,0
1,0,1,0
0,2,2,8
1,0,1,0
1,0,1,0
0,1,1,2
1,0,1,0
0,1,1,6
3,0,3,0
2,0,2,0
0,1,1,3
0,1,1,5
2,0,2,0
3,0,3,0
2,0,2,0
1,0,1,0
1,0,1,0
0,1,1,11
1,0,1,0
1,0,1,0
1,0,1,0
1,0,1,0
1,0,1,0
1,0,1,0
1,0,1,0
2,0,2,0
0,1,1,2
0,2,2,1
1,0,1,0
1,0,1,0
1,0,1,0
0,1,1,0
0,1,1,38
0,1,1,26
2,0,2,0
0,2,2,8
1,0,1,0
3,0,3,0
1,0,1,0
2,0,2,0
0,1,1,2
1,0,1,0
1,0,1,0
0,1,1,0
0,1,1,12
2,0,2,0
1,0,1,0
7,0,7,0
1,0,1,0
0,1,1,9
1,0,1,0
0,2,2,2
4,0,4,0
2,0,2,0
1,0,1,0
1,0,1,0
4,0,4,0
1,0,1,0
3,0,3,0
1,0,1,0
0,2,2,1
0,2,2,16
1,0,1,0
3,0,3,0
1,0,1,0
1,0,1,0
2,0,2,0
0,2,2,2
1,0,1,0
1,0,1,0
1,0,1,0
0,1,1,43
0,1,1,0
1,0,1,0
0,1,1,12
0,1,1,0
1,0,1,0
3,0,3,0
0,2,2,7
1,0,1,0
0,1,1,1
0,1,1,53
2,0,2,0
2,0,2,0
1,0,1,0
1,0,1,0
0,3,3,17
1,0,1,0
1,0,1,0
1,0,1,0
2,0,2,0
1,0,1,0
1,0,1,0
1,0,1,0
1,0,1,0
1,0,1,0
2,0,2,0
1,0,1,0
2,0,2,0
1,0,1,0
0,2,2,3
5,0,5,0
0,2,2,51
2,0,2,0
1,0,1,0
2,0,2,0
6,0,6,0
2,0,2,0
1,0,1,0
1,0,1,0
0,1,1,0
1,0,1,0
1,0,1,0
1,0,1,0
2,0,2,0
1,0,1,0
1,0,1,0
1,0,1,0
1,0,1,0
1,0,1,0
1,0,1,0
1,0,1,0
0,1,1,61
1,0,1,0
1,0,1,0
0,2,2,0
2,0,2,0
0,1,1,37
1,0,1,0
0,2,2,13
2,0,2,0
1,0,1,0
1,0,1,0
1,0,1,0
0,2,2,0
1,0,1,0
2,0,2,0
0,1,1,2
1,0,1,0
0,1,1,0
1,0,1,0
1,0,1,0
1,0,1,0
1,0,1,0
0,1,1,10
1,0,1,0
1,0,1,0
0,2,2,3
1,0,1,0
1,0,1,0
1,0,1,0
1,0,1,0
1,0,1,0
0,2,2,66
1,0,1,0
1,0,1,0
1,0,1,0
1,0,1,0
0,1,1,0
1,0,1,0
1,0,1,0
1,0,1,0
1,0,1,0
2,0,2,0
1,0,1,0
1,0,1,0
1,0,1,0
1,0,1,0
2,0,2,0
2,0,2,0
2,0,2,0
1,0,1,0
1,0,1,0
2,0,2,0
0,1,1,2
2,0,2,0
0,1,1,0
1,0,1,0
0,1,1,6
1,0,1,0
1,0,1,0
1,0,1,0
1,0,1,0
1,0,1,0
1,0,1,0
2,0,2,0
1,0,1,0
0,1,1,44
2,0,2,0
6,0,6,0
3,0,3,0
3,0,3,0
1,0,1,0
1,0,1,0
2,0,2,0
0,1,1,1
2,0,2,0
1,0,1,0
3,0,3,0
1,0,1,0
1,0,1,0
1,0,1,0
1,0,1,0
2,0,2,0
0,1,1,0
1,0,1,0
2,0,2,0
0,1,1,3
1,0,1,0
1,0,1,0
1,0,1,0
1,0,1,0
1,0,1,0
1,0,1,0
2,0,2,0
1,0,1,0
1,0,1,0
0,1,1,1
1,0,1,0
0,1,1,1
3,0,3,0
1,0,1,0
1,0,1,0
2,0,2,0
1,0,1,0
1,0,1,0
0,1,1,6
1,0,1,0
1,0,1,0
1,0,1,0
1,0,1,0
2,0,2,0
2,0,2,0
0,1,1,2
0,1,1,29
1,0,1,0
1,0,1,0
2,0,2,0
2,0,2,0
0,1,1,7
1,0,1,0
1,0,1,0
1,0,1,0
1,0,1,0
0,1,1,2
1,0,1,0
1,0,1,0
1,0,1,0
1,0,1,0
1,0,1,0
0,2,2,3
2,0,2,0
1,0,1,0
1,0,1,0
1,0,1,0
2,0,2,0
1,0,1,0
1,0,1,0
2,0,2,0
2,0,2,0
2,0,2,0
0,1,1,5
1,0,1,0
1,0,1,0
1,0,1,0
0,2,2,23
1,0,1,0
1,0,1,0
2,0,2,0
2,0,2,0
1,0,1,0
2,0,2,0
2,0,2,0
1,0,1,0
1,0,1,0
1,0,1,0
2,0,2,0
1,0,1,0
1,0,1,0
0,5,5,1
0,1,1,26
0,1,1,18
0,1,1,7
1,0,1,0
1,0,1,0
1,0,1,0
3,0,3,0
1,0,1,0
0,5,5,5
2,0,2,0
1,0,1,0
0,1,1,50
1,0,1,0
1,0,1,0
2,0,2,0
1,0,1,0
1,0,1,0
1,0,1,0
1,0,1,0
1,0,1,0
2,0,2,0
1,0,1,0
1,0,1,0
1,0,1,0
2,0,2,0
0,2,2,0
1,0,1,0
1,0,1,0
0,3,3,14
1,0,1,0
1,0,1,0
1,0,1,0
1,0,1,0
2,0,2,0
1,0,1,0
1,0,1,0
0,1,1,1
1,0,1,0
0,1,1,9
0,1,1,10
1,0,1,0
0,2,2,1
0,1,1,24
3,0,3,0
11,0,11,0
0,1,1,14
1,0,1,0
3,0,3,0
0,2,2,3
1,0,1,0
1,0,1,0
0,2,2,87
2,0,2,0
0,2,2,16
2,0,2,0
0,1,1,1
1,0,1,0
1,0,1,0
1,0,1,0
2,0,2,0
1,0,1,0
1,0,1,0
1,0,1,0
0,1,1,5
0,1,1,6
0,5,5,37
3,0,3,0
1,0,1,0
0,1,1,4
1,0,1,0
1,0,1,0
1,0,1,0
1,0,1,0
1,0,1,0
1,0,1,0
2,0,2,0
1,0,1,0
1,0,1,0
1,0,1,0
0,1,1,1
1,0,1,0
2,0,2,0
1,0,1,0
1,0,1,0
1,0,1,0
1,0,1,0
0,1,1,59
1,0,1,0
1,0,1,0
0,1,1,8
1,0,1,0
1,0,1,0
1,0,1,0
0,1,1,0
0,1,1,0
3,0,3,0
1,0,1,0
1,0,1,0
1,0,1,0
1,0,1,0
2,0,2,0
1,0,1,0
1,0,1,0
1,0,1,0
3,0,3,0
1,0,1,0
0,1,1,11
1,0,1,0
0,6,6,40
3,0,3,0
1,0,1,0
4,0,4,0
1,0,1,0
1,0,1,0
1,0,1,0
1,0,1,0
2,0,2,0
0,2,2,85
1,0,1,0
1,0,1,0
1,0,1,0
1,0,1,0
0,2,2,1
1,0,1,0
1,0,1,0
1,0,1,0
1,0,1,0
0,1,1,3
1,0,1,0
4,0,4,0
1,0,1,0
1,0,1,0
0,2,2,6
1,0,1,0
1,0,1,0
1,0,1,0
1,0,1,0
0,1,1,3
1,0,1,0
0,1,1,119
1,0,1,0
1,0,1,0
1,0,1,0
0,1,1,5
0,2,2,0
1,0,1,0
3,0,3,0
1,0,1,0
1,0,1,0
2,0,2,0
3,0,3,0
1,0,1,0
1,0,1,0
1,0,1,0
1,0,1,0
1,0,1,0
2,0,2,0
1,0,1,0
1,0,1,0
1,0,1,0
1,0,1,0
1,0,1,0
1,0,1,0
0,1,1,27
1,0,1,0
1,0,1,0
2,0,2,0
1,0,1,0
0,2,2,43
1,0,1,0
1,0,1,0
1,0,1,0
1,0,1,0
1,0,1,0
0,1,1,41
1,0,1,0
0,1,1,1
1,0,1,0
0,3,3,0
1,0,1,0
3,0,3,0
1,0,1,0
2,0,2,0
1,0,1,0
0,2,2,5
2,0,2,0
1,0,1,0
1,0,1,0
0,1,1,26
1,0,1,0
1,0,1,0
1,0,1,0
1,0,1,0
2,0,2,0
1,0,1,0
1,0,1,0
1,0,1,0
1,0,1,0
1,0,1,0
1,0,1,0
0,1,1,80
0,3,3,0
0,1,1,0
1,0,1,0
1,0,1,0
1,0,1,0
1,0,1,0
1,0,1,0
1,0,1,0
0,1,1,4
2,0,2,0
0,1,1,0
1,0,1,0
1,0,1,0
2,0,2,0
3,0,3,0
1,0,1,0
1,0,1,0
1,0,1,0
1,0,1,0
3,0,3,0
2,0,2,0
0,1,1,21
1,0,1,0
3,0,3,0
3,0,3,0
1,0,1,0
1,0,1,0
2,0,2,0
0,1,1,40
2,0,2,0
1,0,1,0
1,0,1,0
1,0,1,0
2,0,2,0
1,0,1,0
1,0,1,0
1,0,1,0
3,0,3,0
3,0,3,0
3,0,3,0
1,0,1,0
1,0,1,0
0,1,1,48
2,0,2,0
2,0,2,0
1,0,1,0
1,0,1,0
0,1,1,1
1,0,1,0
3,0,3,0
0,1,1,15
3,0,3,0
0,1,1,19
1,0,1,0
0,1,1,7
1,0,1,0
2,0,2,0
1,0,1,0
0,1,1,13
1,0,1,0
2,0,2,0
1,0,1,0
0,1,1,0
1,0,1,0
0,1,1,2
1,0,1,0
1,0,1,0
1,0,1,0
1,0,1,0
1,0,1,0
2,0,2,0
1,0,1,0
0,1,1,8
2,0,2,0
1,0,1,0
0,2,2,8
1,0,1,0
1,0,1,0
1,0,1,0
1,0,1,0
1,0,1,0
3,0,3,0
3,0,3,0
2,0,2,0
1,0,1,0
1,0,1,0
1,0,1,0
0,3,3,4
0,1,1,32
1,0,1,0
0,1,1,4
1,0,1,0
1,0,1,0
2,0,2,0
0,1,1,10
1,0,1,0
1,0,1,0
1,0,1,0
2,0,2,0
3,0,3,0
1,0,1,0
1,0,1,0
1,0,1,0
1,0,1,0
1,0,1,0
0,1,1,28
0,1,1,6
1,0,1,0
0,2,2,36
0,1,1,0
1,0,1,0
1,0,1,0
2,0,2,0
5,0,5,0
1,0,1,0
1,0,1,0
1,0,1,0
0,1,1,20
2,0,2,0
0,2,2,0
1,0,1,0
1,0,1,0
1,0,1,0
1,0,1,0
0,1,1,1
0,1,1,16
1,0,1,0
1,0,1,0
0,1,1,1
3,0,3,0
1,0,1,0
2,0,2,0
2,0,2,0
0,1,1,43
3,0,3,0
1,0,1,0
3,0,3,0
2,0,2,0
1,0,1,0
1,0,1,0
6,0,6,0
1,0,1,0
0,1,1,126
0,1,1,71
1,0,1,0
2,0,2,0
1,0,1,0
1,0,1,0
0,2,2,21
1,0,1,0
4,0,4,0
1,0,1,0
0,1,1,41
2,0,2,0
1,0,1,0
2,0,2,0
1,0,1,0
1,0,1,0
1,0,1,0
2,0,2,0
1,0,1,0
2,0,2,0
0,1,1,9
1,0,1,0
2,0,2,0
1,0,1,0
2,0,2,0
1,0,1,0
2,0,2,0
1,0,1,0
1,0,1,0
1,0,1,0
1,0,1,0
1,0,1,0
1,0,1,0
3,0,3,0
1,0,1,0
3,0,3,0
1,0,1,0
1,0,1,0
1,0,1,0
1,0,1,0
1,0,1,0
2,0,2,0
1,0,1,0
0,1,1,13
1,0,1,0
3,0,3,0
1,0,1,0
1,0,1,0
2,0,2,0
0,1,1,0
1,0,1,0
1,0,1,0
0,1,1,3
1,0,1,0
1,0,1,0
1,0,1,0
1,0,1,0
2,0,2,0
1,0,1,0
1,0,1,0
1,0,1,0
2,0,2,0
1,0,1,0
1,0,1,0
2,0,2,0
2,0,2,0
1,0,1,0
1,0,1,0
1,0,1,0
2,0,2,0
1,0,1,0
1,0,1,0
1,0,1,0
1,0,1,0
2,0,2,0
1,0,1,0
1,0,1,0
1,0,1,0
3,0,3,0
2,0,2,0
0,1,1,2
1,0,1,0
1,0,1,0
1,0,1,0
1,0,1,0
1,0,1,0
1,0,1,0
2,0,2,0
1,0,1,0
1,0,1,0
1,0,1,0
1,0,1,0
0,1,1,1
1,0,1,0
1,0,1,0
1,0,1,0
3,0,3,0
1,0,1,0
0,2,2,0
3,0,3,0
3,0,3,0
2,0,2,0
1,0,1,0
1,0,1,0
3,0,3,0
3,0,3,0
0,1,1,40
1,0,1,0
0,2,2,22
1,0,1,0
1,0,1,0
1,0,1,0
2,0,2,0
1,0,1,0
2,0,2,0
1,0,1,0
1,0,1,0
1,0,1,0
1,0,1,0
1,0,1,0
1,0,1,0
2,0,2,0
1,0,1,0
1,0,1,0
2,0,2,0
1,0,1,0
1,0,1,0
1,0,1,0
1,0,1,0
1,0,1,0
0,5,5,35
1,0,1,0
1,0,1,0
1,0,1,0
3,0,3,0
1,0,1,0
2,0,2,0
2,0,2,0
2,0,2,0
1,0,1,0
1,0,1,0
0,1,1,2
1,0,1,0
1,0,1,0
2,0,2,0
1,0,1,0
2,0,2,0
3,0,3,0
1,0,1,0
1,0,1,0
1,0,1,0
0,2,2,0
2,0,2,0
1,0,1,0
1,0,1,0
1,0,1,0
2,0,2,0
1,0,1,0
1,0,1,0
4,0,4,0
1,0,1,0
2,0,2,0
0,5,5,0
3,0,3,0
2,0,2,0
1,0,1,0
1,0,1,0
1,0,1,0
4,0,4,0
1,0,1,0
1,0,1,0
1,0,1,0
1,0,1,0
1,0,1,0
0,2,2,23
1,0,1,0
1,0,1,0
0,1,1,0
1,0,1,0
1,0,1,0
1,0,1,0
2,0,2,0
1,0,1,0
2,0,2,0
0,1,1,16
0,1,1,0
3,0,3,0
1,0,1,0
1,0,1,0
1,0,1,0
1,0,1,0
0,3,3,9
1,0,1,0
1,0,1,0
1,0,1,0
3,0,3,0
0,4,4,43
2,0,2,0
2,0,2,0
2,0,2,0
1,0,1,0
1,0,1,0
0,1,1,6
1,0,1,0
0,1,1,29
2,0,2,0
1,0,1,0
1,0,1,0
1,0,1,0
1,0,1,0
1,0,1,0
0,1,1,8
0,1,1,0
1,0,1,0
0,1,1,10
1,0,1,0
2,0,2,0
2,0,2,0
2,0,2,0
1,0,1,0
1,0,1,0
1,0,1,0
2,0,2,0
1,0,1,0
1,0,1,0
1,0,1,0
1,0,1,0
0,1,1,12
0,1,1,29
1,0,1,0
1,0,1,0
1,0,1,0
1,0,1,0
2,0,2,0
1,0,1,0
1,0,1,0
4,0,4,0
1,0,1,0
1,0,1,0
1,0,1,0
2,0,2,0
1,0,1,0
2,0,2,0
2,0,2,0
1,0,1,0
1,0,1,0
1,0,1,0
1,0,1,0
1,0,1,0
1,0,1,0
1,0,1,0
0,1,1,2
1,0,1,0
1,0,1,0
0,1,1,3
0,1,1,29
1,0,1,0
1,0,1,0
1,0,1,0
0,2,2,1
1,0,1,0
1,0,1,0
2,0,2,0
1,0,1,0
1,0,1,0
1,0,1,0
1,0,1,0
0,1,1,1
1,0,1,0
1,0,1,0
2,0,2,0
0,1,1,37
0,1,1,0
2,0,2,0
1,0,1,0
1,0,1,0
4,0,4,0
3,0,3,0
1,0,1,0
2,0,2,0
1,0,1,0
3,0,3,0
2,0,2,0
1,0,1,0
0,2,2,0
2,0,2,0
1,0,1,0
0,1,1,15
1,0,1,0
3,0,3,0
2,0,2,0
3,0,3,0
1,0,1,0
1,0,1,0
1,0,1,0
0,1,1,0
2,0,2,0
2,0,2,0
1,0,1,0
1,0,1,0
1,0,1,0
1,0,1,0
1,0,1,0
1,0,1,0
3,0,3,0
1,0,1,0
1,0,1,0
2,0,2,0
2,0,2,0
1,0,1,0
1,0,1,0
2,0,2,0
0,1,1,9
2,0,2,0
0,2,2,5
1,0,1,0
0,2,2,5
2,0,2,0
0,1,1,32
0,1,1,10
0,2,2,35
1,0,1,0
2,0,2,0
1,0,1,0
1,0,1,0
0,1,1,0
1,0,1,0
1,0,1,0
0,2,2,8
1,0,1,0
1,0,1,0
2,0,2,0
0,3,3,19
1,0,1,0
1,0,1,0
0,1,1,2
1,0,1,0
1,0,1,0
2,0,2,0
1,0,1,0
1,0,1,0
1,0,1,0
0,1,1,1
0,1,1,7
1,0,1,0
1,0,1,0
1,0,1,0
1,0,1,0
1,0,1,0
1,0,1,0
1,0,1,0
1,0,1,0
1,0,1,0
3,0,3,0
0,1,1,35
1,0,1,0
0,1,1,3
2,0,2,0
1,0,1,0
1,0,1,0
2,0,2,0
1,0,1,0
1,0,1,0
2,0,2,0
2,0,2,0
1,0,1,0
1,0,1,0
2,0,2,0
3,0,3,0
0,1,1,0
0,1,1,28
1,0,1,0
1,0,1,0
2,0,2,0
1,0,1,0
0,6,6,22
1,0,1,0
0,2,2,1
1,0,1,0
2,0,2,0
1,0,1,0
1,0,1,0
1,0,1,0
1,0,1,0
0,2,2,3
1,0,1,0
1,0,1,0
0,1,1,2
1,0,1,0
2,0,2,0
1,0,1,0
2,0,2,0
1,0,1,0
1,0,1,0
1,0,1,0
1,0,1,0
0,3,3,3
1,0,1,0
1,0,1,0
0,1,1,18
1,0,1,0
1,0,1,0
1,0,1,0
2,0,2,0
1,0,1,0
1,0,1,0
1,0,1,0
1,0,1,0
0,1,1,6
1,0,1,0
1,0,1,0
2,0,2,0
1,0,1,0
1,0,1,0
0,2,2,12
4,0,4,0
0,1,1,10
1,0,1,0
1,0,1,0
1,0,1,0
2,0,2,0
1,0,1,0
1,0,1,0
2,0,2,0
1,0,1,0
0,1,1,206
0,1,1,0
4,0,4,0
0,1,1,42
2,0,2,0
1,0,1,0
3,0,3,0
0,1,1,0
2,0,2,0
1,0,1,0
1,0,1,0
0,1,1,0
0,1,1,50
2,0,2,0
1,0,1,0
2,0,2,0
0,2,2,0
1,0,1,0
0,1,1,1
0,3,3,81
1,0,1,0
1,0,1,0
0,4,4,6
1,0,1,0
1,0,1,0
0,1,1,17
2,0,2,0
1,0,1,0
0,1,1,1
0,1,1,20
1,0,1,0
1,0,1,0
1,0,1,0
0,6,6,20
4,0,4,0
1,0,1,0
1,0,1,0
0,1,1,6
1,0,1,0
0,2,2,35
1,0,1,0
1,0,1,0
2,0,2,0
0,2,2,19
1,0,1,0
4,0,4,0
0,1,1,0
3,0,3,0
1,0,1,0
1,0,1,0
2,0,2,0
1,0,1,0
1,0,1,0
1,0,1,0
2,0,2,0
1,0,1,0
1,0,1,0
1,0,1,0
3,0,3,0
2,0,2,0
1,0,1,0
1,0,1,0
1,0,1,0
5,0,5,0
2,0,2,0
1,0,1,0
1,0,1,0
2,0,2,0
1,0,1,0
1,0,1,0
1,0,1,0
1,0,1,0
1,0,1,0
0,1,1,38
1,0,1,0
1,0,1,0
2,0,2,0
0,1,1,0
4,0,4,0
1,0,1,0
4,0,4,0
0,1,1,0
2,0,2,0
1,0,1,0
1,0,1,0
2,0,2,0
1,0,1,0
1,0,1,0
1,0,1,0
1,0,1,0
1,0,1,0
0,2,2,0
1,0,1,0
2,0,2,0
1,0,1,0
1,0,1,0
0,3,3,55
2,0,2,0
1,0,1,0
1,0,1,0
1,0,1,0
1,0,1,0
0,1,1,0
0,2,2,0
1,0,1,0
3,0,3,0
1,0,1,0
1,0,1,0
1,0,1,0
2,0,2,0
1,0,1,0
2,0,2,0
1,0,1,0
1,0,1,0
1,0,1,0
2,0,2,0
1,0,1,0
1,0,1,0
1,0,1,0
1,0,1,0
0,1,1,0
3,0,3,0
0,1,1,10
1,0,1,0
1,0,1,0
1,0,1,0
1,0,1,0
0,1,1,10
3,0,3,0
1,0,1,0
2,0,2,0
2,0,2,0
1,0,1,0
1,0,1,0
1,0,1,0
0,3,3,0
2,0,2,0
0,1,1,3
1,0,1,0
0,2,2,5
3,0,3,0
1,0,1,0
0,1,1,21
1,0,1,0
1,0,1,0
1,0,1,0
0,1,1,25
1,0,1,0
1,0,1,0
1,0,1,0
0,1,1,4
1,0,1,0
1,0,1,0
1,0,1,0
1,0,1,0
0,2,2,0
1,0,1,0
4,0,4,0
1,0,1,0
0,2,2,65
0,2,2,25
1,0,1,0
1,0,1,0
1,0,1,0
1,0,1,0
1,0,1,0
0,1,1,1
0,1,1,32
2,0,2,0
2,0,2,0
1,0,1,0
1,0,1,0
1,0,1,0
2,0,2,0
2,0,2,0
2,0,2,0
3,0,3,0
1,0,1,0
0,1,1,274
0,1,1,1
0,3,3,10
1,0,1,0
0,1,1,10
0,3,3,0
0,2,2,2
1,0,1,0
1,0,1,0
1,0,1,0
1,0,1,0
1,0,1,0
1,0,1,0
1,0,1,0
1,0,1,0
1,0,1,0
1,0,1,0
1,0,1,0
0,1,1,9
3,0,3,0
1,0,1,0
0,1,1,0
3,0,3,0
4,0,4,0
1,0,1,0
2,0,2,0
1,0,1,0
1,0,1,0
1,0,1,0
3,0,3,0
1,0,1,0
0,1,1,0
1,0,1,0
1,0,1,0
1,0,1,0
1,0,1,0
1,0,1,0
1,0,1,0
2,0,2,0
1,0,1,0
0,1,1,1
2,0,2,0
1,0,1,0
1,0,1,0
1,0,1,0
1,0,1,0
3,0,3,0
1,0,1,0
2,0,2,0
1,0,1,0
1,0,1,0
2,0,2,0
3,0,3,0
1,0,1,0
0,5,5,2
1,0,1,0
1,0,1,0
2,0,2,0
1,0,1,0
0,4,4,20
1,0,1,0
1,0,1,0
1,0,1,0
1,0,1,0
0,1,1,1
0,2,2,10
1,0,1,0
1,0,1,0
0,1,1,8
1,0,1,0
1,0,1,0
2,0,2,0
1,0,1,0
0,1,1,18
1,0,1,0
2,0,2,0
1,0,1,0
1,0,1,0
1,0,1,0
1,0,1,0
1,0,1,0
1,0,1,0
1,0,1,0
3,0,3,0
1,0,1,0
3,0,3,0
2,0,2,0
0,1,1,0
1,0,1,0
1,0,1,0
4,0,4,0
1,0,1,0
1,0,1,0
1,0,1,0
2,0,2,0
1,0,1,0
0,1,1,8
2,0,2,0
1,0,1,0
1,0,1,0
0,1,1,69
1,0,1,0
1,0,1,0
1,0,1,0
1,0,1,0
2,0,2,0
1,0,1,0
1,0,1,0
1,0,1,0
3,0,3,0
3,0,3,0
0,1,1,3
1,0,1,0
0,2,2,1
1,0,1,0
1,0,1,0
2,0,2,0
3,0,3,0
1,0,1,0
1,0,1,0
0,2,2,2
1,0,1,0
2,0,2,0
1,0,1,0
1,0,1,0
1,0,1,0
1,0,1,0
1,0,1,0
2,0,2,0
0,2,2,0
1,0,1,0
3,0,3,0
1,0,1,0
0,2,2,39
0,1,1,65
1,0,1,0
2,0,2,0
1,0,1,0
1,0,1,0
1,0,1,0
1,0,1,0
1,0,1,0
1,0,1,0
1,0,1,0
1,0,1,0
0,2,2,16
2,0,2,0
5,0,5,0
0,3,3,53
1,0,1,0
1,0,1,0
3,0,3,0
1,0,1,0
1,0,1,0
5,0,5,0
5,0,5,0
2,0,2,0
2,0,2,0
1,0,1,0
2,0,2,0
1,0,1,0
1,0,1,0
1,0,1,0
1,0,1,0
2,0,2,0
1,0,1,0
1,0,1,0
2,0,2,0
1,0,1,0
1,0,1,0
1,0,1,0
1,0,1,0
2,0,2,0
1,0,1,0
1,0,1,0
3,0,3,0
1,0,1,0
1,0,1,0
1,0,1,0
1,0,1,0
1,0,1,0
1,0,1,0
1,0,1,0
0,1,1,2
0,1,1,13
0,2,2,2
4,0,4,0
1,0,1,0
4,0,4,0
3,0,3,0
0,1,1,3
0,1,1,3
3,0,3,0
2,0,2,0
2,0,2,0
1,0,1,0
2,0,2,0
5,0,5,0
2,0,2,0
1,0,1,0
1,0,1,0
1,0,1,0
1,0,1,0
1,0,1,0
1,0,1,0
2,0,2,0
1,0,1,0
0,3,3,3
1,0,1,0
2,0,2,0
1,0,1,0
1,0,1,0
1,0,1,0
2,0,2,0
1,0,1,0
3,0,3,0
1,0,1,0
2,0,2,0
1,0,1,0
1,0,1,0
1,0,1,0
1,0,1,0
1,0,1,0
1,0,1,0
1,0,1,0
1,0,1,0
2,0,2,0
1,0,1,0
1,0,1,0
1,0,1,0
1,0,1,0
1,0,1,0
2,0,2,0
0,1,1,10
1,0,1,0
0,4,4,58
0,4,4,28
1,0,1,0
1,0,1,0
2,0,2,0
5,0,5,0
4,0,4,0
1,0,1,0
1,0,1,0
1,0,1,0
1,0,1,0
2,0,2,0
1,0,1,0
1,0,1,0
1,0,1,0
1,0,1,0
1,0,1,0
1,0,1,0
1,0,1,0
1,0,1,0
1,0,1,0
1,0,1,0
1,0,1,0
1,0,1,0
1,0,1,0
1,0,1,0
1,0,1,0
1,0,1,0
1,0,1,0
0,1,1,44
1,0,1,0
1,0,1,0
3,0,3,0
1,0,1,0
1,0,1,0
1,0,1,0
2,0,2,0
1,0,1,0
1,0,1,0
1,0,1,0
1,0,1,0
0,1,1,15
1,0,1,0
1,0,1,0
1,0,1,0
1,0,1,0
1,0,1,0
2,0,2,0
1,0,1,0
1,0,1,0
1,0,1,0
1,0,1,0
1,0,1,0
1,0,1,0
1,0,1,0
1,0,1,0
4,0,4,0
1,0,1,0
1,0,1,0
0,2,2,28
1,0,1,0
2,0,2,0
1,0,1,0
1,0,1,0
2,0,2,0
1,0,1,0
2,0,2,0
0,2,2,10
2,0,2,0
0,1,1,91
1,0,1,0
2,0,2,0
1,0,1,0
1,0,1,0
1,0,1,0
1,0,1,0
2,0,2,0
1,0,1,0
1,0,1,0
1,0,1,0
1,0,1,0
2,0,2,0
3,0,3,0
0,1,1,4
3,0,3,0
1,0,1,0
0,1,1,3
1,0,1,0
1,0,1,0
0,1,1,0
1,0,1,0
1,0,1,0
0,1,1,1
1,0,1,0
1,0,1,0
2,0,2,0
1,0,1,0
1,0,1,0
1,0,1,0
1,0,1,0
1,0,1,0
0,2,2,0
1,0,1,0
1,0,1,0
1,0,1,0
1,0,1,0
2,0,2,0
1,0,1,0
0,1,1,4
1,0,1,0
2,0,2,0
1,0,1,0
2,0,2,0
3,0,3,0
0,3,3,20
1,0,1,0
2,0,2,0
1,0,1,0
1,0,1,0
1,0,1,0
1,0,1,0
1,0,1,0
0,1,1,104
2,0,2,0
2,0,2,0
1,0,1,0
7,0,7,0
2,0,2,0
1,0,1,0
1,0,1,0
1,0,1,0
2,0,2,0
2,0,2,0
6,0,6,0
3,0,3,0
1,0,1,0
3,0,3,0
2,0,2,0
1,0,1,0
1,0,1,0
1,0,1,0
1,0,1,0
1,0,1,0
2,0,2,0
4,0,4,0
1,0,1,0
2,0,2,0
1,0,1,0
1,0,1,0
1,0,1,0
1,0,1,0
1,0,1,0
2,0,2,0
1,0,1,0
0,1,1,20
0,2,2,1
6,0,6,0
1,0,1,0
1,0,1,0
0,3,3,5
1,0,1,0
1,0,1,0
3,0,3,0
1,0,1,0
1,0,1,0
0,3,3,43
1,0,1,0
0,1,1,10
1,0,1,0
2,0,2,0
0,1,1,23
0,1,1,0
0,3,3,27
1,0,1,0
2,0,2,0
1,0,1,0
1,0,1,0
2,0,2,0
1,0,1,0
0,1,1,3
1,0,1,0
1,0,1,0
2,0,2,0
1,0,1,0
0,1,1,0
2,0,2,0
1,0,1,0
1,0,1,0
2,0,2,0
2,0,2,0
1,0,1,0
1,0,1,0
2,0,2,0
2,0,2,0
1,0,1,0
1,0,1,0
0,1,1,0
1,0,1,0
1,0,1,0
2,0,2,0
1,0,1,0
1,0,1,0
1,0,1,0
2,0,2,0
1,0,1,0
1,0,1,0
1,0,1,0
1,0,1,0
1,0,1,0
0,3,3,4
1,0,1,0
1,0,1,0
0,2,2,6
3,0,3,0
3,0,3,0
3,0,3,0
1,0,1,0
0,2,2,11
1,0,1,0
1,0,1,0
1,0,1,0
1,0,1,0
0,2,2,13
1,0,1,0
1,0,1,0
1,0,1,0
0,1,1,0
1,0,1,0
1,0,1,0
3,0,3,0
0,1,1,1
0,1,1,5
1,0,1,0
0,2,2,23
1,0,1,0
1,0,1,0
1,0,1,0
0,1,1,9
0,1,1,9
1,0,1,0
2,0,2,0
1,0,1,0
2,0,2,0
1,0,1,0
2,0,2,0
1,0,1,0
3,0,3,0
0,1,1,32
1,0,1,0
0,3,3,11
1,0,1,0
3,0,3,0
1,0,1,0
2,0,2,0
1,0,1,0
0,2,2,0
1,0,1,0
0,3,3,6
2,0,2,0
1,0,1,0
1,0,1,0
0,2,2,0
3,0,3,0
1,0,1,0
1,0,1,0
1,0,1,0
0,2,2,9
2,0,2,0
1,0,1,0
4,0,4,0
1,0,1,0
1,0,1,0
1,0,1,0
0,2,2,3
1,0,1,0
0,1,1,0
1,0,1,0
1,0,1,0
1,0,1,0
1,0,1,0
1,0,1,0
1,0,1,0
1,0,1,0
1,0,1,0
1,0,1,0
1,0,1,0
1,0,1,0
2,0,2,0
1,0,1,0
1,0,1,0
1,0,1,0
0,1,1,4
0,1,1,1
1,0,1,0
1,0,1,0
1,0,1,0
2,0,2,0
1,0,1,0
0,1,1,46
1,0,1,0
1,0,1,0
0,1,1,15
1,0,1,0
1,0,1,0
2,0,2,0
1,0,1,0
1,0,1,0
0,1,1,18
1,0,1,0
1,0,1,0
0,2,2,9
1,0,1,0
3,0,3,0
2,0,2,0
0,1,1,51
1,0,1,0
0,2,2,0
1,0,1,0
1,0,1,0
3,0,3,0
3,0,3,0
0,1,1,37
1,0,1,0
1,0,1,0
0,3,3,1
1,0,1,0
3,0,3,0
1,0,1,0
1,0,1,0
1,0,1,0
1,1,2,0
2,0,2,0
1,0,1,0
1,0,1,0
1,0,1,0
1,0,1,0
1,0,1,0
1,0,1,0
1,0,1,0
0,1,1,1
1,0,1,0
0,2,2,1
2,0,2,0
0,1,1,12
1,0,1,0
1,0,1,0
1,0,1,0
3,0,3,0
0,1,1,2
1,0,1,0
2,0,2,0
0,1,1,23
1,0,1,0
1,0,1,0
0,3,3,8
1,0,1,0
0,1,1,39
1,0,1,0
1,0,1,0
2,0,2,0
0,1,1,1
2,0,2,0
2,0,2,0
1,0,1,0
2,0,2,0
1,0,1,0
1,0,1,0
1,0,1,0
1,0,1,0
0,6,6,4
1,0,1,0
1,0,1,0
1,0,1,0
3,0,3,0
2,0,2,0
1,0,1,0
2,0,2,0
0,1,1,2
2,0,2,0
1,0,1,0
1,0,1,0
3,0,3,0
0,2,2,38
0,3,3,0
1,0,1,0
1,0,1,0
1,0,1,0
1,0,1,0
1,0,1,0
1,0,1,0
1,0,1,0
2,0,2,0
1,0,1,0
1,0,1,0
1,0,1,0
1,0,1,0
1,0,1,0
1,0,1,0
1,0,1,0
6,0,6,0
1,0,1,0
5,0,5,0
1,0,1,0
0,2,2,15
0,2,2,4
2,0,2,0
3,0,3,0
0,2,2,4
6,0,6,0
1,0,1,0
1,0,1,0
2,0,2,0
2,0,2,0
1,0,1,0
2,0,2,0
1,0,1,0
1,0,1,0
1,0,1,0
0,1,1,17
1,0,1,0
1,0,1,0
1,0,1,0
1,0,1,0
1,0,1,0
0,1,1,34
2,0,2,0
0,1,1,4
2,0,2,0
1,0,1,0
1,0,1,0
1,0,1,0
1,0,1,0
1,0,1,0
2,0,2,0
1,0,1,0
1,0,1,0
1,0,1,0
1,0,1,0
3,0,3,0
2,0,2,0
1,0,1,0
1,0,1,0
1,0,1,0
1,0,1,0
1,0,1,0
1,0,1,0
1,0,1,0
1,0,1,0
1,0,1,0
1,0,1,0
0,1,1,0
1,0,1,0
1,0,1,0
0,1,1,2
2,0,2,0
1,0,1,0
2,0,2,0
2,0,2,0
1,0,1,0
1,0,1,0
0,1,1,1
1,0,1,0
2,0,2,0
1,0,1,0
1,0,1,0
1,0,1,0
1,0,1,0
1,0,1,0
1,0,1,0
1,0,1,0
0,1,1,0
1,0,1,0
2,0,2,0
1,0,1,0
1,0,1,0
2,0,2,0
0,1,1,15
3,0,3,0
1,0,1,0
1,0,1,0
1,0,1,0
1,0,1,0
1,0,1,0
1,0,1,0
1,0,1,0
3,0,3,0
2,0,2,0
1,0,1,0
1,0,1,0
1,0,1,0
0,1,1,3
0,1,1,1
1,0,1,0
2,0,2,0
1,0,1,0
0,1,1,53
1,0,1,0
1,0,1,0
1,0,1,0
1,0,1,0
1,0,1,0
1,0,1,0
1,0,1,0
0,1,1,60
2,0,2,0
1,0,1,0
1,0,1,0
3,0,3,0
2,0,2,0
1,0,1,0
0,1,1,11
1,0,1,0
2,0,2,0
0,1,1,14
0,1,1,48
2,0,2,0
1,0,1,0
1,0,1,0
0,1,1,69
1,0,1,0
1,0,1,0
1,0,1,0
1,0,1,0
1,0,1,0
1,0,1,0
1,0,1,0
1,0,1,0
0,2,2,0
0,1,1,2
0,1,1,0
2,0,2,0
1,0,1,0
3,0,3,0
1,0,1,0
1,0,1,0
2,0,2,0
1,0,1,0
3,0,3,0
0,1,1,8
0,1,1,42
0,4,4,0
1,0,1,0
2,0,2,0
1,0,1,0
2,0,2,0
2,0,2,0
1,0,1,0
1,0,1,0
0,1,1,5
0,1,1,7
1,0,1,0
1,0,1,0
2,0,2,0
1,0,1,0
1,0,1,0
2,0,2,0
3,0,3,0
1,0,1,0
1,0,1,0
2,0,2,0
1,0,1,0
1,0,1,0
0,1,1,0
2,0,2,0
1,0,1,0
1,0,1,0
1,0,1,0
1,0,1,0
1,0,1,0
1,0,1,0
1,0,1,0
1,0,1,0
1,0,1,0
1,0,1,0
2,0,2,0
1,0,1,0
1,0,1,0
1,0,1,0
1,0,1,0
2,0,2,0
1,0,1,0
0,3,3,2
0,1,1,0
3,0,3,0
4,0,4,0
0,1,1,32
1,0,1,0
2,0,2,0
1,0,1,0
1,0,1,0
0,2,2,0
0,2,2,19
1,0,1,0
0,1,1,2
1,0,1,0
1,0,1,0
1,0,1,0
1,0,1,0
2,0,2,0
1,0,1,0
2,0,2,0
1,0,1,0
1,0,1,0
0,1,1,0
1,0,1,0
3,0,3,0
0,1,1,4
1,0,1,0
1,0,1,0
0,2,2,9
2,0,2,0
1,0,1,0
0,2,2,0
1,0,1,0
2,0,2,0
1,0,1,0
2,0,2,0
0,1,1,2
1,0,1,0
1,0,1,0
1,0,1,0
0,1,1,58
1,0,1,0
1,0,1,0
4,0,4,0
1,0,1,0
1,0,1,0
1,0,1,0
1,0,1,0
0,1,1,12
2,0,2,0
1,0,1,0
0,1,1,1
3,0,3,0
1,0,1,0
1,0,1,0
1,0,1,0
2,0,2,0
1,0,1,0
1,0,1,0
3,0,3,0
1,0,1,0
1,0,1,0
1,0,1,0
2,0,2,0
1,0,1,0
0,2,2,51
2,0,2,0
1,0,1,0
1,0,1,0
1,0,1,0
1,0,1,0
1,0,1,0
1,0,1,0
2,0,2,0
2,0,2,0
1,0,1,0
0,5,5,6
1,0,1,0
1,0,1,0
1,0,1,0
1,0,1,0
1,0,1,0
2,0,2,0
1,0,1,0
1,0,1,0
1,0,1,0
0,1,1,4
1,0,1,0
1,0,1,0
0,2,2,1
1,0,1,0
1,0,1,0
1,0,1,0
0,1,1,0
1,0,1,0
1,0,1,0
1,0,1,0
1,0,1,0
1,0,1,0
1,0,1,0
1,0,1,0
2,0,2,0
1,0,1,0
1,0,1,0
1,0,1,0
1,0,1,0
1,0,1,0
1,0,1,0
1,0,1,0
1,0,1,0
1,0,1,0
1,0,1,0
1,0,1,0
1,0,1,0
1,0,1,0
2,0,2,0
0,1,1,0
1,0,1,0
1,0,1,0
1,0,1,0
2,0,2,0
1,0,1,0
4,0,4,0
1,0,1,0
1,0,1,0
2,0,2,0
1,0,1,0
0,1,1,4
3,0,3,0
0,1,1,11
2,0,2,0
1,0,1,0
0,4,4,19
1,0,1,0
2,0,2,0
0,1,1,0
1,0,1,0
4,0,4,0
0,2,2,75
1,0,1,0
1,0,1,0
1,0,1,0
1,0,1,0
3,0,3,0
2,0,2,0
3,0,3,0
0,2,2,1
1,0,1,0
1,0,1,0
0,1,1,1
3,0,3,0
2,0,2,0
5,0,5,0
1,0,1,0
0,1,1,3
3,0,3,0
0,1,1,16
1,0,1,0
1,0,1,0
2,0,2,0
1,0,1,0
4,0,4,0
2,0,2,0
1,0,1,0
2,0,2,0
6,0,6,0
0,2,2,1
1,0,1,0
1,0,1,0
1,0,1,0
2,0,2,0
3,0,3,0
1,0,1,0
0,1,1,0
1,0,1,0
1,0,1,0
1,0,1,0
2,0,2,0
1,0,1,0
1,0,1,0
0,1,1,3
0,1,1,55
3,0,3,0
3,0,3,0
0,1,1,4
1,0,1,0
1,0,1,0
3,0,3,0
1,0,1,0
1,0,1,0
0,1,1,1
1,0,1,0
2,0,2,0
1,0,1,0
0,1,1,134
1,0,1,0
1,0,1,0
1,0,1,0
1,0,1,0
7,0,7,0
3,0,3,0
1,0,1,0
0,1,1,1
0,1,1,0
0,1,1,14
1,0,1,0
0,1,1,43
1,0,1,0
1,0,1,0
0,1,1,12
1,0,1,0
2,0,2,0
0,1,1,27
1,0,1,0
0,1,1,30
1,0,1,0
1,0,1,0
3,0,3,0
1,0,1,0
1,0,1,0
1,0,1,0
2,0,2,0
1,0,1,0
1,0,1,0
1,0,1,0
0,1,1,6
2,0,2,0
0,1,1,13
1,0,1,0
0,1,1,28
2,0,2,0
1,0,1,0
3,0,3,0
1,0,1,0
1,0,1,0
1,0,1,0
0,3,3,13
1,0,1,0
9,0,9,0
2,0,2,0
0,1,1,69
1,0,1,0
0,1,1,19
1,0,1,0
1,0,1,0
1,0,1,0
1,0,1,0
1,0,1,0
1,0,1,0
2,0,2,0
2,0,2,0
1,0,1,0
2,0,2,0
1,0,1,0
1,0,1,0
0,2,2,9
3,0,3,0
1,0,1,0
0,1,1,5
1,0,1,0
1,0,1,0
1,0,1,0
1,0,1,0
3,0,3,0
3,0,3,0
1,0,1,0
2,0,2,0
1,0,1,0
2,0,2,0
2,0,2,0
1,0,1,0
1,0,1,0
1,0,1,0
1,0,1,0
1,0,1,0
1,0,1,0
2,0,2,0
1,0,1,0
1,0,1,0
1,0,1,0
1,0,1,0
2,0,2,0
1,0,1,0
2,0,2,0
1,0,1,0
1,0,1,0
0,1,1,17
2,0,2,0
1,0,1,0
1,0,1,0
1,0,1,0
0,1,1,1
1,0,1,0
0,4,4,61
1,0,1,0
0,9,9,16
0,3,3,13
1,0,1,0
1,0,1,0
0,1,1,9
1,0,1,0
2,0,2,0
1,0,1,0
1,0,1,0
1,0,1,0
2,0,2,0
1,0,1,0
1,0,1,0
1,0,1,0
1,0,1,0
1,0,1,0
2,0,2,0
1,0,1,0
1,0,1,0
2,0,2,0
2,0,2,0
2,0,2,0
3,0,3,0
1,0,1,0
2,0,2,0
1,0,1,0
1,0,1,0
1,0,1,0
1,0,1,0
1,0,1,0
0,1,1,8
1,0,1,0
0,1,1,3
0,1,1,4
1,0,1,0
1,0,1,0
1,0,1,0
1,0,1,0
1,0,1,0
1,0,1,0
0,1,1,34
0,1,1,5
2,0,2,0
1,0,1,0
2,0,2,0
1,0,1,0
1,0,1,0
1,0,1,0
1,0,1,0
1,0,1,0
5,0,5,0
0,1,1,4
1,0,1,0
1,0,1,0
0,1,1,1
3,0,3,0
2,0,2,0
0,1,1,6
2,0,2,0
1,0,1,0
0,2,2,3
1,0,1,0
0,1,1,5
1,0,1,0
1,0,1,0
2,0,2,0
1,0,1,0
2,0,2,0
1,0,1,0
1,0,1,0
2,0,2,0
1,0,1,0
1,0,1,0
2,0,2,0
1,0,1,0
1,0,1,0
1,0,1,0
1,0,1,0
0,1,1,38
1,0,1,0
0,2,2,1
2,0,2,0
1,0,1,0
1,0,1,0
1,0,1,0
1,0,1,0
2,0,2,0
1,0,1,0
2,0,2,0
0,2,2,2
1,0,1,0
4,0,4,0
2,0,2,0
7,0,7,0
1,0,1,0
1,0,1,0
0,2,2,2
3,0,3,0
0,7,7,24
1,0,1,0
1,0,1,0
0,1,1,0
0,1,1,0
2,0,2,0
1,0,1,0
0,1,1,1
2,0,2,0
0,1,1,17
1,0,1,0
3,0,3,0
0,2,2,5
1,0,1,0
1,0,1,0
1,0,1,0
1,0,1,0
3,0,3,0
1,0,1,0
1,0,1,0
0,2,2,10
1,0,1,0
1,0,1,0
1,0,1,0
1,0,1,0
1,0,1,0
1,0,1,0
1,0,1,0
1,0,1,0
1,0,1,0
1,0,1,0
1,0,1,0
1,0,1,0
2,0,2,0
0,1,1,2
2,0,2,0
0,1,1,185
1,0,1,0
1,0,1,3
1,0,1,0
1,0,1,0
1,0,1,0
1,0,1,0
3,0,3,0
1,0,1,0
2,0,2,0
3,0,3,0
1,0,1,0
3,0,3,0
0,1,1,0
2,0,2,0
1,0,1,0
1,0,1,0
1,0,1,0
1,0,1,0
1,0,1,0
1,0,1,0
2,0,2,0
1,0,1,0
1,0,1,0
2,0,2,0
1,0,1,0
1,0,1,0
1,0,1,0
2,0,2,0
1,0,1,0
1,0,1,0
2,0,2,0
2,0,2,0
1,0,1,0
1,0,1,0
4,0,4,0
3,0,3,0
1,0,1,0
1,0,1,0
0,1,1,59
1,0,1,0
1,0,1,0
0,1,1,0
2,0,2,0
1,0,1,0
3,0,3,0
2,0,2,0
1,0,1,0
1,0,1,0
1,0,1,0
0,1,1,0
1,0,1,0
1,0,1,0
1,0,1,0
1,0,1,0
0,2,2,27
2,0,2,0
2,0,2,0
3,0,3,0
1,0,1,0
1,0,1,0
1,0,1,0
1,0,1,0
0,1,1,1
1,0,1,0
1,0,1,0
1,0,1,0
3,0,3,0
2,0,2,0
2,0,2,0
1,0,1,0
1,0,1,0
6,0,6,0
1,0,1,0
1,0,1,0
2,0,2,0
2,0,2,0
1,0,1,0
0,4,4,7
1,0,1,0
3,0,3,0
3,0,3,0
1,0,1,0
1,0,1,0
2,0,2,0
2,0,2,0
1,0,1,0
1,0,1,0
0,3,3,6
1,0,1,0
1,0,1,0
1,0,1,0
1,0,1,0
1,0,1,0
0,1,1,93
1,0,1,0
0,1,1,15
2,0,2,0
1,0,1,0
1,0,1,0
1,0,1,0
2,0,2,0
1,0,1,0
1,0,1,0
0,1,1,13
1,0,1,0
1,0,1,0
1,0,1,0
1,0,1,0
0,1,1,5
1,0,1,0
1,0,1,0
1,0,1,0
1,0,1,0
1,0,1,0
1,0,1,0
2,0,2,0
0,1,1,5
2,0,2,0
1,0,1,0
1,0,1,0
1,0,1,0
1,0,1,0
3,0,3,0
1,0,1,0
2,0,2,0
1,0,1,0
1,0,1,0
2,0,2,0
1,0,1,0
4,0,4,0
1,0,1,0
5,0,5,0
0,1,1,0
0,2,2,1
1,0,1,0
1,0,1,0
1,0,1,0
1,0,1,0
5,0,5,0
1,0,1,0
3,0,3,0
2,0,2,0
2,0,2,0
1,0,1,0
2,0,2,0
1,0,1,0
1,0,1,0
5,0,5,0
1,0,1,0
2,0,2,0
1,0,1,0
0,3,3,72
1,0,1,0
1,0,1,0
2,0,2,0
0,3,3,3
4,0,4,0
2,0,2,0
1,0,1,0
2,0,2,0
1,0,1,0
0,1,1,22
2,0,2,0
2,0,2,0
1,0,1,0
1,0,1,0
2,0,2,0
4,0,4,0
1,0,1,0
1,0,1,0
1,0,1,0
1,0,1,0
1,0,1,0
1,0,1,0
1,0,1,0
3,0,3,0
1,0,1,0
1,0,1,0
0,2,2,3
1,0,1,0
1,0,1,0
1,0,1,0
1,0,1,0
1,0,1,0
1,0,1,0
1,0,1,0
3,0,3,0
2,0,2,0
1,0,1,0
1,0,1,0
4,0,4,0
1,0,1,0
1,0,1,0
2,0,2,0
0,1,1,135
2,0,2,0
1,0,1,0
1,0,1,0
1,0,1,0
2,0,2,0
1,0,1,0
0,1,1,21
1,0,1,0
1,0,1,0
1,0,1,0
2,0,2,0
1,0,1,0
1,0,1,0
1,0,1,0
1,0,1,0
1,0,1,0
1,0,1,0
1,0,1,0
1,0,1,0
1,0,1,0
1,0,1,0
1,0,1,0
2,0,2,0
1,0,1,0
1,0,1,0
1,0,1,0
1,0,1,0
1,0,1,0
0,2,2,79
1,0,1,0
0,3,3,1
1,0,1,0
2,0,2,0
1,0,1,0
1,0,1,0
4,0,4,0
0,1,1,27
2,0,2,0
1,0,1,0
0,2,2,40
0,1,1,0
1,0,1,0
0,5,5,3
2,0,2,0
1,0,1,0
2,0,2,0
0,1,1,0
1,0,1,0
1,0,1,0
1,0,1,0
1,0,1,0
1,0,1,0
1,0,1,0
1,0,1,0
1,0,1,0
2,0,2,0
1,0,1,0
1,0,1,0
1,0,1,0
1,0,1,0
1,0,1,0
1,0,1,0
1,0,1,0
1,0,1,0
1,0,1,0
4,0,4,0
1,0,1,0
3,0,3,0
1,0,1,0
1,0,1,0
1,0,1,0
5,0,5,0
2,0,2,0
1,0,1,0
7,0,7,0
1,0,1,0
0,3,3,8
1,0,1,0
1,0,1,0
0,1,1,3
1,0,1,0
1,0,1,0
1,0,1,0
2,0,2,0
1,0,1,0
1,0,1,0
0,1,1,63
2,0,2,0
1,0,1,0
0,1,1,60
1,0,1,0
1,0,1,0
4,0,4,0
1,0,1,0
1,0,1,0
1,0,1,0
1,0,1,0
2,0,2,0
1,0,1,0
0,1,1,0
1,0,1,0
2,0,2,0
1,0,1,0
1,0,1,0
1,0,1,0
1,0,1,0
1,0,1,0
0,2,2,0
1,0,1,0
3,0,3,0
3,0,3,0
1,0,1,0
3,0,3,0
3,0,3,0
1,0,1,0
1,0,1,0
1,0,1,0
1,0,1,0
1,0,1,0
1,0,1,0
0,1,1,1
1,0,1,0
1,0,1,0
1,0,1,0
0,1,1,53
3,0,3,0
1,0,1,0
1,0,1,0
2,0,2,0
1,0,1,0
1,0,1,0
1,0,1,0
2,0,2,0
1,0,1,0
1,0,1,0
0,1,1,12
1,0,1,0
1,0,1,0
1,0,1,0
1,0,1,0
1,0,1,0
2,0,2,0
2,0,2,0
1,0,1,0
4,0,4,0
3,0,3,0
0,2,2,3
1,0,1,0
1,0,1,0
1,0,1,0
2,0,2,0
1,0,1,0
0,1,1,2
1,0,1,0
1,0,1,0
1,0,1,0
1,0,1,0
1,0,1,0
1,0,1,0
0,1,1,3
0,1,1,0
1,0,1,0
2,0,2,0
1,0,1,0
1,0,1,0
1,0,1,0
2,0,2,0
0,1,1,0
1,0,1,0
3,0,3,0
3,0,3,0
1,0,1,0
1,0,1,0
1,0,1,0
3,0,3,0
3,0,3,0
1,0,1,0
2,0,2,0
1,0,1,0
1,0,1,0
2,0,2,0
1,0,1,0
1,0,1,0
1,0,1,0
3,0,3,0
1,0,1,0
1,0,1,0
2,0,2,0
2,0,2,0
0,1,1,6
1,0,1,0
3,0,3,0
0,3,3,21
0,1,1,5
2,0,2,0
4,0,4,0
3,0,3,0
1,0,1,0
0,1,1,5
2,0,2,0
2,0,2,0
2,0,2,0
0,1,1,76
1,0,1,0
2,0,2,0
1,0,1,0
0,1,1,11
1,0,1,0
1,0,1,0
3,0,3,0
1,0,1,0
1,0,1,0
1,0,1,0
1,0,1,0
1,0,1,0
1,0,1,0
1,0,1,0
2,0,2,0
4,0,4,0
1,0,1,0
0,1,1,18
1,0,1,0
1,0,1,0
2,0,2,0
2,0,2,0
3,0,3,0
1,0,1,0
1,0,1,0
1,0,1,0
1,0,1,0
1,0,1,0
1,0,1,0
1,0,1,0
0,2,2,3
1,0,1,0
1,0,1,0
2,0,2,0
0,1,1,0
1,0,1,0
3,0,3,0
1,0,1,0
1,0,1,0
2,0,2,0
0,1,1,3
0,1,1,2
2,0,2,0
4,0,4,0
1,0,1,0
2,0,2,0
1,0,1,0
1,0,1,0
0,1,1,1
1,0,1,0
2,0,2,0
1,0,1,0
1,0,1,0
2,0,2,0
1,0,1,0
1,0,1,0
0,1,1,37
1,0,1,0
2,0,2,0
1,0,1,0
1,0,1,0
2,0,2,0
1,0,1,0
1,0,1,0
2,0,2,0
1,0,1,0
0,1,1,20
1,0,1,0
0,2,2,2
1,0,1,0
1,0,1,0
1,0,1,0
1,0,1,0
1,0,1,0
2,0,2,0
1,0,1,0
1,0,1,0
1,0,1,0
1,0,1,0
3,0,3,0
2,0,2,0
1,0,1,0
1,0,1,0
3,0,3,0
0,1,1,3
2,0,2,0
1,0,1,0
3,0,3,0
2,0,2,0
1,0,1,0
1,0,1,0
1,0,1,0
0,1,1,3
1,0,1,0
1,0,1,0
1,0,1,0
0,1,1,9
1,0,1,0
0,1,1,19
0,2,2,9
1,0,1,0
0,1,1,0
1,0,1,0
1,0,1,0
2,0,2,0
1,0,1,0
1,0,1,0
1,0,1,0
1,0,1,0
1,0,1,0
1,0,1,0
1,0,1,0
1,0,1,0
3,0,3,0
0,2,2,54
4,0,4,0
1,0,1,0
0,2,2,7
1,0,1,0
1,0,1,0
0,1,1,0
0,1,1,10
0,4,4,2
1,0,1,0
0,1,1,43
1,0,1,0
1,0,1,0
0,3,3,46
2,0,2,0
1,0,1,0
1,0,1,0
0,2,2,43
1,0,1,0
1,0,1,0
0,1,1,10
1,0,1,0
1,0,1,0
1,0,1,0
1,0,1,0
1,0,1,0
3,0,3,0
1,0,1,0
2,0,2,0
2,0,2,0
1,0,1,0
1,0,1,0
1,0,1,0
2,0,2,0
0,1,1,221
1,0,1,0
0,1,1,4
0,1,1,1
1,0,1,0
2,0,2,0
1,0,1,0
1,0,1,0
0,1,1,28
1,0,1,0
1,0,1,0
0,3,3,79
1,0,1,0
0,1,1,30
0,1,1,0
1,0,1,0
0,1,1,94
2,0,2,0
1,0,1,0
1,0,1,0
1,0,1,0
1,0,1,0
1,0,1,0
1,0,1,0
1,0,1,0
1,0,1,0
2,0,2,0
1,0,1,0
0,1,1,8
0,2,2,43
1,0,1,0
1,0,1,0
1,0,1,0
0,1,1,3
1,0,1,0
4,0,4,0
1,0,1,0
1,0,1,0
1,0,1,0
1,0,1,0
2,0,2,0
2,0,2,0
2,0,2,0
2,0,2,0
1,0,1,0
1,0,1,0
2,0,2,0
1,0,1,0
2,0,2,0
2,0,2,0
1,0,1,0
2,0,2,0
4,0,4,0
3,0,3,0
5,0,5,0
1,0,1,0
3,0,3,0
0,1,1,4
1,0,1,0
1,0,1,0
2,0,2,0
1,0,1,0
4,0,4,0
1,0,1,0
1,0,1,0
1,0,1,0
1,0,1,0
0,1,1,19
1,0,1,0
1,0,1,0
1,0,1,0
1,0,1,0
1,0,1,0
2,0,2,0
0,1,1,0
0,1,1,12
7,0,7,0
3,0,3,0
0,1,1,0
0,1,1,149
1,0,1,0
1,0,1,0
1,0,1,0
0,3,3,9
1,0,1,0
0,2,2,74
3,0,3,0
0,2,2,14
2,0,2,0
1,0,1,0
2,0,2,0
0,2,2,55
1,0,1,0
1,0,1,0
0,2,2,15
1,0,1,0
1,0,1,0
1,0,1,0
1,0,1,0
1,0,1,0
2,0,2,0
2,0,2,0
0,1,1,4
1,0,1,0
1,0,1,0
2,0,2,0
1,0,1,0
1,0,1,0
1,0,1,0
1,0,1,0
1,0,1,0
1,0,1,0
1,0,1,0
1,0,1,0
1,0,1,0
1,0,1,0
1,0,1,0
3,0,3,0
1,0,1,0
1,0,1,0
2,0,2,0
1,0,1,0
1,0,1,0
1,0,1,0
1,0,1,0
1,0,1,0
0,1,1,46
1,0,1,0
1,0,1,0
1,0,1,0
1,0,1,0
1,0,1,0
1,0,1,0
1,0,1,0
1,0,1,0
1,0,1,0
1,0,1,0
0,1,1,76
1,0,1,0
0,1,1,11
1,0,1,0
1,0,1,0
1,0,1,0
1,0,1,0
1,0,1,0
0,1,1,17
2,0,2,0
1,0,1,0
1,0,1,0
1,0,1,0
1,0,1,0
1,0,1,0
0,2,2,70
1,0,1,0
1,0,1,0
1,0,1,0
2,0,2,0
1,0,1,0
1,0,1,0
1,0,1,0
6,0,6,0
1,0,1,0
0,1,1,16
1,0,1,0
1,0,1,0
1,0,1,0
1,0,1,0
1,0,1,0
1,0,1,0
1,0,1,0
1,0,1,0
1,0,1,0
3,0,3,0
0,1,1,4
1,0,1,0
1,0,1,0
1,0,1,0
1,0,1,0
0,1,1,15
2,0,2,0
1,0,1,0
0,3,3,3
1,0,1,0
2,0,2,0
1,0,1,0
3,0,3,0
1,0,1,0
1,0,1,0
1,0,1,0
1,0,1,0
0,1,1,4
1,0,1,0
1,0,1,0
1,0,1,0
1,0,1,0
0,1,1,1
2,0,2,0
1,0,1,0
0,1,1,9
1,0,1,0
1,0,1,0
0,2,2,6
2,0,2,0
1,0,1,0
1,0,1,0
1,0,1,0
1,0,1,0
1,0,1,0
1,0,1,0
1,0,1,0
0,3,3,19
1,0,1,0
1,0,1,0
2,0,2,0
1,0,1,0
1,0,1,0
1,0,1,0
1,0,1,0
1,0,1,0
1,0,1,0
3,0,3,0
2,0,2,0
1,0,1,0
3,0,3,0
2,0,2,0
1,0,1,0
1,0,1,0
2,0,2,0
1,0,1,0
1,0,1,0
1,0,1,0
1,0,1,0
1,0,1,0
1,0,1,0
3,0,3,0
0,1,1,2
1,0,1,0
1,0,1,0
0,1,1,0
2,0,2,0
1,0,1,0
1,0,1,0
1,0,1,0
2,0,2,0
0,1,1,0
2,0,2,0
1,0,1,0
1,0,1,0
1,0,1,0
2,0,2,0
1,0,1,0
3,0,3,0
2,0,2,0
1,0,1,0
0,1,1,3
2,0,2,0
1,0,1,0
0,1,1,0
0,5,5,23
1,0,1,0
1,0,1,0
1,0,1,0
1,0,1,0
1,0,1,0
0,1,1,17
1,0,1,0
1,0,1,0
1,0,1,0
2,0,2,0
0,1,1,14
0,1,1,2
3,0,3,0
4,0,4,0
2,0,2,0
1,0,1,0
0,1,1,3
1,0,1,0
0,1,1,1
1,0,1,0
1,0,1,0
1,0,1,0
0,1,1,1
1,0,1,0
1,0,1,0
0,3,3,0
1,0,1,0
1,0,1,0
0,1,1,8
3,0,3,0
0,1,1,33
1,0,1,0
1,0,1,0
1,0,1,0
2,0,2,0
1,0,1,0
1,0,1,0
2,0,2,0
1,0,1,0
1,0,1,0
1,0,1,0
1,0,1,0
1,0,1,0
1,0,1,0
1,0,1,0
1,0,1,0
1,0,1,0
0,1,1,11
0,2,2,1
2,0,2,0
1,0,1,0
1,0,1,0
2,0,2,0
1,0,1,0
1,0,1,0
0,1,1,1
2,0,2,0
0,1,1,11
1,0,1,0
1,0,1,0
1,0,1,0
0,1,1,40
1,0,1,0
0,1,1,0
3,0,3,0
3,0,3,0
1,0,1,0
1,0,1,0
2,0,2,0
1,0,1,0
1,0,1,0
2,0,2,0
1,0,1,0
2,0,2,0
1,0,1,0
1,0,1,0
0,1,1,57
0,1,1,33
1,0,1,0
1,0,1,0
1,0,1,0
1,0,1,0
2,0,2,0
1,0,1,0
1,0,1,0
3,0,3,0
1,0,1,0
1,0,1,0
2,0,2,0
1,0,1,0
0,1,1,21
4,0,4,0
1,0,1,0
1,0,1,0
1,0,1,0
0,1,1,0
0,1,1,2
1,0,1,0
1,0,1,0
1,0,1,0
1,0,1,0
1,0,1,0
1,0,1,0
0,1,1,2
2,0,2,0
1,0,1,0
1,0,1,0
1,0,1,0
1,0,1,0
0,1,1,0
0,2,2,45
1,0,1,0
2,0,2,0
1,0,1,0
1,0,1,0
4,0,4,0
1,0,1,0
3,0,3,0
1,0,1,0
1,0,1,0
2,0,2,0
1,0,1,0
3,0,3,0
1,0,1,0
1,0,1,0
1,0,1,0
2,0,2,0
1,0,1,0
1,0,1,0
1,0,1,0
1,0,1,0
1,0,1,0
1,0,1,0
1,0,1,0
0,1,1,1
1,0,1,0
0,1,1,1
1,0,1,0
1,0,1,0
1,0,1,0
1,0,1,0
0,1,1,10
2,0,2,0
0,1,1,10
1,0,1,0
1,0,1,0
1,0,1,0
1,0,1,0
0,2,2,16
1,0,1,0
0,3,3,13
1,0,1,0
1,0,1,0
1,0,1,0
1,0,1,0
1,0,1,0
1,0,1,0
1,0,1,0
1,0,1,0
0,2,2,0
1,0,1,0
1,0,1,0
1,0,1,0
1,0,1,0
1,0,1,0
1,0,1,0
1,0,1,0
1,0,1,0
1,0,1,0
1,0,1,0
1,0,1,0
0,1,1,42
0,3,3,2
1,0,1,0
1,0,1,0
1,0,1,0
0,2,2,2
2,0,2,0
1,0,1,0
0,1,1,7
1,0,1,0
1,0,1,0
1,0,1,0
2,0,2,0
1,0,1,0
1,0,1,0
1,0,1,0
1,0,1,0
0,1,1,8
2,0,2,0
0,1,1,4
1,0,1,0
1,0,1,0
1,0,1,0
0,1,1,31
1,0,1,0
1,0,1,0
0,1,1,31
0,1,1,9
1,0,1,0
0,2,2,0
1,0,1,0
0,1,1,3
2,0,2,0
2,0,2,0
1,0,1,0
1,0,1,0
1,0,1,0
1,0,1,0
1,0,1,0
1,0,1,0
2,0,2,0
1,0,1,0
1,0,1,0
1,0,1,0
2,0,2,0
1,0,1,0
1,0,1,0
1,0,1,0
1,0,1,0
1,0,1,0
2,0,2,0
1,0,1,0
1,0,1,0
1,0,1,0
2,0,2,0
0,2,2,1
1,0,1,0
1,0,1,0
2,0,2,0
1,0,1,0
1,0,1,0
2,0,2,0
1,0,1,0
1,0,1,0
0,1,1,30
1,0,1,0
1,0,1,0
0,1,1,0
2,0,2,0
1,0,1,0
1,0,1,0
1,0,1,0
1,0,1,0
8,0,8,0
2,0,2,0
1,0,1,0
1,0,1,0
0,1,1,0
2,0,2,0
1,0,1,0
1,0,1,0
1,0,1,0
0,2,2,3
1,0,1,0
1,0,1,0
1,0,1,0
1,0,1,0
3,0,3,0
1,0,1,0
1,0,1,0
2,0,2,0
1,0,1,0
1,0,1,0
1,0,1,0
1,0,1,0
1,0,1,0
1,0,1,0
0,1,1,3
1,0,1,0
0,1,1,6
0,3,3,21
1,0,1,0
1,0,1,0
1,0,1,0
2,0,2,0
0,2,2,0
1,0,1,0
1,0,1,0
0,1,1,11
1,0,1,0
1,0,1,0
2,0,2,0
1,0,1,0
2,0,2,0
3,0,3,0
1,0,1,0
1,0,1,0
4,0,4,0
2,0,2,0
0,1,1,0
1,0,1,0
2,0,2,0
0,1,1,11
1,0,1,0
1,0,1,0
1,0,1,0
1,0,1,0
1,0,1,0
0,2,2,2
1,0,1,0
2,0,2,0
1,0,1,0
1,0,1,0
1,0,1,0
2,0,2,0
1,0,1,0
1,0,1,0
3,0,3,0
1,0,1,0
1,0,1,0
1,0,1,0
1,0,1,0
3,0,3,0
1,0,1,0
1,0,1,0
1,0,1,0
1,0,1,0
1,0,1,0
0,1,1,24
0,1,1,4
2,0,2,0
1,0,1,0
1,0,1,0
2,0,2,0
1,0,1,0
1,0,1,0
1,0,1,0
1,0,1,0
3,0,3,0
1,0,1,0
1,0,1,0
0,4,4,3
3,0,3,0
0,2,2,12
2,0,2,0
1,0,1,0
1,0,1,0
1,0,1,0
2,0,2,0
3,0,3,0
2,0,2,0
1,0,1,0
3,0,3,0
1,0,1,0
1,0,1,0
1,0,1,0
2,0,2,0
1,0,1,0
1,0,1,0
1,0,1,0
0,1,1,33
1,0,1,0
1,0,1,0
1,0,1,0
0,2,2,145
1,0,1,0
1,0,1,0
0,2,2,27
1,0,1,0
1,0,1,0
1,0,1,0
1,0,1,0
1,0,1,0
1,0,1,0
3,0,3,0
1,0,1,0
1,0,1,0
1,0,1,0
0,1,1,40
1,0,1,0
1,0,1,0
1,0,1,0
1,0,1,0
1,0,1,0
1,0,1,0
0,1,1,3
1,0,1,0
1,0,1,0
1,0,1,0
1,0,1,0
1,0,1,0
0,1,1,52
0,3,3,9
1,0,1,0
1,0,1,0
1,0,1,0
1,0,1,0
0,1,1,1
0,1,1,1
0,1,1,27
1,0,1,0
2,0,2,0
1,0,1,0
1,0,1,0
0,1,1,26
0,2,2,2
1,0,1,0
1,0,1,0
0,1,1,12
2,0,2,0
0,1,1,1
0,2,2,17
3,0,3,0
1,0,1,0
1,0,1,0
0,1,1,0
1,0,1,0
2,0,2,0
1,0,1,0
2,0,2,0
1,0,1,0
1,0,1,0
0,2,2,10
0,1,1,143
2,0,2,0
0,1,1,16
1,0,1,0
3,0,3,0
0,2,2,18
1,0,1,0
1,0,1,0
1,0,1,0
2,0,2,0
3,0,3,0
1,0,1,0
1,0,1,0
0,1,1,0
1,0,1,0
1,0,1,0
0,2,2,22
1,0,1,0
1,0,1,0
1,0,1,0
1,0,1,0
1,0,1,0
0,2,2,30
1,0,1,0
1,0,1,0
1,0,1,0
1,0,1,0
0,1,1,6
1,0,1,0
1,0,1,0
0,1,1,6
1,0,1,0
3,0,3,0
1,0,1,0
1,0,1,0
1,0,1,0
1,0,1,0
1,0,1,0
1,0,1,0
1,0,1,0
0,1,1,0
1,0,1,0
1,0,1,0
1,0,1,0
1,0,1,0
0,2,2,6
1,0,1,0
0,4,4,6
1,0,1,0
1,0,1,0
1,0,1,0
1,0,1,0
2,0,2,0
1,0,1,0
1,0,1,0
1,0,1,0
2,0,2,0
1,0,1,0
2,0,2,0
1,0,1,0
1,0,1,0
1,0,1,0
1,0,1,0
1,0,1,0
2,0,2,0
1,0,1,0
1,0,1,0
1,0,1,0
1,0,1,0
1,0,1,0
1,0,1,0
1,0,1,0
1,0,1,0
0,1,1,6
6,0,6,0
1,0,1,0
2,0,2,0
1,0,1,0
2,0,2,0
1,0,1,0
0,1,1,3
0,1,1,2
1,0,1,0
2,0,2,0
0,1,1,73
1,0,1,0
1,0,1,0
1,0,1,0
2,0,2,0
0,1,1,11
1,0,1,0
1,0,1,0
1,0,1,0
2,0,2,0
1,0,1,0
1,0,1,0
1,0,1,0
1,0,1,0
3,0,3,0
1,0,1,0
0,3,3,5
1,0,1,0
1,0,1,0
1,0,1,0
1,0,1,0
2,0,2,0
0,1,1,15
1,0,1,0
0,1,1,5
1,0,1,0
1,0,1,0
2,0,2,0
2,0,2,0
1,0,1,0
1,0,1,0
2,0,2,0
1,0,1,0
1,0,1,0
1,0,1,0
2,0,2,0
1,0,1,0
0,1,1,3
2,0,2,0
1,0,1,0
1,0,1,0
1,0,1,0
0,2,2,4
1,0,1,0
1,0,1,0
0,1,1,7
2,0,2,0
1,0,1,0
0,1,1,7
1,0,1,0
1,0,1,0
1,0,1,0
1,0,1,0
2,0,2,0
2,0,2,0
1,0,1,0
1,0,1,0
1,0,1,0
1,0,1,0
2,0,2,0
1,0,1,0
1,0,1,0
1,0,1,0
2,0,2,0
2,0,2,0
3,0,3,0
1,0,1,0
1,0,1,0
0,1,1,48
1,0,1,0
3,0,3,0
1,0,1,0
1,0,1,0
1,0,1,0
2,0,2,0
1,0,1,0
1,0,1,0
1,0,1,0
1,0,1,0
1,0,1,0
1,0,1,0
3,0,3,0
1,0,1,0
2,0,2,0
1,0,1,0
1,0,1,0
3,0,3,0
1,0,1,0
1,0,1,0
1,0,1,0
1,0,1,0
1,0,1,0
0,3,3,85
0,2,2,56
0,2,2,16
1,0,1,0
1,0,1,0
1,0,1,0
1,0,1,0
1,0,1,0
1,0,1,0
1,0,1,0
1,0,1,0
1,0,1,0
2,0,2,0
3,0,3,0
2,0,2,0
4,0,4,0
1,0,1,0
1,0,1,0
1,0,1,0
1,0,1,0
1,0,1,0
2,0,2,0
1,0,1,0
1,0,1,0
1,0,1,0
1,0,1,0
1,0,1,0
0,1,1,55
1,0,1,0
1,0,1,0
1,0,1,0
0,1,1,134
1,0,1,0
1,0,1,0
2,0,2,0
1,0,1,0
2,0,2,0
1,0,1,0
0,1,1,31
2,0,2,0
0,1,1,2
1,0,1,0
1,0,1,0
0,1,1,29
1,0,1,0
1,0,1,0
1,0,1,0
6,0,6,0
0,1,1,0
2,0,2,0
0,3,3,20
0,1,1,3
0,1,1,7
2,0,2,0
1,0,1,0
1,0,1,0
2,0,2,0
2,0,2,0
1,0,1,0
1,0,1,0
1,0,1,0
1,0,1,0
1,0,1,0
1,0,1,0
1,0,1,0
1,0,1,0
1,0,1,0
1,0,1,0
1,0,1,0
0,1,1,11
2,0,2,0
1,0,1,0
1,0,1,0
2,0,2,0
0,1,1,11
1,0,1,0
1,0,1,0
1,0,1,0
1,0,1,0
1,0,1,0
1,0,1,0
2,0,2,0
2,0,2,0
0,2,2,10
1,0,1,0
1,0,1,0
1,0,1,0
1,0,1,0
2,0,2,0
1,0,1,0
1,0,1,0
5,0,5,0
1,0,1,0
2,0,2,0
2,0,2,0
2,0,2,0
3,0,3,0
3,0,3,0
0,1,1,0
1,0,1,0
1,0,1,0
1,0,1,0
1,0,1,0
1,0,1,0
1,0,1,0
2,0,2,0
1,0,1,0
1,0,1,0
0,1,1,42
1,0,1,0
2,0,2,0
1,0,1,0
1,0,1,0
0,1,1,2
0,2,2,37
1,0,1,0
1,0,1,0
1,0,1,0
0,1,1,21
0,2,2,17
1,0,1,0
2,0,2,0
2,0,2,0
1,0,1,0
1,0,1,0
1,0,1,0
1,0,1,0
1,0,1,0
0,1,1,2
1,0,1,0
1,0,1,0
1,0,1,0
1,0,1,0
1,0,1,0
1,0,1,0
1,0,1,0
0,1,1,6
3,0,3,0
1,0,1,0
1,0,1,0
0,2,2,8
1,0,1,0
2,0,2,0
1,0,1,0
1,0,1,0
1,0,1,0
1,0,1,0
1,0,1,0
1,0,1,0
1,0,1,0
1,0,1,0
0,1,1,9
1,0,1,0
1,0,1,0
1,0,1,0
2,0,2,0
0,2,2,0
2,0,2,0
1,0,1,0
1,0,1,0
1,0,1,0
1,0,1,0
1,0,1,0
1,0,1,0
1,0,1,0
0,1,1,4
1,0,1,0
1,0,1,0
2,0,2,0
1,0,1,0
1,0,1,0
2,0,2,0
0,2,2,16
0,2,2,2
1,0,1,0
2,0,2,0
1,0,1,0
1,0,1,0
1,0,1,0
0,1,1,2
1,0,1,0
2,0,2,0
1,0,1,0
0,1,1,35
0,2,2,38
0,3,3,18
1,0,1,0
2,0,2,0
1,0,1,0
2,0,2,0
1,0,1,0
1,0,1,0
3,0,3,0
0,5,5,11
1,0,1,0
1,0,1,0
1,0,1,0
1,0,1,0
1,0,1,0
1,0,1,0
3,0,3,0
5,0,5,0
1,0,1,0
1,0,1,0
1,0,1,0
2,0,2,0
1,0,1,0
1,0,1,0
3,0,3,0
0,1,1,56
2,0,2,0
1,0,1,0
1,0,1,0
2,0,2,0
1,0,1,0
4,0,4,0
1,0,1,0
1,0,1,0
3,0,3,0
1,0,1,0
1,0,1,0
0,1,1,5
0,3,3,49
1,0,1,0
1,0,1,0
1,0,1,0
2,0,2,0
1,0,1,0
1,0,1,0
1,0,1,0
2,0,2,0
1,0,1,0
0,2,2,15
1,0,1,0
0,1,1,66
1,0,1,0
1,0,1,0
1,0,1,0
1,0,1,0
1,0,1,0
1,0,1,0
1,0,1,0
7,0,7,0
2,0,2,0
0,2,2,1
1,0,1,0
1,0,1,0
1,0,1,0
0,4,4,19
1,0,1,0
1,0,1,0
2,0,2,0
1,0,1,0
1,0,1,0
1,0,1,0
1,0,1,0
1,0,1,0
3,0,3,0
4,0,4,0
0,2,2,17
4,0,4,0
1,0,1,0
1,0,1,0
1,0,1,0
0,2,2,5
1,0,1,0
2,0,2,0
0,1,1,128
1,0,1,0
1,0,1,0
0,1,1,60
2,0,2,0
2,0,2,0
1,0,1,0
1,0,1,0
1,0,1,0
2,0,2,0
1,0,1,0
1,0,1,0
2,0,2,0
1,0,1,0
1,0,1,0
1,0,1,0
1,0,1,0
1,0,1,0
1,0,1,0
1,0,1,0
1,0,1,0
1,0,1,0
0,2,2,6
1,0,1,0
1,0,1,0
1,0,1,0
0,1,1,17
2,0,2,0
2,0,2,0
1,0,1,0
1,0,1,0
0,1,1,1
1,0,1,0
1,0,1,0
1,0,1,0
1,0,1,0
2,0,2,0
1,0,1,0
3,0,3,0
1,0,1,0
1,0,1,0
2,0,2,0
1,0,1,0
1,0,1,0
3,0,3,0
1,0,1,0
2,0,2,0
1,0,1,0
1,0,1,0
2,0,2,0
1,0,1,0
1,0,1,0
1,0,1,0
2,0,2,0
1,0,1,0
1,0,1,0
0,2,2,10
1,0,1,0
1,0,1,0
1,0,1,0
1,0,1,0
2,0,2,0
1,0,1,0
1,0,1,0
1,0,1,0
1,0,1,0
2,0,2,0
1,0,1,0
1,0,1,0
1,0,1,0
1,0,1,0
1,0,1,0
0,1,1,25
1,0,1,0
0,1,1,9
1,0,1,0
0,1,1,2
1,0,1,0
0,4,4,6
0,1,1,6
1,0,1,0
1,0,1,0
1,0,1,0
1,0,1,0
0,2,2,14
1,0,1,0
1,0,1,0
1,0,1,0
0,1,1,81
1,0,1,0
1,0,1,0
2,0,2,0
1,0,1,0
3,0,3,0
1,0,1,0
1,0,1,0
4,0,4,0
0,2,2,5
1,0,1,0
4,0,4,0
2,0,2,0
1,0,1,0
2,0,2,0
1,0,1,0
2,0,2,0
1,0,1,0
4,0,4,0
2,0,2,0
1,0,1,0
1,0,1,0
0,1,1,2
1,0,1,0
1,0,1,0
2,0,2,0
1,0,1,0
3,0,3,0
1,0,1,0
1,0,1,0
1,0,1,0
0,1,1,67
1,0,1,0
1,0,1,0
5,0,5,0
3,0,3,0
1,0,1,0
5,0,5,0
1,0,1,0
0,2,2,25
1,0,1,0
1,0,1,0
1,0,1,0
2,0,2,0
1,0,1,0
2,0,2,0
2,0,2,0
1,0,1,0
1,0,1,0
1,0,1,0
2,0,2,0
2,0,2,0
1,0,1,0
0,2,2,12
1,0,1,0
4,0,4,0
1,0,1,0
0,1,1,9
2,0,2,0
4,0,4,0
4,0,4,0
1,0,1,0
1,0,1,0
1,0,1,0
2,0,2,0
1,0,1,0
1,0,1,0
0,1,1,0
1,0,1,0
0,1,1,1
4,0,4,0
1,0,1,0
1,0,1,0
0,1,1,30
1,0,1,0
1,0,1,0
2,0,2,0
1,0,1,0
1,0,1,0
0,3,3,4
3,0,3,0
0,3,3,176
1,0,1,0
2,0,2,0
1,0,1,0
1,0,1,0
1,0,1,0
1,0,1,0
0,1,1,5
1,0,1,0
1,0,1,0
2,0,2,0
1,0,1,0
1,0,1,0
1,0,1,0
0,1,1,9
0,1,1,0
1,0,1,0
2,0,2,0
0,2,2,2
2,0,2,0
1,0,1,0
1,0,1,0
0,1,1,4
1,0,1,0
0,1,1,6
1,0,1,0
2,0,2,0
0,2,2,39
3,0,3,0
1,0,1,0
1,0,1,0
1,0,1,0
0,1,1,2
1,0,1,0
2,0,2,0
1,0,1,0
2,0,2,0
1,0,1,0
2,0,2,0
1,0,1,0
2,0,2,0
1,0,1,0
6,0,6,0
1,0,1,0
1,0,1,0
1,0,1,0
1,0,1,0
0,2,2,36
2,0,2,0
1,0,1,0
1,0,1,0
0,1,1,12
3,0,3,0
0,1,1,1
1,0,1,0
5,0,5,0
0,1,1,11
2,0,2,0
1,0,1,0
1,0,1,0
4,0,4,0
1,0,1,0
0,1,1,8
1,0,1,0
1,0,1,0
0,1,1,0
1,0,1,0
1,0,1,0
1,0,1,0
0,1,1,5
0,1,1,3
2,0,2,0
1,0,1,0
3,0,3,0
0,2,2,36
2,0,2,0
1,0,1,0
1,0,1,0
1,0,1,0
1,0,1,0
3,0,3,0
2,0,2,0
1,0,1,0
2,0,2,0
1,0,1,0
1,0,1,0
2,0,2,0
0,1,1,51
4,0,4,0
1,0,1,0
1,0,1,0
1,0,1,0
1,0,1,0
1,0,1,0
2,0,2,0
2,0,2,0
0,1,1,16
0,1,1,10
1,0,1,0
1,0,1,0
1,0,1,0
1,0,1,0
1,0,1,0
1,0,1,0
1,0,1,0
0,1,1,9
1,0,1,0
1,0,1,0
1,0,1,0
1,0,1,0
0,1,1,11
0,1,1,99
1,0,1,0
1,0,1,0
3,0,3,0
0,2,2,12
1,0,1,0
6,0,6,0
2,0,2,0
1,0,1,0
1,0,1,0
2,0,2,0
1,0,1,0
1,0,1,0
1,0,1,0
1,0,1,0
1,0,1,0
1,0,1,0
0,1,1,32
0,1,1,7
1,0,1,0
1,0,1,0
0,1,1,13
0,1,1,0
6,0,6,0
2,0,2,0
1,0,1,0
1,0,1,0
1,0,1,0
1,0,1,0
3,0,3,0
1,0,1,0
1,0,1,0
2,0,2,0
1,0,1,0
1,0,1,0
1,0,1,0
1,0,1,0
1,0,1,0
1,0,1,0
1,0,1,0
1,0,1,0
1,0,1,0
1,0,1,0
3,0,3,0
2,0,2,0
1,0,1,0
0,2,2,4
1,0,1,0
0,4,4,54
1,0,1,0
1,0,1,0
0,1,1,6
1,0,1,0
1,0,1,0
1,0,1,0
1,0,1,0
0,2,2,72
2,0,2,0
1,0,1,0
1,0,1,0
1,0,1,1
1,0,1,0
1,0,1,2
1,0,1,0
1,0,1,0
2,0,2,0
1,0,1,0
1,0,1,0
0,1,1,1
1,0,1,0
2,0,2,0
1,0,1,0
0,1,1,0
1,0,1,0
0,1,1,8
2,0,2,0
1,0,1,0
1,0,1,0
1,0,1,0
1,0,1,0
0,3,3,2
1,0,1,0
1,0,1,0
2,0,2,0
3,0,3,0
1,0,1,0
1,0,1,0
2,0,2,0
1,0,1,0
1,0,1,0
0,1,1,1
1,0,1,0
1,0,1,0
1,0,1,0
1,0,1,0
1,0,1,0
1,0,1,0
1,0,1,0
1,0,1,0
1,0,1,0
1,0,1,0
1,0,1,0
1,0,1,0
2,0,2,0
2,0,2,0
3,0,3,0
1,0,1,0
0,1,1,6
0,1,1,1
0,2,2,18
1,0,1,0
1,0,1,0
0,2,2,3
1,0,1,0
1,0,1,0
1,0,1,0
1,0,1,0
0,1,1,16
1,0,1,0
2,0,2,0
1,0,1,0
1,0,1,0
3,0,3,0
1,0,1,0
0,1,1,0
0,1,1,0
2,0,2,0
1,0,1,0
2,0,2,0
1,0,1,0
1,0,1,0
3,0,3,0
1,0,1,0
1,0,1,0
2,0,2,0
0,2,2,0
1,0,1,0
2,0,2,0
2,0,2,0
1,0,1,0
1,0,1,0
0,1,1,2
1,0,1,0
4,0,4,0
1,0,1,0
0,4,4,0
1,0,1,0
0,1,1,69
1,0,1,0
1,0,1,0
2,0,2,0
0,1,1,4
0,1,1,0
4,0,4,0
0,2,2,6
1,0,1,0
1,0,1,0
2,0,2,0
0,1,1,42
1,0,1,0
1,0,1,0
1,0,1,0
1,0,1,0
1,0,1,0
1,0,1,0
0,1,1,9
0,1,1,3
1,0,1,0
2,0,2,0
0,1,1,171
2,0,2,0
1,0,1,0
1,0,1,0
1,0,1,0
1,0,1,0
1,0,1,0
1,0,1,0
1,0,1,0
1,0,1,0
1,0,1,0
1,0,1,0
1,0,1,0
3,0,3,0
0,1,1,0
1,0,1,0
1,0,1,0
1,0,1,0
1,0,1,0
1,0,1,0
1,0,1,0
1,0,1,0
2,0,2,0
0,2,2,18
1,0,1,0
0,1,1,14
1,0,1,0
2,0,2,0
1,0,1,0
1,0,1,0
1,0,1,0
0,1,1,19
0,1,1,15
2,0,2,0
1,0,1,0
1,0,1,0
3,0,3,0
1,0,1,0
1,0,1,0
0,2,2,27
1,0,1,0
1,0,1,0
1,0,1,0
1,0,1,0
1,0,1,0
1,0,1,0
1,0,1,0
1,0,1,0
1,0,1,0
1,0,1,0
0,1,1,5
1,0,1,0
1,0,1,0
1,0,1,0
1,0,1,0
2,0,2,0
1,0,1,0
1,0,1,0
0,1,1,136
1,0,1,0
1,0,1,0
1,0,1,0
1,0,1,0
2,0,2,0
1,0,1,0
1,0,1,0
1,0,1,0
1,0,1,0
1,0,1,0
6,0,6,0
1,0,1,0
1,0,1,0
1,0,1,0
1,0,1,0
1,0,1,0
1,0,1,0
4,0,4,0
2,0,2,0
3,0,3,0
0,1,1,15
4,0,4,0
1,0,1,0
1,0,1,0
1,0,1,0
1,0,1,0
3,0,3,0
1,0,1,0
0,2,2,19
1,0,1,0
0,2,2,32
1,0,1,0
1,0,1,0
2,0,2,0
1,0,1,0
1,0,1,0
0,1,1,3
1,0,1,0
1,0,1,0
1,0,1,0
1,0,1,0
0,1,1,35
1,0,1,0
1,0,1,0
1,0,1,0
2,0,2,0
1,0,1,0
1,0,1,0
1,0,1,0
1,0,1,0
1,0,1,0
3,0,3,0
3,0,3,0
1,0,1,0
1,0,1,0
2,0,2,0
1,0,1,0
1,0,1,0
1,0,1,0
2,0,2,0
0,1,1,19
1,0,1,0
0,5,5,1
0,1,1,6
2,0,2,0
1,0,1,0
1,0,1,0
1,0,1,0
1,0,1,0
1,0,1,0
1,0,1,0
2,0,2,0
1,0,1,0
1,0,1,0
0,1,1,2
0,2,2,23
0,3,3,8
0,1,1,3
0,1,1,5
0,2,2,8
1,0,1,0
1,0,1,0
1,0,1,0
1,0,1,0
2,0,2,0
1,0,1,0
5,0,5,0
1,0,1,0
1,0,1,0
1,0,1,0
4,0,4,0
1,0,1,0
1,0,1,0
2,0,2,0
1,0,1,0
2,0,2,0
0,1,1,102
2,0,2,0
1,0,1,0
1,0,1,0
1,0,1,0
1,0,1,0
2,0,2,0
0,2,2,5
1,0,1,0
0,3,3,27
1,0,1,0
1,0,1,0
1,0,1,0
1,0,1,0
1,0,1,0
1,0,1,0
1,0,1,0
2,0,2,0
1,0,1,0
3,0,3,0
1,0,1,0
4,0,4,0
2,0,2,0
2,0,2,0
1,0,1,0
1,0,1,0
2,0,2,0
1,0,1,0
1,0,1,0
2,0,2,0
0,2,2,27
0,2,2,0
0,1,1,13
3,0,3,0
1,0,1,0
2,0,2,0
1,0,1,0
1,0,1,0
1,0,1,0
1,0,1,0
1,0,1,0
1,0,1,0
1,0,1,0
1,0,1,0
0,1,1,3
1,0,1,0
0,2,2,0
0,1,1,6
5,0,5,0
2,0,2,0
1,0,1,0
1,0,1,0
1,0,1,0
1,0,1,0
1,0,1,0
2,0,2,0
1,0,1,0
1,0,1,0
1,0,1,0
1,0,1,0
2,0,2,0
0,2,2,0
1,0,1,0
3,0,3,0
3,0,3,0
2,0,2,0
0,3,3,6
1,0,1,0
3,0,3,0
1,0,1,0
2,0,2,0
2,0,2,0
1,0,1,0
1,0,1,0
2,0,2,0
1,0,1,0
1,0,1,0
1,0,1,0
1,0,1,0
1,0,1,0
1,0,1,0
1,0,1,0
1,0,1,0
1,0,1,0
1,0,1,0
1,0,1,0
1,0,1,0
1,0,1,0
1,0,1,0
1,0,1,0
1,0,1,0
2,0,2,0
2,0,2,0
1,0,1,0
2,0,2,0
1,0,1,0
0,1,1,7
2,0,2,0
1,0,1,0
1,0,1,0
1,0,1,0
2,0,2,0
0,2,2,12
0,1,1,13
1,0,1,0
1,0,1,0
1,0,1,0
2,0,2,0
3,0,3,0
0,1,1,1
1,0,1,0
1,0,1,0
1,0,1,0
1,0,1,0
1,0,1,0
1,0,1,0
1,0,1,0
1,0,1,0
1,0,1,0
3,0,3,0
0,1,1,44
1,0,1,0
1,0,1,0
2,0,2,0
1,0,1,0
1,0,1,0
2,0,2,0
1,0,1,0
0,1,1,9
1,0,1,0
1,0,1,0
1,0,1,0
1,0,1,0
1,0,1,0
1,0,1,0
0,1,1,1
1,0,1,0
1,0,1,0
1,0,1,0
1,0,1,0
1,0,1,0
0,1,1,68
1,0,1,0
1,0,1,0
1,0,1,0
0,3,3,4
1,0,1,0
1,0,1,0
1,0,1,0
1,0,1,0
1,0,1,0
2,0,2,0
1,0,1,0
1,0,1,0
1,0,1,0
1,0,1,0
1,0,1,0
1,0,1,0
1,0,1,0
1,0,1,0
1,0,1,0
2,0,2,0
1,0,1,0
1,0,1,0
1,0,1,0
0,1,1,1
1,0,1,0
1,0,1,0
2,0,2,0
0,2,2,5
1,0,1,0
1,0,1,0
2,0,2,0
1,0,1,0
1,0,1,0
2,0,2,0
1,0,1,0
1,0,1,0
2,0,2,0
1,0,1,0
1,0,1,0
1,0,1,0
1,0,1,0
1,0,1,0
1,0,1,0
1,0,1,0
1,0,1,0
1,0,1,0
1,0,1,0
1,0,1,0
2,0,2,0
1,0,1,0
1,0,1,0
1,0,1,0
1,0,1,0
1,0,1,0
1,0,1,0
2,0,2,0
2,0,2,0
1,0,1,0
1,0,1,0
2,0,2,0
2,0,2,0
1,0,1,0
0,3,3,6
1,0,1,0
1,0,1,0
1,0,1,0
0,1,1,0
1,0,1,0
0,1,1,1
1,0,1,0
1,0,1,0
0,2,2,0
3,0,3,0
0,1,1,42
1,0,1,0
1,0,1,0
1,0,1,0
2,0,2,0
1,0,1,0
1,0,1,0
4,0,4,0
1,0,1,0
0,1,1,0
1,0,1,0
1,0,1,0
0,2,2,8
1,0,1,0
1,0,1,0
1,0,1,0
3,0,3,0
1,0,1,0
1,0,1,0
1,0,1,0
1,0,1,0
1,0,1,0
1,0,1,0
1,0,1,0
2,0,2,0
1,0,1,0
0,1,1,0
1,0,1,0
1,0,1,0
1,0,1,0
1,0,1,0
1,0,1,0
1,0,1,0
1,0,1,0
0,1,1,3
0,1,1,1
1,0,1,0
1,0,1,0
1,0,1,0
1,0,1,0
1,0,1,0
1,0,1,0
1,0,1,0
1,0,1,0
1,0,1,0
1,0,1,0
2,0,2,0
1,0,1,0
3,0,3,0
1,0,1,0
1,0,1,0
1,0,1,0
1,0,1,0
1,0,1,0
1,0,1,0
1,0,1,0
3,0,3,0
1,0,1,0
0,2,2,2
0,2,2,9
1,0,1,0
1,0,1,0
1,0,1,0
2,0,2,0
1,0,1,0
2,0,2,0
1,0,1,0
1,0,1,0
0,1,1,52
2,0,2,0
1,0,1,0
2,0,2,0
0,1,1,1
1,0,1,0
0,1,1,36
1,0,1,0
4,0,4,0
1,0,1,0
0,1,1,2
0,3,3,18
1,0,1,0
1,0,1,0
1,0,1,0
1,0,1,0
1,0,1,0
0,1,1,47
1,0,1,0
1,0,1,0
1,0,1,0
4,0,4,0
2,0,2,0
0,2,2,16
2,0,2,0
1,0,1,0
1,0,1,0
0,1,1,21
1,0,1,0
2,0,2,0
0,2,2,15
1,0,1,0
1,0,1,0
1,0,1,0
1,0,1,0
1,0,1,0
1,0,1,0
1,0,1,0
1,0,1,0
0,1,1,15
2,0,2,0
0,1,1,1
2,0,2,0
2,0,2,0
1,0,1,0
2,0,2,0
1,0,1,0
1,0,1,0
2,0,2,0
1,0,1,0
1,0,1,0
1,0,1,0
1,0,1,0
0,1,1,23
0,1,1,4
1,0,1,0
0,1,1,0
2,0,2,0
1,0,1,0
1,0,1,0
2,0,2,0
1,0,1,0
1,0,1,0
1,0,1,0
0,1,1,2
3,0,3,0
1,0,1,0
1,0,1,0
1,0,1,0
1,0,1,0
4,0,4,0
1,0,1,0
1,0,1,0
1,0,1,0
1,0,1,0
1,0,1,0
0,1,1,11
1,0,1,0
1,0,1,0
1,0,1,0
1,0,1,0
1,0,1,0
1,0,1,0
1,0,1,0
1,0,1,0
0,2,2,2
1,0,1,0
1,0,1,0
1,0,1,0
3,0,3,0
0,1,1,19
1,0,1,0
1,0,1,13
5,0,5,0
1,0,1,0
1,0,1,0
0,1,1,34
3,0,3,0
0,2,2,4
1,0,1,0
1,0,1,0
2,0,2,0
0,2,2,4
1,0,1,0
0,2,2,9
4,0,4,0
1,0,1,0
1,0,1,0
0,2,2,3
1,0,1,0
2,0,2,0
1,0,1,0
1,0,1,0
2,0,2,0
1,0,1,0
1,0,1,0
1,0,1,0
2,0,2,0
1,0,1,0
1,0,1,0
1,0,1,0
1,0,1,0
1,0,1,0
3,0,3,0
2,0,2,0
1,0,1,0
2,0,2,0
1,0,1,0
0,1,1,20
2,0,2,0
1,0,1,0
1,0,1,0
1,0,1,0
1,0,1,0
1,0,1,0
1,0,1,0
1,0,1,0
1,0,1,0
1,0,1,0
1,0,1,0
2,0,2,0
1,0,1,0
2,0,2,0
1,0,1,0
1,0,1,0
1,0,1,0
1,0,1,0
1,0,1,0
2,0,2,0
1,0,1,0
1,0,1,0
2,0,2,0
2,0,2,0
2,0,2,0
1,0,1,0
1,0,1,0
0,1,1,3
2,0,2,0
1,0,1,0
2,0,2,0
1,0,1,0
1,0,1,0
1,0,1,0
0,2,2,8
4,0,4,0
1,0,1,0
1,0,1,0
1,0,1,0
1,0,1,0
1,0,1,0
1,0,1,0
1,0,1,0
1,0,1,0
1,0,1,0
1,0,1,0
2,0,2,0
1,0,1,0
1,0,1,0
0,1,1,11
2,0,2,0
1,0,1,0
1,0,1,0
2,0,2,0
1,0,1,0
2,0,2,0
1,0,1,0
0,2,2,36
2,0,2,0
3,0,3,0
0,1,1,1
1,0,1,0
0,1,1,3
0,1,1,3
0,3,3,12
0,1,1,11
0,1,1,1
1,0,1,0
0,1,1,0
1,0,1,0
1,0,1,0
1,0,1,0
1,0,1,0
4,0,4,0
1,0,1,0
1,0,1,0
0,1,1,0
1,0,1,0
1,0,1,0
1,0,1,0
0,1,1,35
3,0,3,0
1,0,1,0
2,0,2,0
1,0,1,0
0,2,2,14
0,1,1,2
1,0,1,0
1,0,1,0
0,1,1,3
0,1,1,0
1,0,1,0
1,0,1,0
0,1,1,2
1,0,1,0
0,2,2,65
0,2,2,6
1,0,1,0
1,0,1,0
1,0,1,0
1,0,1,0
1,0,1,0
1,0,1,0
1,0,1,0
1,0,1,0
0,1,1,0
1,0,1,0
1,0,1,0
1,0,1,0
1,0,1,0
1,0,1,0
0,2,2,12
1,0,1,0
1,0,1,0
0,2,2,3
1,0,1,0
0,1,1,5
3,0,3,0
0,2,2,2
1,0,1,0
0,3,3,0
0,1,1,31
1,0,1,0
1,0,1,0
0,1,1,0
3,0,3,0
1,0,1,0
1,0,1,0
1,0,1,0
1,0,1,0
1,0,1,0
0,2,2,2
1,0,1,0
0,1,1,2
0,2,2,22
1,0,1,0
1,0,1,0
0,1,1,19
0,1,1,8
1,0,1,0
0,1,1,2
1,0,1,0
1,0,1,0
0,1,1,78
0,1,1,3
1,0,1,0
0,1,1,131
1,0,1,0
1,0,1,0
1,0,1,0
1,0,1,0
0,1,1,5
0,1,1,7
0,1,1,25
0,1,1,0
0,1,1,0
0,1,1,1
1,0,1,0
4,0,4,0
1,0,1,0
1,0,1,0
2,0,2,0
1,0,1,0
1,0,1,0
0,1,1,6
2,0,2,0
1,0,1,0
1,0,1,0
1,0,1,0
1,0,1,0
1,0,1,0
1,0,1,0
0,1,1,1
0,1,1,0
1,0,1,0
1,0,1,0
0,2,2,4
0,2,2,0
1,0,1,0
0,4,4,1
1,0,1,0
0,1,1,39
3,0,3,0
1,0,1,0
0,1,1,1
3,0,3,0
1,0,1,0
0,1,1,113
0,1,1,0
1,0,1,0
1,0,1,0
1,0,1,0
0,1,1,1
1,0,1,0
1,0,1,0
0,1,1,11
1,0,1,0
3,0,3,0
1,0,1,0
0,2,2,79
0,3,3,0
2,0,2,0
1,0,1,0
0,1,1,0
0,1,1,19
1,0,1,0
2,0,2,0
0,1,1,0
1,0,1,0
1,0,1,0
0,1,1,49
0,1,1,8
1,0,1,0
1,0,1,0
0,7,7,119
0,1,1,0
1,0,1,0
1,0,1,0
0,1,1,2
0,1,1,1
1,0,1,0
1,0,1,0
0,1,1,19
0,1,1,4
1,0,1,0
1,0,1,0
0,1,1,0
1,0,1,0
2,0,2,0
1,0,1,0
1,0,1,0
1,0,1,0
1,0,1,0
0,1,1,13
1,0,1,0
1,0,1,0
1,0,1,0
1,0,1,0
1,0,1,0
1,0,1,0
1,0,1,0
1,0,1,0
1,0,1,0
1,0,1,0
1,0,1,0
0,1,1,5
1,0,1,0
1,0,1,0
1,0,1,0
1,0,1,0
1,0,1,0
0,1,1,57
1,0,1,0
3,0,3,0
1,0,1,0
0,1,1,19
1,0,1,0
3,0,3,0
1,0,1,0
1,0,1,0
0,1,1,2
1,0,1,0
1,0,1,0
1,0,1,0
1,0,1,0
3,0,3,0
1,0,1,0
1,0,1,0
1,0,1,0
1,0,1,0
1,0,1,0
0,1,1,0
3,0,3,0
0,1,1,6
1,0,1,0
2,0,2,0
1,0,1,0
1,0,1,0
2,0,2,0
1,0,1,0
1,0,1,0
1,0,1,0
0,2,2,3
3,0,3,0
1,0,1,0
1,0,1,0
0,1,1,0
1,0,1,0
1,0,1,0
1,0,1,0
1,0,1,0
1,0,1,0
0,1,1,5
0,1,1,6
0,1,1,5
0,2,2,4
2,0,2,0
1,0,1,0
0,1,1,5
0,1,1,7
1,0,1,0
0,1,1,8
1,0,1,0
1,0,1,0
1,0,1,0
0,3,3,229
0,1,1,4
0,1,1,58
0,1,1,15
1,0,1,0
1,0,1,0
0,1,1,62
1,0,1,0
1,0,1,0
1,0,1,0
1,0,1,0
2,0,2,0
2,0,2,0
0,1,1,3
0,1,1,62
6,0,6,0
1,0,1,0
0,1,1,5
1,0,1,0
1,0,1,0
0,1,1,8
1,0,1,0
0,1,1,16
0,1,1,10
1,0,1,0
1,0,1,0
0,1,1,111
1,0,1,0
1,0,1,0
0,1,1,30
0,1,1,0
1,0,1,0
1,0,1,0
1,0,1,0
1,0,1,0
1,0,1,0
0,2,2,14
1,0,1,0
6,0,6,0
0,1,1,7
1,0,1,0
1,0,1,0
1,0,1,0
1,0,1,0
1,0,1,0
1,0,1,0
0,1,1,0
1,0,1,0
1,0,1,0
1,0,1,0
1,0,1,0
0,1,1,1
1,0,1,0
1,0,1,0
2,0,2,0
1,0,1,0
1,0,1,0
1,0,1,0
0,3,3,172
1,0,1,0
1,0,1,0
1,0,1,0
2,0,2,0
0,1,1,11
0,2,2,9
0,1,1,0
1,0,1,0
1,0,1,0
1,0,1,0
1,0,1,0
0,2,2,18
1,0,1,0
1,0,1,0
1,0,1,0
1,0,1,0
1,0,1,0
1,0,1,0
1,0,1,0
0,2,2,59
0,1,1,6
1,0,1,0
1,0,1,0
5,0,5,0
0,1,1,2
1,0,1,0
0,5,5,5
1,0,1,0
0,1,1,7
1,0,1,0
1,0,1,0
0,1,1,1
0,1,1,1
0,1,1,1
2,0,2,0
0,1,1,0
1,0,1,0
0,1,1,2
0,2,2,17
1,0,1,0
0,1,1,3
1,0,1,0
0,1,1,3
0,1,1,8
1,0,1,0
1,0,1,0
2,0,2,0
0,1,1,1
0,1,1,4
0,1,1,0
1,0,1,0
1,0,1,0
0,1,1,24
1,0,1,0
2,0,2,0
0,1,1,28
1,0,1,0
2,0,2,0
1,0,1,0
1,0,1,0
3,0,3,0
1,0,1,0
0,1,1,6
1,0,1,0
1,0,1,0
1,0,1,0
1,0,1,0
0,2,2,0
1,0,1,0
1,0,1,0
1,0,1,0
2,0,2,0
0,1,1,75
1,0,1,0
0,1,1,0
2,0,2,0
0,1,1,9
0,1,1,2
1,0,1,0
1,0,1,0
1,0,1,0
0,2,2,4
0,1,1,6
1,0,1,0
1,0,1,0
1,0,1,0
0,8,8,5
1,0,1,0
1,0,1,0
1,0,1,0
1,0,1,0
0,3,3,10
1,0,1,0
0,1,1,0
0,2,2,5
1,0,1,0
1,0,1,0
2,0,2,0
1,0,1,0
0,1,1,1
2,0,2,0
0,2,2,4
1,0,1,0
1,0,1,0
0,1,1,20
1,0,1,0
0,1,1,3
0,1,1,0
1,0,1,0
0,1,1,14
0,1,1,34
1,0,1,0
0,1,1,16
1,0,1,0
1,0,1,0
2,0,2,0
0,1,1,22
1,0,1,0
0,1,1,17
1,0,1,0
0,1,1,0
1,0,1,0
2,0,2,0
1,0,1,0
1,0,1,0
1,0,1,0
3,0,3,0
0,1,1,31
1,0,1,0
1,0,1,0
1,0,1,0
0,1,1,24
1,0,1,0
2,0,2,0
1,0,1,0
0,1,1,2
1,0,1,0
2,0,2,0
1,0,1,0
2,0,2,0
2,0,2,0
1,0,1,0
1,0,1,0
0,1,1,0
1,0,1,0
0,2,2,3
0,3,3,52
0,1,1,5
1,0,1,0
0,1,1,18
2,0,2,0
2,0,2,0
0,2,2,5
0,2,2,10
0,1,1,1
1,0,1,0
1,0,1,0
1,0,1,0
1,0,1,0
0,1,1,14
1,0,1,0
1,0,1,0
2,0,2,0
1,0,1,0
1,0,1,0
2,0,2,0
2,0,2,0
0,2,2,34
1,0,1,0
0,4,4,11
1,0,1,0
1,0,1,0
1,0,1,0
1,0,1,0
1,0,1,0
4,0,4,0
0,1,1,9
1,0,1,0
1,0,1,0
1,0,1,0
1,0,1,0
1,0,1,0
1,0,1,0
1,0,1,0
1,0,1,0
1,0,1,0
1,0,1,0
1,0,1,0
1,0,1,0
3,0,3,0
1,0,1,0
2,0,2,0
1,0,1,0
1,0,1,0
1,0,1,0
1,0,1,0
0,2,2,45
1,0,1,0
1,0,1,0
1,0,1,0
1,0,1,0
1,0,1,0
1,0,1,0
1,0,1,0
1,0,1,0
1,0,1,0
1,0,1,0
2,0,2,0
1,0,1,0
1,0,1,0
2,0,2,0
0,1,1,43
1,0,1,0
1,0,1,0
1,0,1,0
0,1,1,43
0,1,1,0
2,0,2,0
3,0,3,0
1,0,1,0
1,0,1,0
1,0,1,0
2,0,2,0
1,0,1,0
4,0,4,0
0,1,1,10
1,0,1,0
1,0,1,0
0,1,1,0
1,0,1,0
2,0,2,0
1,0,1,0
1,0,1,0
1,0,1,0
1,0,1,0
1,0,1,0
1,0,1,0
2,0,2,0
1,0,1,0
1,0,1,0
1,0,1,0
0,2,2,22
2,0,2,0
1,0,1,0
4,0,4,0
1,0,1,0
1,0,1,0
2,0,2,0
1,0,1,0
1,0,1,0
1,0,1,0
1,0,1,0
0,1,1,18
1,0,1,0
1,0,1,0
1,0,1,0
0,1,1,1
1,0,1,0
1,0,1,0
1,0,1,0
0,1,1,4
0,1,1,3
1,0,1,0
0,1,1,16
1,0,1,0
1,0,1,0
1,0,1,0
1,0,1,0
1,0,1,0
2,0,2,0
1,0,1,0
1,0,1,0
2,0,2,0
1,0,1,0
1,0,1,0
2,0,2,0
1,0,1,0
0,2,2,5
0,1,1,14
1,0,1,0
1,0,1,0
1,0,1,0
1,0,1,0
1,0,1,0
2,0,2,0
3,0,3,0
1,0,1,0
1,0,1,0
1,0,1,0
1,0,1,0
1,0,1,0
3,0,3,0
2,0,2,0
1,0,1,0
1,0,1,0
1,0,1,0
1,0,1,0
1,0,1,0
0,2,2,47
2,0,2,0
1,0,1,0
2,0,2,0
2,0,2,0
2,0,2,0
1,0,1,0
2,0,2,0
0,1,1,4
1,0,1,0
0,1,1,8
1,0,1,0
3,0,3,0
0,3,3,46
1,0,1,0
1,0,1,0
1,0,1,0
1,0,1,0
0,1,1,4
1,0,1,0
1,0,1,0
0,1,1,16
2,0,2,0
1,0,1,0
1,0,1,0
0,2,2,43
1,0,1,0
1,0,1,0
0,1,1,1
2,0,2,0
0,1,1,0
2,0,2,0
1,0,1,0
2,0,2,0
0,1,1,0
1,0,1,0
1,0,1,0
3,0,3,0
2,0,2,0
1,0,1,0
0,2,2,4
1,0,1,0
1,0,1,0
1,0,1,0
1,0,1,0
2,0,2,0
2,0,2,0
0,1,1,11
1,0,1,0
2,0,2,0
1,0,1,0
1,0,1,0
1,0,1,0
0,1,1,3
1,0,1,0
0,1,1,59
0,1,1,9
1,0,1,0
2,0,2,0
1,0,1,0
1,0,1,0
2,0,2,0
1,0,1,0
0,1,1,86
1,0,1,0
0,2,2,22
2,0,2,0
1,0,1,0
1,0,1,0
0,2,2,1
1,0,1,0
1,0,1,0
0,1,1,13
2,0,2,0
1,0,1,0
0,1,1,5
2,0,2,0
1,0,1,0
1,0,1,0
0,1,1,60
0,1,1,0
0,1,1,14
1,0,1,0
2,0,2,0
1,0,1,0
1,0,1,0
1,0,1,0
1,0,1,0
2,0,2,0
1,0,1,0
1,0,1,0
1,0,1,0
2,0,2,0
2,0,2,0
1,0,1,0
2,0,2,0
4,0,4,0
1,0,1,0
1,0,1,0
0,1,1,20
2,0,2,0
3,0,3,0
2,0,2,0
1,0,1,0
1,0,1,0
0,1,1,9
1,0,1,0
1,0,1,0
1,0,1,0
1,0,1,0
1,0,1,0
1,0,1,0
4,0,4,0
1,0,1,0
1,0,1,0
2,0,2,0
0,1,1,15
1,0,1,0
0,4,4,1
1,0,1,0
1,0,1,0
1,0,1,0
0,2,2,25
0,1,1,13
1,0,1,0
1,0,1,0
0,1,1,52
1,0,1,0
1,0,1,0
1,0,1,0
1,0,1,0
2,0,2,0
3,0,3,0
1,0,1,0
2,0,2,0
1,0,1,0
1,0,1,0
1,0,1,0
0,1,1,22
0,1,1,6
3,0,3,0
2,0,2,0
0,1,1,5
1,0,1,0
1,0,1,0
1,0,1,0
1,0,1,0
1,0,1,0
1,0,1,0
1,0,1,0
0,3,3,20
1,0,1,0
1,0,1,0
2,0,2,0
1,0,1,0
1,0,1,0
2,0,2,0
2,0,2,0
0,1,1,15
1,0,1,0
1,0,1,0
2,0,2,0
3,0,3,0
1,0,1,0
3,0,3,0
1,0,1,0
0,1,1,0
1,0,1,0
1,0,1,0
1,0,1,0
1,0,1,0
0,2,2,32
0,3,3,0
1,0,1,0
1,0,1,0
1,0,1,0
1,0,1,0
1,0,1,0
2,0,2,0
1,0,1,0
1,0,1,0
0,2,2,12
1,0,1,0
1,0,1,0
1,0,1,0
1,0,1,0
0,1,1,0
1,0,1,0
1,0,1,0
5,0,5,0
2,0,2,0
1,0,1,0
2,0,2,0
1,0,1,0
1,0,1,0
0,1,1,10
3,0,3,0
1,0,1,0
1,0,1,0
0,1,1,84
1,0,1,0
1,0,1,0
2,0,2,0
1,0,1,0
0,1,1,0
2,0,2,0
0,1,1,11
1,0,1,0
1,0,1,0
1,0,1,0
2,0,2,0
1,0,1,0
1,0,1,0
1,0,1,0
1,0,1,0
1,0,1,0
1,0,1,0
1,0,1,0
0,1,1,86
0,1,1,1
1,0,1,0
0,1,1,41
2,0,2,0
1,0,1,0
1,0,1,0
3,0,3,0
3,0,3,0
1,0,1,0
1,0,1,0
1,0,1,0
0,2,2,21
1,0,1,0
2,0,2,0
1,0,1,0
1,0,1,0
1,0,1,0
1,0,1,0
0,1,1,0
1,0,1,0
1,0,1,0
3,0,3,0
1,0,1,0
1,0,1,0
2,0,2,0
1,0,1,0
1,0,1,0
0,1,1,42
2,0,2,0
1,0,1,0
1,0,1,0
6,0,6,0
1,0,1,0
1,0,1,0
0,1,1,38
1,0,1,0
1,0,1,0
1,0,1,0
1,0,1,0
1,0,1,0
1,0,1,0
1,0,1,0
1,0,1,0
0,2,2,12
0,1,1,8
1,0,1,0
2,0,2,0
1,0,1,0
0,2,2,42
1,0,1,0
1,0,1,0
1,0,1,0
1,0,1,0
1,0,1,0
0,2,2,32
1,0,1,0
1,0,1,0
1,0,1,0
1,0,1,0
0,13,13,3
11,0,11,0
1,0,1,0
1,0,1,0
2,0,2,0
1,0,1,0
1,0,1,0
1,0,1,0
1,0,1,0
1,0,1,0
2,0,2,0
0,1,1,2
1,0,1,0
1,0,1,0
1,0,1,0
1,0,1,0
0,1,1,36
1,0,1,0
0,2,2,13
1,0,1,0
0,1,1,16
2,0,2,0
1,0,1,0
1,0,1,0
2,0,2,0
1,0,1,0
1,0,1,0
2,0,2,0
0,3,3,12
1,0,1,0
1,0,1,0
1,0,1,0
1,0,1,0
1,0,1,0
3,0,3,0
0,1,1,10
4,0,4,0
1,0,1,0
2,0,2,0
1,0,1,0
1,0,1,0
1,0,1,0
1,0,1,0
1,0,1,0
0,1,1,0
4,0,4,0
2,0,2,0
0,1,1,37
1,0,1,0
2,0,2,0
0,2,2,9
1,0,1,0
1,0,1,0
1,0,1,0
0,1,1,18
0,1,1,1
1,0,1,0
0,1,1,0
1,0,1,0
0,1,1,72
1,0,1,0
0,1,1,19
2,0,2,0
3,0,3,0
1,0,1,0
2,0,2,0
1,0,1,0
1,0,1,0
1,0,1,0
1,0,1,0
1,0,1,0
1,0,1,0
1,0,1,0
1,0,1,0
0,1,1,3
1,0,1,0
1,0,1,0
1,0,1,0
1,0,1,0
1,0,1,0
1,0,1,0
2,0,2,0
1,0,1,0
0,1,1,6
0,1,1,4
4,0,4,0
3,0,3,0
1,0,1,0
1,0,1,0
2,0,2,0
1,0,1,0
1,0,1,0
0,3,3,34
1,0,1,0
0,3,3,34
1,0,1,0
1,0,1,0
1,0,1,0
0,1,1,6
1,0,1,0
0,1,1,33
1,0,1,0
1,0,1,0
2,0,2,0
1,0,1,0
1,0,1,0
1,0,1,0
0,1,1,17
1,0,1,0
1,0,1,0
1,0,1,0
2,0,2,0
1,0,1,0
1,0,1,0
0,2,2,32
1,0,1,0
1,0,1,0
0,6,6,27
1,0,1,0
0,2,2,17
1,0,1,0
1,0,1,0
1,0,1,0
1,0,1,0
1,0,1,0
1,0,1,0
1,0,1,0
0,1,1,268
2,0,2,0
1,0,1,0
1,0,1,0
1,0,1,0
1,0,1,0
2,0,2,0
0,2,2,9
0,1,1,4
0,1,1,8
2,0,2,0
2,0,2,0
1,0,1,0
1,0,1,0
0,2,2,2
1,0,1,0
0,1,1,22
1,0,1,0
1,0,1,0
2,0,2,0
1,0,1,0
1,0,1,0
1,0,1,0
1,0,1,0
1,0,1,0
1,0,1,0
0,3,3,0
1,0,1,0
3,0,3,0
0,1,1,21
1,0,1,0
1,0,1,0
1,0,1,0
1,0,1,0
1,0,1,0
1,0,1,0
1,0,1,0
2,0,2,0
2,0,2,0
1,0,1,0
0,1,1,0
2,0,2,0
0,1,1,1
1,0,1,0
1,0,1,0
2,0,2,0
1,0,1,0
1,0,1,0
1,0,1,0
1,0,1,0
2,0,2,0
1,0,1,0
2,0,2,0
3,0,3,0
0,1,1,6
1,0,1,0
4,0,4,0
0,1,1,5
0,1,1,2
1,0,1,0
0,1,1,6
2,0,2,0
2,0,2,0
1,0,1,0
1,0,1,0
1,0,1,0
0,1,1,3
1,0,1,0
1,0,1,0
1,0,1,0
1,0,1,0
3,0,3,0
2,0,2,0
0,1,1,2
1,0,1,0
1,0,1,0
1,0,1,0
1,0,1,0
0,1,1,0
1,0,1,0
1,0,1,0
2,0,2,0
2,0,2,0
1,0,1,0
1,0,1,0
1,0,1,0
1,0,1,0
1,0,1,0
1,0,1,0
1,0,1,0
0,1,1,2
1,0,1,0
1,0,1,0
0,2,2,22
1,0,1,0
2,0,2,0
0,1,1,29
1,0,1,0
1,0,1,0
0,1,1,7
1,0,1,0
1,0,1,0
2,0,2,0
1,0,1,0
2,0,2,0
1,0,1,0
1,0,1,0
0,1,1,3
1,0,1,0
1,0,1,0
1,0,1,0
3,0,3,0
1,0,1,0
0,1,1,1
4,0,4,0
1,0,1,0
0,1,1,1
1,0,1,0
1,0,1,0
0,1,1,214
1,0,1,0
1,0,1,0
1,0,1,0
0,2,2,16
1,0,1,0
1,0,1,0
1,0,1,0
1,0,1,0
4,0,4,0
1,0,1,0
1,0,1,0
1,0,1,0
1,0,1,0
0,1,1,17
1,0,1,0
1,0,1,0
1,0,1,0
0,2,2,0
2,0,2,0
1,0,1,0
1,0,1,0
2,0,2,0
4,0,4,0
0,2,2,20
1,0,1,0
3,0,3,0
1,0,1,0
1,0,1,0
1,0,1,0
1,0,1,0
1,0,1,0
1,0,1,0
0,1,1,12
1,0,1,0
1,0,1,0
1,0,1,0
1,0,1,0
1,0,1,0
1,0,1,0
3,0,3,0
2,0,2,0
1,0,1,0
1,0,1,0
3,0,3,0
1,0,1,0
1,0,1,0
0,1,1,9
0,1,1,1
0,1,1,8
1,0,1,0
2,0,2,0
1,0,1,0
1,0,1,0
3,0,3,0
4,0,4,0
1,0,1,0
0,1,1,15
1,0,1,0
1,0,1,0
1,0,1,0
0,1,1,52
1,0,1,0
1,0,1,0
1,0,1,0
1,0,1,0
1,0,1,0
1,0,1,0
1,0,1,0
1,0,1,0
1,0,1,0
1,0,1,0
1,0,1,0
1,0,1,0
1,0,1,0
1,0,1,0
1,0,1,0
1,0,1,0
1,0,1,0
0,2,2,0
1,0,1,0
1,0,1,0
1,0,1,0
1,0,1,0
2,0,2,0
2,0,2,0
3,0,3,0
1,0,1,0
1,0,1,0
1,0,1,0
1,0,1,0
2,0,2,0
1,0,1,0
0,1,1,74
1,0,1,0
1,0,1,0
1,0,1,0
1,0,1,0
2,0,2,0
1,0,1,0
1,0,1,0
1,0,1,0
1,0,1,0
1,0,1,0
2,0,2,0
0,1,1,41
1,0,1,0
2,0,2,0
1,0,1,0
1,0,1,0
1,0,1,0
0,1,1,4
1,0,1,0
2,0,2,0
1,0,1,0
0,1,1,34
1,0,1,0
1,0,1,0
1,0,1,0
1,0,1,0
1,0,1,0
1,0,1,0
0,1,1,7
4,0,4,0
2,0,2,0
0,2,2,24
1,0,1,0
1,0,1,0
1,0,1,0
1,0,1,0
1,0,1,0
1,0,1,0
1,0,1,0
1,0,1,0
3,0,3,0
1,0,1,0
1,0,1,0
1,0,1,0
0,1,1,0
1,0,1,0
1,0,1,0
0,2,2,63
1,0,1,0
1,0,1,0
2,0,2,0
1,0,1,0
1,0,1,0
1,0,1,0
1,0,1,0
1,0,1,0
1,0,1,0
1,0,1,0
1,0,1,0
0,1,1,4
0,1,1,11
1,0,1,0
1,0,1,0
1,0,1,0
2,0,2,0
1,0,1,0
0,2,2,6
0,6,6,48
1,0,1,0
2,0,2,0
1,0,1,0
1,0,1,0
1,0,1,0
2,0,2,0
0,1,1,13
1,0,1,0
2,0,2,0
1,0,1,0
1,0,1,0
3,0,3,0
0,2,2,8
0,4,4,16
0,3,3,2
2,0,2,0
0,1,1,0
1,0,1,0
1,0,1,0
3,0,3,0
1,0,1,0
3,0,3,0
2,0,2,0
1,0,1,0
3,0,3,0
1,0,1,0
0,1,1,53
1,0,1,0
0,1,1,20
3,0,3,0
1,0,1,0
1,0,1,0
2,0,2,0
1,0,1,0
1,0,1,0
1,0,1,0
1,0,1,0
1,0,1,0
1,0,1,0
0,1,1,7
3,0,3,0
2,0,2,0
1,0,1,0
1,0,1,0
1,0,1,0
2,0,2,0
1,0,1,0
1,0,1,0
2,0,2,0
2,0,2,0
1,0,1,0
4,0,4,0
1,0,1,0
0,1,1,3
2,0,2,0
2,0,2,0
0,1,1,36
1,0,1,0
2,0,2,0
0,2,2,21
2,0,2,0
0,3,3,1
1,0,1,0
1,0,1,0
0,2,2,6
1,0,1,0
1,0,1,0
1,0,1,0
1,0,1,0
0,2,2,11
0,3,3,30
1,0,1,0
1,0,1,0
0,1,1,24
1,0,1,0
2,0,2,0
2,0,2,0
0,2,2,23
2,0,2,0
2,0,2,0
2,0,2,0
1,0,1,0
1,0,1,0
1,0,1,0
1,0,1,0
2,0,2,0
2,0,2,0
1,0,1,0
1,0,1,0
4,0,4,0
2,0,2,0
1,0,1,0
1,0,1,0
0,1,1,10
1,0,1,0
1,0,1,0
2,0,2,0
0,1,1,32
1,0,1,0
2,0,2,0
1,0,1,0
3,0,3,0
1,0,1,0
1,0,1,0
1,0,1,0
2,0,2,0
1,0,1,0
0,3,3,1
0,1,1,2
1,0,1,0
0,2,2,6
1,0,1,0
1,0,1,0
1,0,1,0
0,1,1,24
1,0,1,0
1,0,1,0
1,0,1,0
3,0,3,0
1,0,1,0
1,0,1,0
0,2,2,7
1,0,1,0
2,0,2,0
2,0,2,0
4,0,4,0
1,0,1,0
1,0,1,0
1,0,1,0
2,0,2,0
0,1,1,23
1,0,1,0
1,0,1,0
1,0,1,0
0,1,1,29
1,0,1,0
1,0,1,0
1,0,1,0
0,2,2,17
1,0,1,0
1,0,1,0
1,0,1,0
0,4,4,13
2,0,2,0
2,0,2,0
1,0,1,0
2,0,2,0
1,0,1,0
1,0,1,0
1,0,1,0
4,0,4,0
0,1,1,9
1,0,1,0
1,0,1,0
1,0,1,0
1,0,1,0
2,0,2,0
0,2,2,19
1,0,1,0
4,0,4,0
3,0,3,0
1,0,1,0
0,1,1,16
2,0,2,0
0,1,1,93
1,0,1,0
0,1,1,8
1,0,1,0
1,0,1,0
1,0,1,0
1,0,1,0
1,0,1,0
1,0,1,0
0,1,1,439
1,0,1,0
1,0,1,0
0,2,2,56
1,0,1,0
0,1,1,3
1,0,1,0
0,2,2,6
1,0,1,0
1,0,1,0
1,0,1,0
1,0,1,0
1,0,1,0
1,0,1,0
1,0,1,0
1,0,1,0
2,0,2,0
1,0,1,0
1,0,1,0
1,0,1,0
1,0,1,0
1,0,1,0
0,4,4,4
1,0,1,0
1,0,1,0
0,2,2,15
2,0,2,0
1,0,1,0
2,0,2,0
0,1,1,5
0,1,1,15
1,0,1,0
1,0,1,0
0,1,1,2
1,0,1,0
1,0,1,0
1,0,1,0
2,0,2,0
1,0,1,0
1,0,1,0
0,3,3,43
1,0,1,0
1,0,1,0
1,0,1,0
1,0,1,0
1,0,1,0
6,0,6,0
0,1,1,1
1,0,1,0
1,0,1,0
7,0,7,0
1,0,1,0
1,0,1,0
1,0,1,0
1,0,1,0
4,0,4,0
1,0,1,0
1,0,1,0
0,1,1,50
1,0,1,0
2,0,2,0
1,0,1,0
1,0,1,0
2,0,2,0
1,0,1,0
2,0,2,0
1,0,1,0
1,0,1,0
1,0,1,0
1,0,1,0
1,0,1,0
3,0,3,0
1,0,1,0
1,0,1,0
1,0,1,0
2,0,2,0
1,0,1,0
0,2,2,4
1,0,1,0
2,0,2,0
3,0,3,0
0,3,3,28
1,0,1,0
2,0,2,0
2,0,2,0
3,0,3,0
2,0,2,0
1,0,1,0
2,0,2,0
1,0,1,0
0,1,1,22
2,0,2,0
2,0,2,0
2,0,2,0
0,2,2,0
2,0,2,0
1,0,1,0
1,0,1,0
2,0,2,0
1,0,1,0
1,0,1,0
3,0,3,0
0,3,3,253
3,0,3,0
1,0,1,0
1,0,1,0
1,0,1,0
0,1,1,0
1,0,1,0
1,0,1,0
2,0,2,0
1,0,1,0
1,0,1,0
0,1,1,36
1,0,1,0
1,0,1,0
1,0,1,0
0,1,1,10
3,0,3,0
1,0,1,0
1,0,1,0
1,0,1,0
1,0,1,0
0,1,1,29
1,0,1,0
1,0,1,0
3,0,3,0
1,0,1,0
1,0,1,0
1,0,1,0
3,0,3,0
1,0,1,0
1,0,1,0
1,0,1,0
2,0,2,0
1,0,1,0
1,0,1,0
1,0,1,0
0,1,1,5
2,0,2,0
1,0,1,0
4,0,4,0
0,1,1,6
0,1,1,3
1,0,1,0
1,0,1,0
2,0,2,0
0,1,1,6
0,2,2,4
1,0,1,0
1,0,1,0
1,0,1,0
1,0,1,0
1,0,1,0
1,0,1,0
0,1,1,5
2,0,2,0
0,2,2,9
0,1,1,102
2,0,2,0
1,0,1,0
0,1,1,0
1,0,1,0
1,0,1,0
1,0,1,0
1,0,1,0
1,0,1,0
0,1,1,0
0,1,1,0
1,0,1,0
1,0,1,0
0,7,7,1
1,0,1,0
1,0,1,0
1,0,1,0
2,0,2,0
0,2,2,3
0,1,1,14
1,0,1,0
1,0,1,0
1,0,1,0
0,1,1,2
1,0,1,0
5,0,5,0
2,0,2,0
1,0,1,0
1,0,1,0
2,0,2,0
1,0,1,0
1,0,1,0
1,0,1,0
1,0,1,0
3,0,3,0
1,0,1,0
4,0,4,0
2,0,2,0
0,3,3,17
1,0,1,0
0,1,1,0
2,0,2,0
2,0,2,0
1,0,1,0
2,0,2,0
1,0,1,0
0,1,1,11
5,0,5,0
1,0,1,0
1,0,1,0
1,0,1,0
1,0,1,0
1,0,1,0
0,1,1,13
1,0,1,0
1,0,1,0
4,0,4,0
3,0,3,0
0,3,3,31
1,0,1,0
4,0,4,0
1,0,1,0
1,0,1,0
1,0,1,0
1,0,1,0
0,2,2,1
3,0,3,0
1,0,1,0
1,0,1,0
1,0,1,0
2,0,2,0
1,0,1,0
2,0,2,0
1,0,1,0
1,0,1,0
1,0,1,0
0,5,5,299
2,0,2,0
1,0,1,0
3,0,3,0
4,0,4,0
1,0,1,0
0,1,1,61
0,1,1,0
1,0,1,0
1,0,1,0
2,0,2,0
2,0,2,0
0,1,1,6
3,0,3,0
1,0,1,0
1,0,1,0
1,0,1,0
1,0,1,0
1,0,1,0
1,0,1,0
2,0,2,0
1,0,1,0
0,2,2,3
0,1,1,23
1,0,1,0
1,0,1,0
0,5,5,3
1,0,1,0
1,0,1,0
1,0,1,0
1,0,1,0
1,0,1,0
2,0,2,0
1,0,1,0
1,0,1,0
1,0,1,0
1,0,1,0
1,0,1,0
1,0,1,0
1,0,1,0
0,1,1,4
1,0,1,0
1,0,1,0
1,0,1,0
1,0,1,0
1,0,1,0
2,0,2,0
0,1,1,0
2,0,2,0
1,0,1,0
1,0,1,0
2,0,2,0
2,0,2,0
1,0,1,0
1,0,1,0
1,0,1,0
1,0,1,0
1,0,1,0
0,1,1,7
1,0,1,0
1,0,1,0
0,2,2,13
2,0,2,0
1,0,1,0
1,0,1,0
1,0,1,0
2,0,2,0
2,0,2,0
1,0,1,0
1,0,1,0
0,3,3,45
0,1,1,11
1,0,1,0
1,0,1,0
2,0,2,0
1,0,1,0
2,0,2,0
0,2,2,0
1,0,1,0
0,1,1,2
0,2,2,105
1,0,1,0
2,0,2,0
1,0,1,0
2,0,2,0
1,0,1,0
1,0,1,0
0,2,2,7
3,0,3,0
2,0,2,0
1,0,1,0
1,0,1,0
1,0,1,0
1,0,1,0
1,0,1,0
2,0,2,0
0,1,1,22
1,0,1,0
1,0,1,0
2,0,2,0
1,0,1,0
1,0,1,0
1,0,1,0
1,0,1,0
1,0,1,0
2,0,2,0
1,0,1,0
1,0,1,0
1,0,1,0
0,1,1,1
1,0,1,0
1,0,1,0
1,0,1,0
0,1,1,13
0,1,1,0
1,0,1,0
1,0,1,0
0,2,2,23
1,0,1,0
1,0,1,0
1,0,1,0
0,1,1,0
1,0,1,0
1,0,1,0
2,0,2,0
1,0,1,0
1,0,1,0
1,0,1,0
1,0,1,0
1,0,1,0
2,0,2,0
1,0,1,0
1,0,1,0
1,0,1,0
1,0,1,0
1,0,1,0
3,0,3,0
3,0,3,0
0,1,1,15
2,0,2,0
0,1,1,2
1,0,1,0
1,0,1,0
1,0,1,0
1,0,1,0
1,0,1,0
1,0,1,0
5,0,5,0
1,0,1,0
1,0,1,0
2,0,2,0
1,0,1,0
1,0,1,0
1,0,1,0
3,0,3,0
0,1,1,17
1,0,1,0
1,0,1,0
1,0,1,0
1,0,1,0
1,0,1,0
0,1,1,1
0,1,1,0
2,0,2,0
1,0,1,0
0,1,1,0
1,0,1,0
1,0,1,0
1,0,1,0
3,0,3,0
1,0,1,0
0,2,2,21
2,0,2,0
4,0,4,0
1,0,1,0
1,0,1,0
1,0,1,0
1,0,1,0
0,1,1,10
1,0,1,0
4,0,4,0
1,0,1,0
1,0,1,0
1,0,1,0
1,0,1,0
0,3,3,2
1,0,1,0
1,0,1,0
1,0,1,0
0,3,3,8
1,0,1,0
0,1,1,9
0,1,1,0
1,0,1,0
3,0,3,0
1,0,1,0
2,0,2,0
1,0,1,0
4,0,4,0
0,1,1,44
1,0,1,0
1,0,1,0
1,0,1,0
1,0,1,0
1,0,1,0
1,0,1,0
1,0,1,0
1,0,1,0
2,0,2,0
1,0,1,0
1,0,1,0
2,0,2,0
1,0,1,0
1,0,1,0
1,0,1,0
1,0,1,0
1,0,1,0
1,0,1,0
1,0,1,0
1,0,1,0
1,0,1,0
2,0,2,0
0,1,1,4
1,0,1,0
0,2,2,8
1,0,1,0
1,0,1,0
2,0,2,0
1,0,1,0
1,0,1,0
2,0,2,0
2,0,2,0
1,0,1,0
0,1,1,1
1,0,1,0
0,1,1,86
0,1,1,7
1,0,1,0
1,0,1,0
1,0,1,0
1,0,1,0
1,0,1,0
1,0,1,0
1,0,1,0
2,0,2,0
1,0,1,0
1,0,1,0
1,0,1,0
3,0,3,0
2,0,2,0
1,0,1,0
4,0,4,0
1,0,1,0
1,0,1,0
1,0,1,0
1,0,1,0
2,0,2,0
0,1,1,12
1,0,1,0
1,0,1,0
2,0,2,0
1,0,1,0
0,1,1,2
1,0,1,0
1,0,1,0
0,2,2,5
1,0,1,0
0,1,1,51
0,1,1,7
1,0,1,0
1,0,1,0
1,0,1,0
1,0,1,0
1,0,1,0
1,0,1,0
0,1,1,1
1,0,1,0
1,0,1,0
1,0,1,0
2,0,2,0
1,0,1,0
0,1,1,10
0,1,1,7
1,0,1,0
1,0,1,0
1,0,1,0
1,0,1,0
0,2,2,0
3,0,3,0
1,0,1,0
1,0,1,0
2,0,2,0
0,1,1,4
1,0,1,0
3,0,3,0
3,0,3,0
0,1,1,18
3,0,3,0
2,0,2,0
1,0,1,0
2,0,2,0
1,0,1,0
1,0,1,0
3,0,3,0
0,2,2,3
1,0,1,0
1,0,1,0
1,0,1,0
1,0,1,0
0,1,1,2
1,0,1,0
0,1,1,4
1,0,1,0
1,0,1,0
0,1,1,0
0,1,1,6
0,1,1,0
1,0,1,0
0,1,1,1
2,0,2,0
1,0,1,0
3,0,3,0
1,0,1,0
3,0,3,0
1,0,1,0
0,1,1,43
1,0,1,0
1,0,1,0
5,0,5,0
0,3,3,9
1,0,1,0
3,0,3,0
1,0,1,0
0,2,2,2
1,0,1,0
1,0,1,0
1,0,1,0
0,1,1,100
3,0,3,0
2,0,2,0
1,0,1,0
1,0,1,0
1,0,1,0
1,0,1,0
1,0,1,0
0,1,1,27
1,0,1,0
4,0,4,0
1,0,1,0
1,0,1,0
2,0,2,0
2,0,2,0
1,0,1,0
1,0,1,0
2,0,2,0
6,0,6,0
1,0,1,0
1,0,1,0
0,1,1,0
1,0,1,0
2,0,2,0
1,0,1,0
1,0,1,0
2,0,2,0
1,0,1,0
2,0,2,0
1,0,1,0
1,0,1,0
1,0,1,0
1,0,1,0
1,0,1,0
1,0,1,0
1,0,1,0
1,0,1,0
0,1,1,13
1,0,1,0
3,0,3,0
0,1,1,42
1,0,1,0
2,0,2,0
1,0,1,0
1,0,1,0
4,0,4,0
1,0,1,0
5,0,5,0
1,0,1,0
1,0,1,0
2,0,2,0
0,1,1,2
2,0,2,0
1,0,1,0
1,0,1,0
0,1,1,0
2,0,2,0
1,0,1,0
1,0,1,0
1,0,1,0
1,0,1,0
1,0,1,0
1,0,1,0
0,2,2,10
1,0,1,0
1,0,1,0
1,0,1,0
0,1,1,3
2,0,2,0
1,0,1,0
1,0,1,0
1,0,1,0
1,0,1,0
1,0,1,0
1,0,1,0
1,0,1,0
2,0,2,0
0,1,1,86
1,0,1,0
1,0,1,0
1,0,1,0
0,1,1,11
1,0,1,0
1,0,1,0
0,1,1,39
0,1,1,21
0,1,1,10
2,0,2,0
1,0,1,0
1,0,1,0
1,0,1,0
0,1,1,3
1,0,1,0
0,4,4,1
1,0,1,0
1,0,1,0
1,0,1,0
1,0,1,0
1,0,1,0
1,0,1,0
2,0,2,0
1,0,1,0
2,0,2,0
1,0,1,0
2,0,2,0
2,0,2,0
2,0,2,0
0,1,1,1
1,0,1,0
1,0,1,0
1,0,1,0
0,1,1,1
1,0,1,0
0,4,4,4
1,0,1,0
1,0,1,0
0,1,1,389
1,0,1,0
1,0,1,0
3,0,3,0
1,0,1,0
1,0,1,0
0,1,1,3
0,1,1,11
1,0,1,0
1,0,1,0
1,0,1,0
2,0,2,0
1,0,1,0
1,0,1,0
2,0,2,0
1,0,1,0
1,0,1,0
0,1,1,1
1,0,1,0
1,0,1,0
1,0,1,0
1,0,1,0
1,0,1,0
1,0,1,0
1,0,1,0
1,0,1,0
2,0,2,0
1,0,1,0
1,0,1,0
1,0,1,0
1,0,1,0
1,0,1,0
4,0,4,0
1,0,1,0
1,0,1,0
1,0,1,0
2,0,2,0
0,1,1,9
1,0,1,0
1,0,1,0
0,1,1,5
1,0,1,0
2,0,2,0
3,0,3,0
1,0,1,0
1,0,1,0
1,0,1,0
1,0,1,0
1,0,1,0
2,0,2,0
1,0,1,0
1,0,1,0
1,0,1,0
1,0,1,0
0,5,5,64
1,0,1,0
1,0,1,0
1,0,1,0
1,0,1,0
1,0,1,0
2,0,2,0
1,0,1,0
2,0,2,0
1,0,1,0
0,1,1,11
0,3,3,3
1,0,1,0
1,0,1,0
1,0,1,0
1,0,1,0
0,1,1,6
0,1,1,64
3,0,3,0
3,0,3,0
1,0,1,0
1,0,1,0
1,0,1,0
1,0,1,0
1,0,1,0
1,0,1,0
0,1,1,1
1,0,1,0
1,0,1,0
1,0,1,0
1,0,1,0
4,0,4,0
2,0,2,0
1,0,1,0
0,1,1,59
1,0,1,0
2,0,2,0
3,0,3,0
2,0,2,0
1,0,1,0
0,1,1,61
0,1,1,0
0,1,1,66
2,0,2,0
0,2,2,4
1,0,1,0
1,0,1,0
3,0,3,0
3,0,3,0
1,0,1,0
1,0,1,0
2,0,2,0
1,0,1,0
5,0,5,0
1,0,1,0
1,0,1,0
1,0,1,0
4,0,4,0
0,2,2,21
2,0,2,0
1,0,1,0
1,0,1,0
1,0,1,0
2,0,2,0
1,0,1,0
2,0,2,0
0,1,1,12
1,0,1,0
1,0,1,0
1,0,1,0
1,0,1,0
1,0,1,0
1,0,1,0
1,0,1,0
1,0,1,0
2,0,2,0
1,0,1,0
1,0,1,0
0,2,2,14
2,0,2,0
1,0,1,0
1,0,1,0
1,0,1,0
1,0,1,0
1,0,1,0
0,1,1,3
1,0,1,0
1,0,1,0
1,0,1,0
0,1,1,1
0,1,1,20
2,0,2,0
0,1,1,2
1,0,1,0
1,0,1,0
1,0,1,0
3,0,3,0
1,0,1,0
1,0,1,0
1,0,1,0
1,0,1,0
1,0,1,0
1,0,1,0
2,0,2,0
1,0,1,0
1,0,1,0
2,0,2,0
2,0,2,0
1,0,1,0
1,0,1,0
1,0,1,0
3,0,3,0
1,0,1,0
1,0,1,0
1,0,1,0
2,0,2,0
1,0,1,0
0,4,4,0
1,0,1,0
1,0,1,0
2,0,2,0
1,0,1,0
1,0,1,0
2,0,2,0
1,0,1,0
1,0,1,0
1,0,1,0
0,1,1,14
1,0,1,0
1,0,1,0
1,0,1,0
1,0,1,0
2,0,2,0
0,2,2,4
1,0,1,0
0,3,3,8
2,0,2,0
0,3,3,11
2,0,2,0
1,0,1,0
1,0,1,0
0,4,4,0
0,1,1,27
1,0,1,0
1,0,1,0
1,0,1,0
1,0,1,0
0,3,3,1
2,0,2,0
0,1,1,5
1,0,1,0
1,0,1,0
1,0,1,0
4,0,4,0
1,0,1,0
1,0,1,0
1,0,1,0
2,0,2,0
1,0,1,0
1,0,1,0
1,0,1,0
1,0,1,0
1,0,1,0
2,0,2,0
1,0,1,0
1,0,1,0
2,0,2,0
0,1,1,0
3,0,3,0
2,0,2,0
2,0,2,0
2,0,2,0
1,0,1,0
1,0,1,0
1,0,1,0
1,0,1,0
2,0,2,0
4,0,4,0
1,0,1,0
2,0,2,0
1,0,1,0
2,0,2,0
1,0,1,0
0,1,1,7
2,0,2,0
1,0,1,0
1,0,1,0
3,0,3,0
1,0,1,0
1,0,1,0
0,1,1,12
0,1,1,8
0,1,1,71
1,0,1,0
1,0,1,0
0,2,2,1
1,0,1,0
1,0,1,0
2,0,2,0
1,0,1,0
1,0,1,0
1,0,1,0
0,1,1,2
1,0,1,0
1,0,1,0
1,0,1,0
1,0,1,0
2,0,2,0
0,1,1,40
3,0,3,0
1,0,1,0
1,0,1,0
1,0,1,0
0,1,1,7
0,1,1,0
1,0,1,0
2,0,2,0
1,0,1,0
4,0,4,0
2,0,2,0
1,0,1,0
1,0,1,0
1,0,1,0
4,0,4,0
1,0,1,0
2,0,2,0
1,0,1,0
1,0,1,0
0,1,1,0
1,0,1,0
2,0,2,0
1,0,1,0
1,0,1,0
1,0,1,0
1,0,1,0
1,0,1,0
1,0,1,0
1,0,1,0
1,0,1,0
0,2,2,4
1,0,1,0
1,0,1,0
1,0,1,0
3,0,3,0
3,0,3,0
1,0,1,0
1,0,1,0
0,1,1,5
1,0,1,0
1,0,1,0
0,1,1,0
1,0,1,0
1,0,1,0
1,0,1,0
1,0,1,0
0,1,1,1
1,0,1,0
3,0,3,0
1,0,1,0
1,0,1,0
1,0,1,0
1,0,1,0
1,0,1,0
1,0,1,0
1,0,1,0
2,0,2,0
1,0,1,0
1,0,1,0
0,1,1,1
1,0,1,0
2,0,2,0
1,0,1,0
1,0,1,0
3,0,3,0
1,0,1,0
0,1,1,7
1,0,1,0
2,0,2,0
1,0,1,0
1,0,1,0
1,0,1,0
1,0,1,0
1,0,1,0
2,0,2,0
1,0,1,0
1,0,1,0
1,0,1,0
2,0,2,0
0,1,1,4
1,0,1,0
0,2,2,20
1,0,1,0
1,0,1,0
0,1,1,11
2,0,2,0
0,1,1,97
1,0,1,0
1,0,1,0
0,1,1,0
3,0,3,0
1,0,1,0
1,0,1,0
1,0,1,0
1,0,1,0
0,1,1,35
1,0,1,0
1,0,1,0
0,1,1,0
1,0,1,0
1,0,1,0
1,0,1,0
2,0,2,0
2,0,2,0
1,0,1,0
1,0,1,0
1,0,1,0
1,0,1,0
0,1,1,1
1,0,1,0
0,1,1,5
2,0,2,0
0,2,2,73
1,0,1,0
1,0,1,0
1,0,1,0
0,1,1,1
1,0,1,0
1,0,1,0
1,0,1,0
1,0,1,0
1,0,1,0
0,1,1,6
1,0,1,0
1,0,1,0
1,0,1,0
1,0,1,0
1,0,1,0
2,0,2,0
1,0,1,0
1,0,1,0
1,0,1,0
0,2,2,92
1,0,1,0
0,1,1,1
1,0,1,0
1,0,1,0
1,0,1,0
1,0,1,0
1,0,1,0
4,0,4,0
1,0,1,0
2,0,2,0
1,0,1,0
1,0,1,0
2,0,2,0
1,0,1,0
1,0,1,0
1,0,1,0
1,0,1,0
1,0,1,0
1,0,1,0
3,0,3,0
1,0,1,0
1,0,1,0
2,0,2,0
3,0,3,0
2,0,2,0
1,0,1,0
1,0,1,0
2,0,2,0
1,0,1,0
1,0,1,0
5,0,5,0
0,3,3,26
1,0,1,0
1,0,1,0
1,0,1,0
1,0,1,0
2,0,2,0
2,0,2,0
1,0,1,0
1,0,1,0
1,0,1,0
2,0,2,0
3,0,3,0
0,4,4,37
1,0,1,0
1,0,1,0
1,0,1,0
1,0,1,0
1,0,1,0
0,2,2,5
1,0,1,0
3,0,3,0
1,0,1,0
1,0,1,0
2,0,2,0
2,0,2,0
1,0,1,0
0,1,1,11
1,0,1,0
1,0,1,0
1,0,1,0
2,0,2,0
1,0,1,0
1,0,1,0
2,0,2,0
2,0,2,0
1,0,1,0
1,0,1,0
1,0,1,0
1,0,1,0
2,0,2,0
1,0,1,0
1,0,1,0
2,0,2,0
1,0,1,0
2,0,2,0
1,0,1,0
2,0,2,0
2,0,2,0
1,0,1,0
2,0,2,0
4,0,4,0
1,0,1,0
1,0,1,0
1,0,1,0
1,0,1,0
0,2,2,5
0,1,1,19
1,0,1,0
0,1,1,0
0,5,5,2
1,0,1,0
0,1,1,2
1,0,1,0
2,0,2,0
1,0,1,0
2,0,2,0
0,1,1,40
1,0,1,0
0,1,1,4
1,0,1,0
0,1,1,20
1,0,1,0
0,1,1,0
3,0,3,0
1,0,1,0
2,0,2,0
1,0,1,0
0,1,1,35
0,1,1,38
1,0,1,0
1,0,1,0
1,0,1,0
2,0,2,0
1,0,1,0
1,0,1,0
1,0,1,0
1,0,1,0
1,0,1,0
1,0,1,0
1,0,1,0
1,0,1,0
0,2,2,11
3,0,3,0
0,1,1,10
1,0,1,0
3,0,3,0
1,0,1,0
1,0,1,0
1,0,1,0
1,0,1,0
2,0,2,0
1,0,1,0
1,0,1,0
1,0,1,0
1,0,1,0
2,0,2,0
1,0,1,0
1,0,1,0
0,1,1,20
1,0,1,0
1,0,1,0
2,0,2,0
1,0,1,0
1,0,1,0
3,0,3,0
1,0,1,0
1,0,1,0
1,0,1,0
1,0,1,0
1,0,1,0
1,0,1,0
1,0,1,0
1,0,1,0
1,0,1,0
1,0,1,0
0,1,1,24
1,0,1,0
2,0,2,0
1,0,1,0
1,0,1,0
1,0,1,0
1,0,1,0
1,0,1,0
0,1,1,0
2,0,2,0
1,0,1,0
1,0,1,0
1,0,1,0
0,1,1,11
1,0,1,0
1,0,1,0
1,0,1,0
1,0,1,0
1,0,1,0
0,1,1,6
1,0,1,0
2,0,2,0
2,0,2,0
2,0,2,0
1,0,1,0
1,0,1,0
1,0,1,0
0,1,1,27
1,0,1,0
1,0,1,0
1,0,1,0
1,0,1,0
1,0,1,0
1,0,1,0
1,0,1,0
1,0,1,0
1,0,1,0
1,0,1,0
0,1,1,0
1,0,1,0
1,0,1,0
1,0,1,0
1,0,1,0
1,0,1,0
1,0,1,0
1,0,1,0
1,0,1,0
1,0,1,0
2,0,2,0
1,0,1,0
1,0,1,0
1,0,1,0
1,0,1,0
0,2,2,1
1,0,1,0
0,2,2,8
1,0,1,0
1,0,1,0
1,0,1,0
0,1,1,67
3,0,3,0
1,0,1,0
2,0,2,0
1,0,1,0
1,0,1,0
1,0,1,0
2,0,2,0
1,0,1,0
2,0,2,0
2,0,2,0
1,0,1,0
0,1,1,8
1,0,1,0
5,0,5,0
0,4,4,1
0,1,1,65
0,1,1,11
0,1,1,35
4,0,4,0
3,0,3,0
1,0,1,0
0,1,1,6
2,0,2,0
1,0,1,0
1,0,1,0
1,0,1,0
0,1,1,20
1,0,1,0
1,0,1,0
4,0,4,0
1,0,1,0
4,0,4,0
1,0,1,0
2,0,2,0
1,0,1,0
1,0,1,0
1,0,1,0
1,0,1,0
1,0,1,0
1,0,1,0
0,2,2,70
1,0,1,0
0,1,1,6
0,1,1,19
3,0,3,0
1,0,1,0
1,0,1,0
0,1,1,9
1,0,1,0
1,0,1,0
1,0,1,0
3,0,3,0
1,0,1,0
1,0,1,0
1,0,1,0
0,1,1,3
0,1,1,7
1,0,1,0
1,0,1,0
1,0,1,0
0,1,1,92
0,1,1,3
1,0,1,0
1,0,1,0
0,1,1,4
0,4,4,39
1,0,1,0
1,0,1,0
5,0,5,0
0,3,3,22
0,2,2,12
2,0,2,0
0,1,1,0
1,0,1,0
2,0,2,0
0,1,1,0
1,0,1,0
1,0,1,0
2,0,2,0
4,0,4,0
1,0,1,0
2,0,2,0
2,0,2,0
1,0,1,0
2,0,2,0
1,0,1,0
4,0,4,0
1,0,1,0
1,0,1,0
1,0,1,0
1,0,1,0
2,0,2,0
0,1,1,2
3,0,3,0
1,0,1,0
0,1,1,48
1,0,1,0
1,0,1,0
0,1,1,2
0,2,2,3
1,0,1,0
1,0,1,0
1,0,1,0
1,0,1,0
1,0,1,0
0,1,1,0
1,0,1,0
0,1,1,4
2,0,2,0
0,1,1,7
1,0,1,0
1,0,1,0
2,0,2,0
0,1,1,1
1,0,1,0
1,0,1,0
1,0,1,0
1,0,1,0
0,1,1,68
1,0,1,0
1,0,1,0
0,1,1,1
1,0,1,0
1,0,1,0
1,0,1,0
1,0,1,0
1,0,1,0
1,0,1,0
2,0,2,0
1,0,1,0
1,0,1,0
7,0,7,0
1,0,1,0
1,0,1,0
3,0,3,0
1,0,1,0
4,0,4,0
1,0,1,0
0,1,1,4
4,0,4,0
3,0,3,0
1,0,1,0
1,0,1,0
1,0,1,0
1,0,1,0
1,0,1,0
1,0,1,0
1,0,1,0
1,0,1,0
1,0,1,0
1,0,1,0
2,0,2,0
1,0,1,0
2,0,2,0
0,1,1,7
1,0,1,0
2,0,2,0
2,0,2,0
1,0,1,0
2,0,2,0
1,0,1,0
2,0,2,0
2,0,2,0
1,0,1,0
0,1,1,23
4,0,4,0
1,0,1,0
1,0,1,0
1,0,1,0
1,0,1,0
1,0,1,0
1,0,1,0
2,0,2,0
0,1,1,0
1,0,1,0
1,0,1,0
3,0,3,0
1,0,1,0
1,0,1,0
1,0,1,0
0,1,1,10
0,1,1,4
1,0,1,0
0,1,1,12
1,0,1,0
1,0,1,0
1,0,1,0
2,0,2,0
1,0,1,0
1,0,1,0
1,0,1,0
1,0,1,0
0,1,1,18
1,0,1,0
1,0,1,0
1,0,1,0
1,0,1,0
1,0,1,0
1,0,1,0
1,0,1,0
1,0,1,0
2,0,2,0
0,1,1,2
5,0,5,0
1,0,1,0
1,0,1,0
4,0,4,0
2,0,2,0
1,0,1,0
1,0,1,0
1,0,1,0
1,0,1,0
1,0,1,0
1,0,1,0
1,0,1,0
2,0,2,0
1,0,1,0
1,0,1,0
2,0,2,0
2,0,2,0
0,2,2,19
1,0,1,0
0,1,1,2
1,0,1,0
3,0,3,0
1,0,1,0
3,0,3,0
1,0,1,0
2,0,2,0
1,0,1,0
2,0,2,0
0,2,2,66
1,0,1,0
0,1,1,0
0,1,1,0
1,0,1,0
1,0,1,0
1,0,1,0
2,0,2,0
1,0,1,0
1,0,1,0
0,1,1,43
1,0,1,0
3,0,3,0
0,3,3,15
1,0,1,0
0,2,2,11
1,0,1,0
1,0,1,0
1,0,1,0
1,0,1,0
1,0,1,0
2,0,2,0
1,0,1,0
1,0,1,0
1,0,1,0
0,1,1,1
2,0,2,0
0,1,1,3
1,0,1,0
1,0,1,0
2,0,2,0
2,0,2,0
0,1,1,17
1,0,1,0
1,0,1,0
0,1,1,140
2,0,2,0
0,3,3,23
1,0,1,0
1,0,1,0
1,0,1,0
1,0,1,0
1,0,1,0
1,0,1,0
0,1,1,10
1,0,1,0
2,0,2,0
0,1,1,2
3,0,3,0
1,0,1,0
1,0,1,0
1,0,1,0
0,1,1,5
2,0,2,0
2,0,2,0
2,0,2,0
1,0,1,15
1,0,1,0
0,1,1,3
1,0,1,0
0,2,2,6
1,0,1,0
0,1,1,0
0,1,1,3
0,1,1,16
1,0,1,0
1,0,1,0
1,0,1,0
1,0,1,0
6,0,6,0
1,0,1,0
1,0,1,0
1,0,1,0
0,1,1,21
1,0,1,0
1,0,1,0
1,0,1,58
1,0,1,0
1,0,1,0
1,0,1,0
1,0,1,0
3,0,3,0
1,0,1,0
2,0,2,0
2,0,2,0
2,0,2,0
1,0,1,0
1,0,1,0
2,0,2,0
1,0,1,0
2,0,2,0
1,0,1,0
0,3,3,6
1,0,1,0
1,0,1,0
0,2,2,28
1,0,1,0
1,0,1,0
2,0,2,0
5,0,5,0
2,0,2,0
1,0,1,0
1,0,1,0
1,0,1,0
2,0,2,0
0,1,1,7
1,0,1,0
2,0,2,0
1,0,1,0
1,0,1,0
1,0,1,0
0,1,1,30
1,0,1,0
1,0,1,0
0,1,1,96
1,0,1,0
1,0,1,0
1,0,1,0
1,0,1,0
1,0,1,0
1,0,1,0
1,0,1,0
1,0,1,0
1,0,1,0
0,3,3,2
1,0,1,0
1,0,1,0
0,2,2,5
1,0,1,0
6,0,6,0
2,0,2,0
0,1,1,0
1,0,1,0
1,0,1,0
2,0,2,0
0,1,1,50
1,0,1,0
2,0,2,0
1,0,1,0
1,0,1,0
1,0,1,0
1,0,1,0
0,2,2,7
1,0,1,0
1,0,1,0
1,0,1,0
1,0,1,0
1,0,1,0
1,0,1,0
1,0,1,0
1,0,1,0
1,0,1,0
1,0,1,0
1,0,1,0
1,0,1,0
1,0,1,0
1,0,1,0
1,0,1,0
1,0,1,0
0,1,1,10
1,0,1,0
1,0,1,0
1,0,1,0
1,0,1,0
1,0,1,0
1,0,1,0
2,0,2,0
1,0,1,0
0,1,1,5
1,0,1,0
2,0,2,0
1,0,1,0
1,0,1,0
2,0,2,0
2,0,2,0
1,0,1,9
0,1,1,14
1,0,1,0
1,0,1,0
1,0,1,0
1,0,1,0
1,0,1,0
1,0,1,0
1,0,1,0
1,0,1,0
0,1,1,20
2,0,2,0
1,0,1,0
1,0,1,0
1,0,1,0
3,0,3,0
0,2,2,0
0,1,1,2
1,0,1,0
0,1,1,15
0,1,1,4
1,0,1,0
0,1,1,15
0,2,2,44
0,1,1,5
1,0,1,0
1,0,1,0
1,0,1,0
1,0,1,0
1,0,1,0
4,0,4,0
1,0,1,0
0,1,1,1
1,0,1,0
1,0,1,0
1,0,1,0
1,0,1,0
1,0,1,0
1,0,1,0
1,0,1,0
0,2,2,12
3,0,3,0
1,0,1,0
0,1,1,6
1,0,1,0
1,0,1,0
1,0,1,0
1,0,1,0
0,1,1,53
1,0,1,0
0,1,1,25
1,0,1,0
1,0,1,0
1,0,1,0
1,0,1,0
1,0,1,0
0,1,1,1
0,2,2,0
1,0,1,0
1,0,1,0
1,0,1,0
1,0,1,0
1,0,1,0
1,0,1,0
1,0,1,0
1,0,1,0
1,0,1,0
1,0,1,0
1,0,1,0
1,0,1,0
2,0,2,0
0,4,4,43
1,0,1,0
1,0,1,0
1,0,1,0
0,1,1,0
1,0,1,0
1,0,1,0
1,0,1,0
1,0,1,0
0,1,1,14
2,0,2,0
2,0,2,0
2,0,2,0
1,0,1,0
0,1,1,21
1,0,1,0
1,0,1,0
1,0,1,0
1,0,1,0
1,0,1,0
1,0,1,0
1,0,1,0
2,0,2,0
1,0,1,0
0,2,2,13
3,0,3,0
1,0,1,0
1,0,1,0
1,0,1,0
1,0,1,0
1,0,1,0
1,0,1,0
1,0,1,0
0,1,1,0
1,0,1,0
1,0,1,0
1,0,1,0
4,0,4,0
1,0,1,0
1,0,1,0
1,0,1,0
2,0,2,0
1,0,1,0
1,0,1,0
1,0,1,0
1,0,1,0
1,0,1,0
0,1,1,1
0,1,1,7
2,0,2,0
3,0,3,0
1,0,1,0
1,0,1,0
1,0,1,0
1,0,1,0
1,0,1,0
1,0,1,0
2,0,2,0
1,0,1,0
1,0,1,0
2,0,2,0
1,0,1,0
2,0,2,0
1,0,1,0
1,0,1,0
1,0,1,0
0,1,1,0
2,0,2,0
1,0,1,0
1,0,1,0
0,2,2,0
1,0,1,0
1,0,1,0
0,3,3,10
1,0,1,0
1,0,1,0
1,0,1,0
2,0,2,0
1,0,1,0
1,0,1,0
1,0,1,0
0,1,1,13
1,0,1,0
2,0,2,0
0,1,1,45
1,0,1,0
1,0,1,0
1,0,1,0
0,1,1,2
1,0,1,0
1,0,1,0
1,0,1,0
1,0,1,0
1,0,1,0
1,0,1,0
0,1,1,2
1,0,1,0
1,0,1,0
1,0,1,0
1,0,1,0
1,0,1,0
1,0,1,0
1,0,1,0
1,0,1,0
1,0,1,0
1,0,1,0
1,0,1,0
2,0,2,0
1,0,1,0
1,0,1,0
1,0,1,0
1,0,1,0
1,0,1,0
1,0,1,0
1,0,1,0
0,1,1,80
2,0,2,0
0,1,1,80
1,0,1,0
1,0,1,0
1,0,1,0
1,0,1,0
1,0,1,0
0,1,1,2
2,0,2,0
1,0,1,0
2,0,2,0
1,0,1,0
1,0,1,0
1,0,1,0
1,0,1,0
1,0,1,0
1,0,1,0
1,0,1,0
0,2,2,17
0,1,1,37
1,0,1,0
1,0,1,0
0,1,1,11
1,0,1,0
1,0,1,0
1,0,1,0
1,0,1,0
1,0,1,0
0,1,1,21
1,0,1,0
1,0,1,0
5,0,5,0
1,0,1,0
1,0,1,0
1,0,1,0
2,0,2,0
1,0,1,0
1,0,1,0
1,0,1,0
1,0,1,0
3,0,3,0
2,0,2,0
1,0,1,0
1,0,1,0
1,0,1,0
3,0,3,0
1,0,1,0
1,0,1,0
1,0,1,0
0,1,1,0
1,0,1,0
1,0,1,0
1,0,1,0
2,0,2,0
1,0,1,0
1,0,1,0
0,1,1,0
1,0,1,0
2,0,2,0
1,0,1,0
1,0,1,0
1,0,1,0
1,0,1,0
2,0,2,0
0,1,1,15
1,0,1,0
1,0,1,0
3,0,3,0
1,0,1,0
1,0,1,0
1,0,1,0
1,0,1,0
1,0,1,0
1,0,1,0
1,0,1,0
0,1,1,48
1,0,1,0
1,0,1,0
1,0,1,0
3,0,3,0
2,0,2,0
0,1,1,9
2,0,2,0
1,0,1,0
4,0,4,0
1,0,1,0
1,0,1,0
1,0,1,0
2,0,2,0
1,0,1,0
0,4,4,5
1,0,1,0
1,0,1,0
1,0,1,0
1,0,1,0
0,1,1,241
1,0,1,0
1,0,1,0
0,2,2,13
1,0,1,0
0,1,1,81
1,0,1,0
1,0,1,0
1,0,1,0
2,0,2,0
1,0,1,0
0,1,1,66
2,0,2,0
1,0,1,0
1,0,1,0
0,1,1,41
0,1,1,60
2,0,2,0
1,0,1,0
1,0,1,0
0,1,1,9
0,2,2,4
1,0,1,0
1,0,1,0
1,0,1,0
1,0,1,0
1,0,1,0
1,0,1,0
1,0,1,0
1,0,1,0
0,1,1,12
1,0,1,0
1,0,1,0
1,0,1,0
8,0,8,0
2,0,2,0
1,0,1,0
1,0,1,0
1,0,1,0
1,0,1,0
1,0,1,0
1,0,1,0
1,0,1,0
2,0,2,0
1,0,1,0
1,0,1,0
2,0,2,0
1,0,1,0
1,0,1,0
2,0,2,0
1,0,1,0
1,0,1,0
1,0,1,0
0,1,1,5
1,0,1,0
1,0,1,0
1,0,1,0
1,0,1,0
1,0,1,0
2,0,2,0
2,0,2,0
1,0,1,0
3,0,3,0
1,0,1,0
2,0,2,0
0,2,2,2
1,0,1,0
1,0,1,0
1,0,1,0
1,0,1,0
1,0,1,0
1,0,1,0
1,0,1,0
3,0,3,0
0,1,1,133
1,0,1,0
1,0,1,0
1,0,1,0
1,0,1,0
1,0,1,0
1,0,1,0
0,1,1,63
0,1,1,14
1,0,1,0
1,0,1,0
0,1,1,33
1,0,1,0
1,0,1,0
2,0,2,0
1,0,1,0
0,1,1,18
1,0,1,0
1,0,1,0
2,0,2,0
1,0,1,0
1,0,1,0
1,0,1,0
1,0,1,0
1,0,1,0
1,0,1,0
0,1,1,55
1,0,1,0
1,0,1,0
1,0,1,0
1,0,1,0
1,0,1,0
2,0,2,0
3,0,3,0
2,0,2,0
2,0,2,0
1,0,1,0
0,1,1,5
0,2,2,0
1,0,1,0
1,0,1,0
3,0,3,0
1,0,1,0
0,1,1,34
1,0,1,0
1,0,1,0
2,0,2,0
0,1,1,6
0,1,1,9
1,0,1,0
1,0,1,0
1,0,1,0
1,0,1,0
1,0,1,0
1,0,1,0
1,0,1,0
1,0,1,0
1,0,1,0
1,0,1,0
1,0,1,0
1,0,1,0
1,0,1,0
1,0,1,0
1,0,1,0
1,0,1,0
1,0,1,0
0,1,1,4
1,0,1,0
1,0,1,0
0,1,1,0
1,0,1,0
1,0,1,0
0,1,1,1
2,0,2,0
1,0,1,0
1,0,1,0
2,0,2,0
1,0,1,0
0,1,1,26
1,0,1,0
1,0,1,0
1,0,1,0
0,1,1,3
2,0,2,0
2,0,2,0
3,0,3,0
1,0,1,0
0,2,2,0
0,2,2,12
1,0,1,0
0,1,1,1
1,0,1,0
1,0,1,0
2,0,2,0
0,1,1,11
0,1,1,5
2,0,2,0
1,0,1,0
5,0,5,0
1,0,1,0
1,0,1,0
3,0,3,0
3,0,3,0
1,0,1,0
1,0,1,0
1,0,1,0
1,0,1,0
1,0,1,0
1,0,1,0
3,0,3,0
1,0,1,0
1,0,1,0
1,0,1,0
0,1,1,42
1,0,1,0
2,0,2,0
1,0,1,0
1,0,1,0
1,0,1,0
1,0,1,0
0,1,1,11
0,1,1,56
1,0,1,0
0,2,2,5
3,0,3,0
0,1,1,1
1,0,1,0
3,0,3,0
1,0,1,0
0,1,1,173
1,0,1,0
2,0,2,0
2,0,2,0
1,0,1,0
1,0,1,0
1,0,1,0
1,0,1,0
0,2,2,3
2,0,2,0
1,0,1,0
2,0,2,0
1,0,1,0
0,1,1,19
0,1,1,0
1,0,1,0
0,1,1,22
1,0,1,0
1,0,1,0
1,0,1,0
1,0,1,0
1,0,1,0
1,0,1,0
0,1,1,3
0,1,1,15
1,0,1,0
1,0,1,0
1,0,1,0
1,0,1,0
1,0,1,0
1,0,1,0
1,0,1,0
2,0,2,0
1,0,1,0
1,0,1,0
2,0,2,0
1,0,1,0
1,0,1,0
3,0,3,0
1,0,1,0
1,0,1,0
1,0,1,0
1,0,1,0
1,0,1,0
0,1,1,0
1,0,1,0
2,0,2,0
0,2,2,39
1,0,1,0
1,0,1,0
1,0,1,0
1,0,1,0
1,0,1,0
1,0,1,0
1,0,1,0
1,0,1,0
1,0,1,0
2,0,2,0
1,0,1,0
1,0,1,0
1,0,1,0
1,0,1,0
1,0,1,0
1,0,1,0
1,0,1,0
2,0,2,0
1,0,1,0
1,0,1,0
1,0,1,0
2,0,2,0
1,0,1,0
1,0,1,0
1,0,1,0
1,0,1,0
1,0,1,0
1,0,1,0
1,0,1,0
1,0,1,0
0,1,1,65
1,0,1,0
1,0,1,0
1,0,1,0
0,1,1,27
2,0,2,0
0,2,2,82
1,0,1,0
1,0,1,0
1,0,1,0
1,0,1,0
1,0,1,0
0,1,1,1
1,0,1,0
1,0,1,0
1,0,1,0
0,1,1,1
0,1,1,60
1,0,1,0
2,0,2,0
0,1,1,35
0,1,1,8
1,0,1,0
1,0,1,0
2,0,2,0
1,0,1,0
1,0,1,0
2,0,2,0
2,0,2,0
1,0,1,0
1,0,1,0
0,1,1,3
1,0,1,0
0,1,1,3
0,4,4,29
0,1,1,0
4,0,4,0
1,0,1,0
0,1,1,12
2,0,2,0
1,0,1,0
0,1,1,9
1,0,1,0
0,2,2,6
3,0,3,0
1,0,1,0
2,0,2,0
1,0,1,0
5,0,5,0
1,0,1,0
1,0,1,0
0,1,1,5
3,0,3,0
1,0,1,0
2,0,2,0
1,0,1,0
2,0,2,0
1,0,1,0
1,0,1,0
4,0,4,0
0,1,1,0
1,0,1,0
2,0,2,0
0,3,3,14
0,1,1,12
1,0,1,0
0,1,1,33
1,0,1,0
1,0,1,0
3,0,3,0
1,0,1,0
1,0,1,0
1,0,1,0
1,0,1,0
1,0,1,0
1,0,1,0
1,0,1,0
1,0,1,0
1,0,1,0
1,0,1,0
1,0,1,0
1,0,1,0
1,0,1,0
1,0,1,0
1,0,1,0
1,0,1,0
1,0,1,0
1,0,1,0
3,0,3,0
1,0,1,0
2,0,2,0
1,0,1,0
1,0,1,0
2,0,2,0
0,2,2,179
1,0,1,0
1,0,1,0
0,1,1,21
1,0,1,0
1,0,1,0
1,0,1,0
2,0,2,0
1,0,1,0
1,0,1,0
2,0,2,0
1,0,1,0
1,0,1,0
0,1,1,5
1,0,1,0
1,0,1,0
1,0,1,0
2,0,2,0
1,0,1,0
1,0,1,0
1,0,1,0
2,0,2,0
1,0,1,0
1,0,1,0
2,0,2,0
0,3,3,0
1,0,1,0
1,0,1,0
0,2,2,10
2,0,2,0
4,0,4,0
0,1,1,3
2,0,2,0
1,0,1,0
1,0,1,0
2,0,2,0
0,1,1,10
2,0,2,0
1,0,1,0
1,0,1,0
0,1,1,9
0,1,1,4
1,0,1,0
2,0,2,0
0,1,1,11
1,0,1,0
1,0,1,0
1,0,1,0
2,0,2,0
2,0,2,0
1,0,1,0
1,0,1,0
0,2,2,1
1,0,1,0
1,0,1,0
0,1,1,9
1,0,1,0
1,0,1,0
2,0,2,0
0,2,2,0
4,0,4,0
1,0,1,0
2,0,2,0
1,0,1,0
0,1,1,6
1,0,1,0
0,1,1,99
3,0,3,0
1,0,1,0
0,1,1,14
1,0,1,0
1,0,1,0
0,1,1,4
1,0,1,0
1,0,1,0
1,0,1,0
6,0,6,0
2,0,2,0
0,1,1,12
0,1,1,20
0,1,1,0
1,0,1,0
1,0,1,0
2,0,2,0
1,0,1,0
1,0,1,0
1,0,1,0
1,0,1,0
1,0,1,0
1,0,1,0
2,0,2,0
1,0,1,0
1,0,1,0
1,0,1,0
1,0,1,0
1,0,1,0
1,0,1,0
1,0,1,0
0,1,1,60
1,0,1,0
0,1,1,2
1,0,1,0
1,0,1,0
1,0,1,0
1,0,1,0
1,0,1,0
2,0,2,0
1,0,1,0
1,0,1,0
1,0,1,0
1,0,1,0
1,0,1,0
3,0,3,0
0,1,1,21
1,0,1,0
1,0,1,0
0,1,1,0
1,0,1,0
5,0,5,0
1,0,1,0
2,0,2,0
1,0,1,0
1,0,1,0
1,0,1,0
1,0,1,0
1,0,1,0
2,0,2,0
1,0,1,0
1,0,1,0
3,0,3,0
1,0,1,0
1,0,1,0
1,0,1,0
1,0,1,0
1,0,1,0
1,0,1,0
2,0,2,0
1,0,1,0
0,1,1,29
1,0,1,0
1,0,1,0
2,0,2,0
0,1,1,1
2,0,2,0
4,0,4,0
1,0,1,0
1,0,1,0
2,0,2,0
1,0,1,0
1,0,1,0
1,0,1,0
0,1,1,18
1,0,1,0
1,0,1,0
1,0,1,0
1,0,1,0
1,0,1,0
1,0,1,0
1,0,1,0
2,0,2,0
2,0,2,0
2,0,2,0
1,0,1,0
1,0,1,0
0,1,1,1
2,0,2,0
1,0,1,0
1,0,1,0
0,1,1,0
1,0,1,0
1,0,1,0
1,0,1,0
3,0,3,0
1,0,1,0
1,0,1,0
2,0,2,0
1,0,1,0
1,0,1,0
1,0,1,0
1,0,1,0
0,1,1,0
1,0,1,0
0,2,2,78
0,2,2,14
1,0,1,0
1,0,1,0
1,0,1,0
2,0,2,0
1,0,1,0
2,0,2,0
2,0,2,0
1,0,1,0
1,0,1,0
0,1,1,1
0,1,1,3
1,0,1,0
2,0,2,0
1,0,1,0
2,0,2,0
0,1,1,9
1,0,1,0
1,0,1,0
1,0,1,0
1,0,1,0
2,0,2,0
1,0,1,0
4,0,4,0
1,0,1,0
1,0,1,0
2,0,2,0
1,0,1,0
2,0,2,0
1,0,1,0
2,0,2,0
1,0,1,0
0,1,1,31
2,0,2,0
1,0,1,0
1,0,1,0
1,0,1,0
1,0,1,0
2,0,2,0
0,6,6,5
1,0,1,0
1,0,1,0
0,1,1,4
1,0,1,0
1,0,1,0
0,2,2,24
1,0,1,0
2,0,2,0
1,0,1,0
1,0,1,0
0,1,1,67
2,0,2,0
1,0,1,0
1,0,1,0
3,0,3,0
0,1,1,14
1,0,1,0
1,0,1,0
1,0,1,0
1,0,1,0
0,2,2,53
1,0,1,0
1,0,1,0
1,0,1,0
0,1,1,1
1,0,1,0
1,0,1,0
1,0,1,0
1,0,1,0
0,1,1,0
1,0,1,0
1,0,1,0
1,0,1,0
3,0,3,0
1,0,1,0
2,0,2,0
1,0,1,0
1,0,1,0
0,1,1,3
1,0,1,0
1,0,1,0
0,3,3,11
0,1,1,31
1,0,1,0
1,0,1,0
0,2,2,6
1,0,1,0
1,0,1,0
0,2,2,31
1,0,1,0
1,0,1,0
1,0,1,0
3,0,3,0
0,1,1,91
1,0,1,0
0,2,2,8
0,1,1,38
1,0,1,0
1,0,1,0
1,0,1,0
1,0,1,0
1,0,1,0
1,0,1,0
1,0,1,0
1,0,1,0
1,0,1,0
1,0,1,0
1,0,1,0
1,0,1,0
1,0,1,0
0,1,1,1
1,0,1,0
1,0,1,0
0,1,1,23
1,0,1,0
0,1,1,15
2,0,2,0
1,0,1,0
1,0,1,0
1,0,1,0
2,0,2,0
1,0,1,0
0,3,3,2
1,0,1,0
1,0,1,0
2,0,2,0
0,3,3,192
5,0,5,0
4,0,4,0
2,0,2,0
4,0,4,0
1,0,1,0
0,1,1,6
1,0,1,0
2,0,2,0
1,0,1,0
1,0,1,0
2,0,2,0
1,0,1,0
1,0,1,0
0,1,1,0
1,0,1,0
2,0,2,0
1,0,1,0
1,0,1,0
1,0,1,0
1,0,1,0
1,0,1,0
1,0,1,0
2,0,2,0
1,0,1,0
1,0,1,0
1,0,1,0
1,0,1,0
2,0,2,0
2,0,2,0
1,0,1,0
1,0,1,0
1,0,1,0
2,0,2,0
1,0,1,0
2,0,2,0
0,2,2,35
2,0,2,0
1,0,1,0
2,0,2,0
3,0,3,0
2,0,2,0
0,5,5,0
1,0,1,0
0,1,1,7
1,0,1,0
1,0,1,0
1,0,1,0
1,0,1,0
0,1,1,26
1,0,1,0
0,1,1,6
0,1,1,5
1,0,1,0
0,4,4,20
2,0,2,0
1,0,1,0
1,0,1,0
0,3,3,4
1,0,1,0
1,0,1,0
1,0,1,0
1,0,1,0
1,0,1,0
3,0,3,0
1,0,1,0
1,0,1,0
2,0,2,0
2,0,2,0
1,0,1,0
1,0,1,0
0,2,2,10
1,0,1,0
1,0,1,0
1,0,1,0
1,0,1,0
1,0,1,0
0,2,2,3
1,0,1,0
1,0,1,0
1,0,1,0
1,0,1,0
2,0,2,0
1,0,1,0
1,0,1,0
2,0,2,0
1,0,1,0
1,0,1,0
2,0,2,0
1,0,1,0
1,0,1,0
2,0,2,0
1,0,1,0
0,1,1,1
1,0,1,0
2,0,2,0
2,0,2,0
1,0,1,0
2,0,2,0
1,0,1,0
2,0,2,0
1,0,1,0
0,2,2,3
1,0,1,0
1,0,1,0
1,0,1,0
1,0,1,0
0,1,1,0
2,0,2,0
1,0,1,0
3,0,3,0
1,0,1,0
0,2,2,8
2,0,2,0
1,0,1,0
1,0,1,0
1,0,1,0
1,0,1,0
1,0,1,0
1,0,1,0
3,0,3,0
1,0,1,0
1,0,1,0
1,0,1,0
0,3,3,2
2,0,2,0
1,0,1,0
1,0,1,0
1,0,1,0
2,0,2,0
0,1,1,4
1,0,1,0
1,0,1,0
1,0,1,0
0,1,1,17
1,0,1,0
2,0,2,8
0,3,3,1
0,1,1,26
1,0,1,0
1,0,1,0
4,0,4,0
2,0,2,0
1,0,1,0
1,0,1,0
1,0,1,0
1,0,1,0
1,0,1,0
1,0,1,0
1,0,1,0
2,0,2,0
1,0,1,0
1,0,1,0
1,0,1,0
1,0,1,0
2,0,2,0
1,0,1,0
1,0,1,0
1,0,1,0
2,0,2,0
1,0,1,0
1,0,1,0
0,1,1,23
2,0,2,0
1,0,1,0
1,0,1,0
1,0,1,0
0,2,2,48
1,0,1,0
1,0,1,0
1,0,1,0
1,0,1,0
1,0,1,0
1,0,1,0
2,0,2,0
1,0,1,0
1,0,1,0
1,0,1,0
0,1,1,22
1,0,1,0
0,2,2,2
3,0,3,0
2,0,2,0
0,1,1,2
0,1,1,0
1,0,1,0
0,1,1,0
1,0,1,0
4,0,4,0
1,0,1,0
0,1,1,2
1,0,1,0
1,0,1,0
0,1,1,3
1,0,1,0
1,0,1,0
1,0,1,0
1,0,1,0
1,0,1,0
1,0,1,0
1,0,1,0
2,0,2,0
4,0,4,0
1,0,1,0
1,0,1,0
1,0,1,0
1,0,1,0
1,0,1,0
1,0,1,0
3,0,3,0
0,3,3,2
0,4,4,29
1,0,1,0
5,0,5,0
1,0,1,0
1,0,1,0
1,0,1,0
1,0,1,0
1,0,1,0
0,1,1,0
1,0,1,0
2,0,2,0
1,0,1,0
1,0,1,0
0,4,4,0
1,0,1,0
1,0,1,0
1,0,1,0
2,0,2,0
1,0,1,0
1,0,1,0
1,0,1,0
4,0,4,0
1,0,1,0
3,0,3,0
1,0,1,0
1,0,1,0
1,0,1,0
2,0,2,0
1,0,1,0
2,0,2,0
1,0,1,0
1,0,1,0
1,0,1,0
1,0,1,0
0,1,1,5
1,0,1,0
2,0,2,0
1,0,1,0
0,1,1,0
1,0,1,0
2,0,2,0
1,0,1,0
1,0,1,0
1,0,1,0
1,0,1,0
1,0,1,0
1,0,1,0
2,0,2,0
2,0,2,0
1,0,1,0
3,0,3,0
1,0,1,0
1,0,1,0
3,0,3,0
2,0,2,0
0,2,2,0
2,0,2,0
1,0,1,0
1,0,1,0
1,0,1,0
1,0,1,0
1,0,1,0
3,0,3,0
0,1,1,83
3,0,3,0
1,0,1,0
2,0,2,0
0,1,1,25
1,0,1,0
1,0,1,0
0,2,2,34
2,0,2,0
1,0,1,0
1,0,1,0
1,0,1,0
1,0,1,0
1,0,1,0
1,0,1,0
0,1,1,3
1,0,1,0
4,0,4,0
1,0,1,0
3,0,3,0
0,3,3,0
1,0,1,0
1,0,1,0
0,1,1,22
2,0,2,0
2,0,2,0
1,0,1,0
2,0,2,0
1,0,1,0
1,0,1,0
1,0,1,0
0,1,1,0
0,2,2,13
1,0,1,0
1,0,1,0
1,0,1,0
1,0,1,0
1,0,1,0
0,1,1,23
0,1,1,128
1,0,1,0
0,1,1,3
1,0,1,0
1,0,1,0
1,0,1,0
2,0,2,0
1,0,1,0
1,0,1,0
0,1,1,31
1,0,1,0
1,0,1,0
2,0,2,0
1,0,1,0
1,0,1,0
1,0,1,0
1,0,1,0
0,1,1,2
1,0,1,0
1,0,1,0
1,0,1,0
1,0,1,0
1,0,1,0
1,0,1,0
1,0,1,0
0,1,1,0
1,0,1,0
1,0,1,0
1,0,1,0
2,0,2,0
1,0,1,0
0,4,4,0
1,0,1,0
0,2,2,5
2,0,2,0
2,0,2,0
0,1,1,9
1,0,1,0
2,0,2,0
1,0,1,0
1,0,1,0
2,0,2,0
3,0,3,0
1,0,1,0
1,0,1,0
1,0,1,0
1,0,1,0
1,0,1,0
1,0,1,0
1,0,1,0
1,0,1,0
0,1,1,85
0,1,1,13
1,0,1,0
1,0,1,0
0,1,1,9
3,0,3,0
0,1,1,13
1,0,1,0
1,0,1,0
1,0,1,0
0,1,1,0
0,2,2,93
3,0,3,0
1,0,1,0
5,0,5,0
1,0,1,0
0,1,1,19
1,0,1,0
1,0,1,0
2,0,2,0
1,0,1,0
2,0,2,0
1,0,1,0
1,0,1,0
1,0,1,0
2,0,2,0
1,0,1,0
2,0,2,0
2,0,2,0
0,1,1,11
4,0,4,0
4,0,4,0
1,0,1,0
1,0,1,0
0,1,1,54
4,0,4,0
2,0,2,0
1,0,1,0
2,0,2,0
1,0,1,0
1,0,1,0
1,0,1,0
1,0,1,0
1,0,1,0
1,0,1,0
1,0,1,0
2,0,2,0
0,1,1,2
0,1,1,1
3,0,3,0
2,0,2,0
1,0,1,0
3,0,3,0
1,0,1,0
1,0,1,0
1,0,1,0
2,0,2,0
1,0,1,0
0,2,2,26
1,0,1,0
1,0,1,0
2,0,2,0
1,0,1,0
1,0,1,0
1,0,1,0
2,0,2,0
1,0,1,0
1,0,1,0
6,0,6,0
1,0,1,0
0,1,1,0
0,1,1,6
1,0,1,0
2,0,2,0
1,0,1,0
1,0,1,0
1,0,1,0
2,0,2,0
2,0,2,0
1,0,1,0
2,0,2,0
1,0,1,0
1,0,1,0
2,0,2,0
1,0,1,0
1,0,1,0
1,0,1,0
1,0,1,0
1,0,1,0
1,0,1,0
1,0,1,0
2,0,2,0
0,1,1,0
0,1,1,132
1,0,1,0
1,0,1,0
0,1,1,1
1,0,1,0
1,0,1,0
0,2,2,5
0,1,1,0
1,0,1,0
1,0,1,0
1,0,1,0
0,1,1,8
1,0,1,0
1,0,1,0
0,1,1,0
2,0,2,0
1,0,1,0
0,1,1,3
0,1,1,0
1,0,1,0
1,0,1,0
1,0,1,0
2,0,2,0
2,0,2,0
2,0,2,0
1,0,1,0
1,0,1,0
1,0,1,0
1,0,1,0
1,0,1,0
1,0,1,0
1,0,1,0
0,1,1,0
1,0,1,0
1,0,1,0
0,1,1,0
0,1,1,16
2,0,2,0
2,0,2,0
1,0,1,0
1,0,1,0
1,0,1,0
0,1,1,0
1,0,1,0
1,0,1,0
1,0,1,0
1,0,1,0
2,0,2,0
4,0,4,0
1,0,1,0
1,0,1,0
1,0,1,0
1,0,1,0
1,0,1,0
1,0,1,0
2,0,2,0
1,0,1,0
0,1,1,11
1,0,1,0
1,0,1,0
2,0,2,0
0,1,1,11
1,0,1,0
1,0,1,0
1,0,1,0
1,0,1,0
0,1,1,0
0,1,1,3
0,1,1,0
1,0,1,0
1,0,1,0
1,0,1,0
1,0,1,0
1,0,1,0
0,1,1,16
1,0,1,0
1,0,1,0
1,0,1,0
0,1,1,11
1,0,1,0
1,0,1,0
0,2,2,15
1,0,1,0
1,0,1,0
3,0,3,0
1,0,1,0
2,0,2,0
1,0,1,0
1,0,1,0
1,0,1,0
1,0,1,0
1,0,1,0
1,0,1,0
0,3,3,12
2,0,2,0
3,0,3,0
1,0,1,0
0,2,2,21
1,0,1,0
0,1,1,4
1,0,1,0
1,0,1,0
1,0,1,0
1,0,1,0
0,1,1,1
1,0,1,0
1,0,1,0
1,0,1,0
0,1,1,6
1,0,1,0
1,0,1,0
0,2,2,14
2,0,2,0
1,0,1,0
3,0,3,0
2,0,2,0
1,0,1,0
1,0,1,0
2,0,2,0
0,1,1,4
8,0,8,0
1,0,1,0
1,0,1,0
1,0,1,0
1,0,1,0
2,0,2,0
1,0,1,0
1,0,1,0
1,0,1,0
1,0,1,0
1,0,1,0
2,0,2,0
2,0,2,0
2,0,2,0
1,0,1,0
4,0,4,0
1,0,1,0
1,0,1,0
2,0,2,0
1,0,1,0
1,0,1,0
1,0,1,0
2,0,2,0
1,0,1,0
1,0,1,0
1,0,1,0
1,0,1,0
2,0,2,0
1,0,1,0
0,1,1,4
2,0,2,0
5,0,5,0
1,0,1,0
1,0,1,0
2,0,2,0
1,0,1,0
1,0,1,0
1,0,1,0
0,1,1,2
1,0,1,0
1,0,1,0
0,2,2,46
1,0,1,0
1,0,1,0
1,0,1,0
1,0,1,0
0,1,1,23
0,1,1,3
0,2,2,9
1,0,1,0
1,0,1,0
1,0,1,0
1,0,1,0
1,0,1,0
3,0,3,0
1,0,1,0
1,0,1,0
1,0,1,0
1,0,1,0
1,0,1,0
1,0,1,0
2,0,2,0
1,0,1,0
1,0,1,0
0,4,4,7
1,0,1,0
1,0,1,0
1,0,1,0
1,0,1,0
1,0,1,0
1,0,1,0
2,0,2,0
1,0,1,0
1,0,1,0
1,0,1,0
8,0,8,0
1,0,1,0
0,1,1,1
1,0,1,0
1,0,1,0
2,0,2,0
1,0,1,0
1,0,1,0
1,0,1,0
1,0,1,0
0,1,1,7
0,1,1,15
1,0,1,0
1,0,1,0
1,0,1,0
4,0,4,0
2,0,2,0
0,2,2,61
1,0,1,0
2,0,2,0
2,0,2,0
0,1,1,10
0,1,1,1
0,3,3,6
1,0,1,0
5,0,5,0
1,0,1,0
1,0,1,0
1,0,1,0
1,0,1,0
2,0,2,0
0,1,1,19
2,0,2,0
0,4,4,1
1,0,1,0
2,0,2,0
4,0,4,0
1,0,1,0
2,0,2,0
2,0,2,0
4,0,4,0
1,0,1,0
0,1,1,10
1,0,1,0
0,1,1,3
2,0,2,0
1,0,1,0
1,0,1,0
0,4,4,2
3,0,3,0
1,0,1,0
1,0,1,0
2,0,2,0
2,0,2,0
1,0,1,0
1,0,1,0
1,0,1,0
2,0,2,0
0,1,1,55
1,0,1,0
2,0,2,0
0,2,2,119
1,0,1,0
2,0,2,0
0,1,1,31
1,0,1,0
1,0,1,0
1,0,1,0
0,1,1,4
1,0,1,0
4,0,4,0
1,0,1,0
1,0,1,0
1,0,1,0
4,0,4,0
1,0,1,0
2,0,2,0
1,0,1,0
0,1,1,9
1,0,1,0
1,0,1,0
1,0,1,0
1,0,1,0
1,0,1,0
1,0,1,0
1,0,1,0
1,0,1,0
1,0,1,0
2,0,2,0
1,0,1,0
2,0,2,0
1,0,1,0
1,0,1,0
1,0,1,0
1,0,1,0
0,1,1,0
2,0,2,0
0,1,1,85
1,0,1,0
1,0,1,0
2,0,2,0
1,0,1,0
1,0,1,0
1,0,1,0
2,0,2,0
0,1,1,8
1,0,1,0
0,1,1,14
1,0,1,0
1,0,1,0
0,13,13,0
1,0,1,0
0,2,2,3
1,0,1,0
1,0,1,0
5,0,5,0
1,0,1,0
1,0,1,0
1,0,1,0
1,0,1,0
1,0,1,0
3,0,3,0
1,0,1,0
0,2,2,10
1,0,1,0
1,0,1,0
1,0,1,0
1,0,1,0
1,0,1,0
0,1,1,5
1,0,1,0
1,0,1,0
2,0,2,0
1,0,1,0
1,0,1,0
1,0,1,0
2,0,2,0
2,0,2,0
3,0,3,0
1,0,1,0
0,1,1,30
0,1,1,35
0,1,1,40
2,0,2,0
1,0,1,0
3,0,3,0
1,0,1,0
1,0,1,0
2,0,2,0
2,0,2,0
1,0,1,0
1,0,1,0
1,0,1,0
1,0,1,0
1,0,1,0
1,0,1,0
0,1,1,19
1,0,1,0
2,0,2,0
1,0,1,0
0,3,3,7
1,0,1,0
0,2,2,9
1,0,1,0
1,0,1,0
0,1,1,4
1,0,1,0
1,0,1,0
1,0,1,0
2,0,2,0
1,0,1,0
1,0,1,0
3,0,3,0
1,0,1,0
2,0,2,0
0,1,1,4
1,0,1,0
0,1,1,0
2,0,2,0
1,0,1,0
1,0,1,0
1,0,1,0
0,1,1,5
1,0,1,0
2,0,2,0
2,0,2,0
1,0,1,0
1,0,1,0
0,1,1,0
1,0,1,0
1,0,1,0
0,1,1,2
1,0,1,0
2,0,2,0
1,0,1,0
0,8,8,62
1,0,1,0
2,0,2,0
0,1,1,1
1,0,1,0
0,1,1,6
2,0,2,0
1,0,1,0
3,0,3,0
1,0,1,0
1,0,1,0
2,0,2,0
1,0,1,0
0,1,1,0
1,0,1,0
1,0,1,0
1,0,1,0
1,0,1,0
1,0,1,0
1,0,1,0
0,1,1,8
1,0,1,0
1,0,1,0
1,0,1,0
0,2,2,15
2,0,2,0
1,0,1,0
2,0,2,0
1,0,1,0
1,0,1,0
1,0,1,0
1,0,1,0
0,1,1,25
1,0,1,0
1,0,1,0
1,0,1,0
1,0,1,0
1,0,1,0
1,0,1,0
0,1,1,20
1,0,1,0
1,0,1,0
1,0,1,0
1,0,1,0
1,0,1,0
0,2,2,50
0,2,2,49
2,0,2,0
0,2,2,1
1,0,1,0
1,0,1,0
2,0,2,0
1,0,1,0
2,0,2,0
4,0,4,0
1,0,1,0
1,0,1,0
1,0,1,0
0,1,1,3
1,0,1,0
1,0,1,0
1,0,1,0
1,0,1,0
1,0,1,0
3,0,3,0
1,0,1,0
2,0,2,0
1,0,1,0
1,0,1,0
1,0,1,0
1,0,1,0
2,0,2,0
1,0,1,0
1,0,1,0
0,3,3,8
1,0,1,0
1,0,1,0
1,0,1,0
1,0,1,0
1,0,1,0
4,0,4,0
0,1,1,18
0,1,1,6
1,0,1,0
1,0,1,0
2,0,2,0
1,0,1,0
1,0,1,0
1,0,1,0
2,0,2,0
1,0,1,0
0,1,1,7
1,0,1,0
1,0,1,0
1,0,1,0
1,0,1,0
0,1,1,63
2,0,2,0
1,0,1,0
1,0,1,0
1,0,1,0
0,1,1,2
1,0,1,0
2,0,2,0
3,0,3,0
1,0,1,0
1,0,1,0
2,0,2,0
1,0,1,0
1,0,1,0
2,0,2,0
3,0,3,0
1,0,1,0
1,0,1,0
1,0,1,0
1,0,1,0
2,0,2,0
1,0,1,0
1,0,1,0
2,0,2,0
1,0,1,0
0,1,1,2
1,0,1,0
1,0,1,0
1,0,1,0
1,0,1,0
1,0,1,0
0,1,1,35
2,0,2,0
2,0,2,0
0,2,2,5
0,3,3,1
1,0,1,0
1,0,1,0
1,0,1,0
1,0,1,0
1,0,1,0
1,0,1,0
1,0,1,0
2,0,2,0
1,0,1,0
1,0,1,0
1,0,1,0
1,0,1,0
2,0,2,0
1,0,1,0
1,0,1,9
1,0,1,0
1,0,1,0
1,0,1,0
2,0,2,0
0,1,1,28
0,1,1,0
1,0,1,0
0,1,1,0
2,0,2,0
3,0,3,0
2,0,2,0
1,0,1,0
1,0,1,0
1,0,1,0
3,0,3,0
0,2,2,0
1,0,1,0
1,0,1,0
4,0,4,0
1,0,1,0
1,0,1,0
1,0,1,0
1,0,1,0
1,0,1,0
1,0,1,0
1,0,1,0
1,0,1,0
1,0,1,0
1,0,1,0
1,0,1,0
1,0,1,0
1,0,1,0
1,0,1,0
3,0,3,0
1,0,1,0
1,0,1,0
1,0,1,0
1,0,1,0
1,0,1,0
1,0,1,0
0,1,1,9
1,0,1,0
1,0,1,0
2,0,2,0
1,0,1,0
2,0,2,0
0,1,1,1
2,0,2,0
0,1,1,2
1,0,1,0
1,0,1,0
1,0,1,0
1,0,1,0
2,0,2,0
1,0,1,0
1,0,1,0
1,0,1,0
1,0,1,0
1,0,1,0
4,0,4,0
1,0,1,0
1,0,1,0
1,0,1,0
1,0,1,0
1,0,1,0
0,2,2,0
1,0,1,0
1,0,1,0
1,0,1,0
2,0,2,0
1,0,1,0
0,5,5,0
1,0,1,0
3,0,3,0
1,0,1,0
1,0,1,0
1,0,1,0
1,0,1,0
2,0,2,0
1,0,1,0
0,1,1,45
1,0,1,0
2,0,2,0
1,0,1,0
1,0,1,0
1,0,1,0
1,0,1,0
1,0,1,0
1,0,1,0
1,0,1,0
1,0,1,0
1,0,1,0
1,0,1,0
0,1,1,4
2,0,2,0
1,0,1,0
2,0,2,0
1,0,1,0
1,0,1,0
1,0,1,0
1,0,1,0
1,0,1,0
1,0,1,0
1,0,1,0
1,0,1,0
1,0,1,0
1,0,1,0
2,0,2,0
1,0,1,0
1,0,1,0
1,0,1,0
2,0,2,0
1,0,1,0
1,0,1,0
1,0,1,0
1,0,1,0
1,0,1,0
1,0,1,0
4,0,4,0
1,0,1,0
0,1,1,1
1,0,1,0
2,0,2,0
2,0,2,0
2,0,2,0
1,0,1,0
1,0,1,0
0,1,1,1
1,0,1,0
0,2,2,3
1,0,1,0
0,2,2,54
1,0,1,0
1,0,1,0
1,0,1,0
0,4,4,20
1,0,1,0
2,0,2,0
1,0,1,0
1,0,1,0
1,0,1,0
1,0,1,0
4,0,4,0
1,0,1,0
1,0,1,0
1,0,1,0
2,0,2,0
1,0,1,0
1,0,1,0
2,0,2,0
0,1,1,0
1,0,1,0
0,1,1,22
1,0,1,0
1,0,1,0
1,0,1,0
1,0,1,0
2,0,2,0
2,0,2,0
1,0,1,0
1,0,1,0
0,1,1,1
1,0,1,0
1,0,1,0
1,0,1,0
0,1,1,5
1,0,1,0
0,1,1,0
1,0,1,0
1,0,1,0
1,0,1,0
0,1,1,7
1,0,1,0
1,0,1,0
0,1,1,41
2,0,2,0
1,0,1,0
1,0,1,0
1,0,1,0
1,0,1,0
0,1,1,0
1,0,1,0
0,1,1,15
0,1,1,16
0,1,1,4
1,0,1,0
1,0,1,0
1,0,1,0
0,1,1,18
0,5,5,0
1,0,1,0
1,0,1,0
2,0,2,0
1,0,1,0
0,1,1,0
1,0,1,0
1,0,1,0
0,2,2,1
1,0,1,0
1,0,1,0
1,0,1,0
1,0,1,0
0,1,1,18
1,0,1,0
1,0,1,0
2,0,2,0
1,0,1,0
1,0,1,0
2,0,2,0
1,0,1,0
0,1,1,0
0,1,1,1
1,0,1,0
1,0,1,0
1,0,1,0
0,1,1,7
1,0,1,0
1,0,1,0
2,0,2,0
2,0,2,0
0,2,2,33
0,1,1,2
1,0,1,0
1,0,1,0
2,0,2,0
1,0,1,0
2,0,2,0
1,0,1,0
1,0,1,0
1,0,1,0
0,6,6,10
3,0,3,0
3,0,3,0
1,0,1,0
1,0,1,0
2,0,2,0
0,1,1,0
1,0,1,0
1,0,1,0
1,0,1,0
1,0,1,0
1,0,1,0
2,0,2,0
1,0,1,0
1,0,1,0
4,0,4,0
0,1,1,3
2,0,2,0
1,0,1,0
1,0,1,0
1,0,1,0
2,0,2,0
0,3,3,0
1,0,1,0
2,0,2,0
1,0,1,0
1,0,1,0
1,0,1,0
2,0,2,0
1,0,1,0
1,0,1,0
1,0,1,0
2,0,2,0
1,0,1,0
2,0,2,0
1,0,1,0
2,0,2,0
1,0,1,0
1,0,1,0
1,0,1,0
1,0,1,0
1,0,1,0
1,0,1,0
1,0,1,0
1,0,1,0
0,1,1,3
2,0,2,0
1,0,1,0
1,0,1,0
2,0,2,0
1,0,1,0
1,0,1,0
1,0,1,0
1,0,1,0
3,0,3,0
3,0,3,0
1,0,1,0
1,0,1,0
1,0,1,0
1,0,1,0
1,0,1,0
1,0,1,0
2,0,2,0
2,0,2,0
1,0,1,0
2,0,2,0
1,0,1,0
1,0,1,0
1,0,1,0
1,0,1,0
1,0,1,0
1,0,1,0
1,0,1,0
0,1,1,3
4,0,4,0
1,0,1,0
2,0,2,0
1,0,1,0
2,0,2,0
1,0,1,0
1,0,1,0
2,0,2,0
1,0,1,0
1,0,1,0
1,0,1,0
1,0,1,0
1,0,1,0
1,0,1,0
1,0,1,0
1,0,1,0
0,1,1,16
1,0,1,0
0,3,3,1
1,0,1,0
1,0,1,0
1,0,1,0
1,0,1,0
0,1,1,45
1,0,1,0
2,0,2,0
0,2,2,1
1,0,1,0
1,0,1,0
0,1,1,7
1,0,1,0
1,0,1,0
1,0,1,0
2,0,2,0
1,0,1,0
1,0,1,0
2,0,2,0
1,0,1,0
1,0,1,0
1,0,1,0
2,0,2,0
1,0,1,0
0,1,1,51
2,0,2,0
2,0,2,0
1,0,1,0
1,0,1,0
1,0,1,0
8,0,8,0
2,0,2,0
1,0,1,0
1,0,1,0
1,0,1,0
0,2,2,5
0,1,1,131
0,1,1,81
1,0,1,0
1,0,1,0
1,0,1,0
0,1,1,0
1,0,1,0
2,0,2,0
2,0,2,0
1,0,1,0
1,0,1,0
0,1,1,1
1,0,1,0
0,2,2,8
2,0,2,0
1,0,1,0
2,0,2,0
1,0,1,0
0,2,2,8
0,1,1,2
1,0,1,0
0,1,1,15
1,0,1,0
1,0,1,0
1,0,1,0
1,0,1,0
0,1,1,0
0,2,2,0
0,2,2,42
0,1,1,14
1,0,1,0
1,0,1,0
1,0,1,0
0,1,1,6
1,0,1,0
0,1,1,1
2,0,2,0
1,0,1,0
1,0,1,0
1,0,1,0
2,0,2,0
2,0,2,0
1,0,1,0
3,0,3,0
1,0,1,0
1,0,1,0
2,0,2,0
1,0,1,0
0,1,1,46
0,1,1,0
1,0,1,0
2,0,2,0
1,0,1,0
1,0,1,0
1,0,1,0
1,0,1,0
0,1,1,0
2,0,2,0
1,0,1,0
1,0,1,0
1,0,1,0
1,0,1,0
1,0,1,0
1,0,1,0
2,0,2,0
1,0,1,0
1,0,1,0
2,0,2,0
0,1,1,3
1,0,1,0
0,1,1,15
1,0,1,0
1,0,1,0
1,0,1,0
1,0,1,0
0,3,3,1
1,0,1,0
1,0,1,0
1,0,1,0
1,0,1,0
1,0,1,0
1,0,1,0
0,1,1,6
2,0,2,0
1,0,1,0
0,4,4,39
2,0,2,0
1,0,1,0
2,0,2,0
0,1,1,0
1,0,1,0
0,1,1,7
0,1,1,5
1,0,1,0
2,0,2,0
2,0,2,0
1,0,1,0
2,0,2,0
1,0,1,0
2,0,2,0
0,1,1,16
1,0,1,0
2,0,2,0
1,0,1,0
1,0,1,0
1,0,1,0
1,0,1,0
2,0,2,0
1,0,1,0
1,0,1,0
1,0,1,0
1,0,1,0
1,0,1,0
1,0,1,0
1,0,1,0
0,2,2,36
1,0,1,0
2,0,2,0
2,0,2,0
0,1,1,4
1,0,1,0
1,0,1,0
1,0,1,0
1,0,1,0
1,0,1,0
2,0,2,0
1,0,1,0
4,0,4,0
1,0,1,0
0,1,1,19
1,0,1,0
2,0,2,0
1,0,1,0
1,0,1,0
0,1,1,2
1,0,1,0
2,0,2,0
1,0,1,0
1,0,1,0
1,0,1,0
1,0,1,0
1,0,1,0
1,0,1,0
1,0,1,0
1,0,1,0
2,0,2,0
3,0,3,0
0,1,1,5
1,0,1,0
1,0,1,0
1,0,1,0
1,0,1,0
1,0,1,0
1,0,1,0
1,0,1,0
1,0,1,0
0,1,1,65
1,0,1,0
1,0,1,0
1,0,1,0
1,0,1,0
1,0,1,0
2,0,2,0
3,0,3,0
1,0,1,0
1,0,1,0
1,0,1,0
2,0,2,0
0,2,2,4
3,0,3,0
1,0,1,0
0,1,1,104
1,0,1,0
1,0,1,0
2,0,2,0
2,0,2,0
1,0,1,0
1,0,1,0
2,0,2,0
1,0,1,0
1,0,1,0
1,0,1,0
8,0,8,0
1,0,1,0
1,0,1,0
2,0,2,0
2,0,2,0
1,0,1,0
1,0,1,0
1,0,1,0
1,0,1,0
1,0,1,0
1,0,1,0
1,0,1,0
1,0,1,0
2,0,2,0
1,0,1,0
1,0,1,0
0,1,1,1
2,0,2,0
1,0,1,0
1,0,1,0
1,0,1,0
2,0,2,0
1,0,1,0
1,0,1,0
1,0,1,0
1,0,1,0
2,0,2,0
3,0,3,0
2,0,2,0
1,0,1,0
1,0,1,0
1,0,1,0
0,1,1,0
0,1,1,16
1,0,1,0
1,0,1,0
0,1,1,0
0,6,6,10
1,0,1,0
1,0,1,0
1,0,1,0
2,0,2,0
1,0,1,0
1,0,1,0
1,0,1,0
1,0,1,0
1,0,1,0
0,1,1,9
1,0,1,0
4,0,4,0
0,1,1,1
1,0,1,0
1,0,1,0
0,1,1,58
1,0,1,0
2,0,2,0
1,0,1,0
4,0,4,0
1,0,1,0
1,0,1,0
0,1,1,0
0,1,1,7
1,0,1,0
1,0,1,0
1,0,1,0
1,0,1,0
1,0,1,0
0,1,1,2
3,0,3,0
0,1,1,2
2,0,2,0
0,3,3,8
1,0,1,0
2,0,2,0
1,0,1,0
1,0,1,0
0,1,1,7
1,0,1,0
1,0,1,0
1,0,1,0
1,0,1,0
1,0,1,0
0,2,2,28
1,0,1,0
1,0,1,0
0,1,1,102
2,0,2,0
1,0,1,0
1,0,1,0
2,0,2,0
3,0,3,0
1,0,1,0
2,0,2,0
0,1,1,115
1,0,1,0
0,1,1,34
1,0,1,0
2,0,2,0
2,0,2,0
1,0,1,0
1,0,1,0
1,0,1,0
0,1,1,4
1,0,1,0
1,0,1,0
1,0,1,0
1,0,1,0
1,0,1,0
2,0,2,0
0,1,1,70
1,0,1,0
0,1,1,0
4,0,4,0
2,0,2,0
1,0,1,0
1,0,1,0
1,0,1,0
1,0,1,0
1,0,1,0
2,0,2,0
0,1,1,10
1,0,1,0
1,0,1,0
0,1,1,32
1,0,1,0
3,0,3,0
1,0,1,0
2,0,2,0
1,0,1,0
1,0,1,0
1,0,1,0
1,0,1,0
1,0,1,0
1,0,1,0
1,0,1,0
1,0,1,0
1,0,1,0
1,0,1,0
1,0,1,0
1,0,1,0
2,0,2,0
1,0,1,0
1,0,1,0
1,0,1,0
1,0,1,0
1,0,1,0
1,0,1,0
1,0,1,0
3,0,3,0
1,0,1,0
1,0,1,0
2,0,2,0
0,2,2,57
0,2,2,3
1,0,1,0
0,1,1,7
2,0,2,0
2,0,2,0
2,0,2,0
1,0,1,0
0,1,1,4
2,0,2,0
1,0,1,0
0,2,2,49
1,0,1,0
1,0,1,0
0,1,1,0
0,1,1,8
1,0,1,0
1,0,1,0
1,0,1,0
2,0,2,0
1,0,1,0
1,0,1,0
1,0,1,0
2,0,2,0
2,0,2,0
1,0,1,0
0,1,1,15
1,0,1,0
1,0,1,0
2,0,2,0
0,1,1,0
0,1,1,2
1,0,1,0
0,1,1,5
1,0,1,0
1,0,1,0
0,1,1,0
0,5,5,9
1,0,1,0
1,0,1,0
1,0,1,0
1,0,1,0
2,0,2,0
1,0,1,0
3,0,3,0
3,0,3,0
1,0,1,0
4,0,4,0
1,0,1,0
1,0,1,0
0,1,1,11
2,0,2,0
1,0,1,0
1,0,1,0
1,0,1,0
1,0,1,0
1,0,1,0
1,0,1,0
1,0,1,0
1,0,1,0
1,0,1,0
1,0,1,0
1,0,1,0
0,1,1,0
1,0,1,0
1,0,1,0
0,1,1,1
1,0,1,0
0,1,1,21
2,0,2,0
1,0,1,0
1,0,1,0
1,0,1,0
2,0,2,0
3,0,3,0
2,0,2,0
0,2,2,3
0,2,2,24
1,0,1,0
1,0,1,0
3,0,3,0
1,0,1,0
0,1,1,41
1,0,1,0
1,0,1,0
1,0,1,0
1,0,1,0
1,0,1,0
1,0,1,0
1,0,1,0
4,0,4,0
0,1,1,9
0,1,1,53
1,0,1,0
0,1,1,11
1,0,1,0
1,0,1,0
0,1,1,1
2,0,2,0
0,2,2,2
1,0,1,0
0,1,1,102
1,0,1,0
1,0,1,0
1,0,1,0
2,0,2,0
2,0,2,0
3,0,3,0
1,0,1,0
1,0,1,0
0,2,2,2
1,0,1,0
4,0,4,0
1,0,1,0
0,3,3,0
1,0,1,0
0,2,2,0
1,0,1,0
0,3,3,1
1,0,1,0
0,1,1,16
1,0,1,0
2,0,2,0
1,0,1,0
2,0,2,0
1,0,1,0
1,0,1,0
1,0,1,0
1,0,1,0
0,1,1,2
1,0,1,0
1,0,1,0
1,0,1,0
1,0,1,0
2,0,2,0
1,0,1,0
0,1,1,58
1,0,1,0
2,0,2,0
1,0,1,0
1,0,1,0
1,0,1,0
1,0,1,0
1,0,1,0
1,0,1,0
1,0,1,0
1,0,1,0
0,2,2,13
1,0,1,0
1,0,1,0
3,0,3,0
1,0,1,0
2,0,2,0
1,0,1,0
1,0,1,0
1,0,1,0
1,0,1,0
1,0,1,0
1,0,1,0
3,0,3,0
2,0,2,0
1,0,1,0
1,0,1,0
1,0,1,0
2,0,2,0
1,0,1,0
1,0,1,0
0,1,1,45
1,0,1,0
1,0,1,0
0,1,1,0
0,1,1,4
2,0,2,0
0,1,1,11
3,0,3,0
1,0,1,0
1,0,1,0
1,0,1,0
0,1,1,11
1,0,1,0
3,0,3,0
0,1,1,19
1,0,1,0
3,0,3,0
1,0,1,0
1,0,1,0
1,0,1,0
1,0,1,0
0,1,1,22
1,0,1,0
1,0,1,0
1,0,1,0
1,0,1,0
1,0,1,0
1,0,1,0
1,0,1,0
0,1,1,0
0,3,3,86
2,0,2,0
1,0,1,0
1,0,1,0
1,0,1,0
1,0,1,0
1,0,1,0
1,0,1,0
1,0,1,0
1,0,1,0
2,0,2,0
1,0,1,0
1,0,1,0
1,0,1,0
1,0,1,0
1,0,1,0
1,0,1,0
1,0,1,0
1,0,1,0
0,1,1,2
0,1,1,2
1,0,1,0
1,0,1,0
0,1,1,40
0,1,1,15
1,0,1,0
1,0,1,0
1,0,1,0
1,0,1,0
0,1,1,4
1,0,1,0
1,0,1,0
1,0,1,0
1,0,1,0
1,0,1,0
1,0,1,0
1,0,1,0
1,0,1,0
1,0,1,0
1,0,1,0
0,1,1,68
2,0,2,0
1,0,1,0
1,0,1,0
1,0,1,0
1,0,1,0
3,0,3,0
1,0,1,0
1,0,1,0
1,0,1,0
1,0,1,0
1,0,1,0
1,0,1,0
1,0,1,0
1,0,1,0
0,1,1,2
1,0,1,0
1,0,1,0
0,1,1,22
1,0,1,0
1,0,1,0
1,0,1,0
0,1,1,40
1,0,1,0
0,1,1,42
2,0,2,0
1,0,1,0
2,0,2,0
1,0,1,0
1,0,1,0
1,0,1,0
0,1,1,20
0,1,1,2
1,0,1,0
1,0,1,0
0,1,1,1
1,0,1,0
1,0,1,0
1,0,1,0
1,0,1,0
1,0,1,0
3,0,3,0
1,0,1,0
1,0,1,0
1,0,1,0
1,0,1,0
2,0,2,0
1,0,1,0
1,0,1,0
0,1,1,12
1,0,1,0
1,0,1,0
1,0,1,0
1,0,1,0
1,0,1,0
1,0,1,0
1,0,1,0
1,0,1,0
0,1,1,2
1,0,1,0
1,0,1,0
1,0,1,0
1,0,1,0
1,0,1,0
2,0,2,0
1,0,1,0
0,1,1,1
0,1,1,1
1,0,1,0
0,2,2,4
1,0,1,0
2,0,2,0
1,0,1,0
3,0,3,0
0,1,1,32
1,0,1,0
1,0,1,0
1,0,1,0
1,0,1,0
2,0,2,0
2,0,2,0
1,0,1,0
2,0,2,0
2,0,2,0
2,0,2,0
1,0,1,0
1,0,1,0
1,0,1,0
1,0,1,0
1,0,1,0
0,2,2,2
2,0,2,0
2,0,2,0
1,0,1,0
1,0,1,0
1,0,1,0
1,0,1,0
0,1,1,3
0,1,1,65
1,0,1,0
1,0,1,0
1,0,1,0
1,0,1,0
1,0,1,0
1,0,1,0
0,2,2,0
1,0,1,0
1,0,1,0
1,0,1,0
3,0,3,0
1,0,1,0
1,0,1,0
2,0,2,0
0,1,1,4
2,0,2,0
1,0,1,0
1,0,1,0
1,0,1,0
0,2,2,20
3,0,3,0
1,0,1,0
1,0,1,0
1,0,1,0
0,2,2,0
1,0,1,0
2,0,2,0
3,0,3,0
1,0,1,0
1,0,1,0
1,0,1,0
1,0,1,0
1,0,1,0
1,0,1,0
1,0,1,0
2,0,2,0
1,0,1,0
1,0,1,0
1,0,1,0
2,0,2,0
3,0,3,0
1,0,1,0
1,0,1,0
1,0,1,0
1,0,1,0
1,0,1,0
0,1,1,82
0,1,1,8
1,0,1,0
1,0,1,0
1,0,1,0
1,0,1,0
1,0,1,0
1,0,1,0
1,0,1,0
2,0,2,0
2,0,2,0
1,0,1,0
1,0,1,0
3,0,3,0
1,0,1,0
0,1,1,23
3,0,3,0
1,0,1,0
0,1,1,7
0,1,1,25
2,0,2,0
3,0,3,0
0,1,1,22
1,0,1,0
1,0,1,0
0,1,1,14
1,0,1,0
3,0,3,0
1,0,1,0
1,0,1,0
1,0,1,0
1,0,1,0
2,0,2,0
1,0,1,0
1,0,1,0
1,0,1,0
3,0,3,0
1,0,1,0
1,0,1,0
2,0,2,0
1,0,1,0
1,0,1,0
1,0,1,0
0,1,1,13
1,0,1,0
1,0,1,0
1,0,1,0
1,0,1,0
0,1,1,11
2,0,2,0
1,0,1,0
1,0,1,0
1,0,1,0
1,0,1,0
1,0,1,0
1,0,1,0
1,0,1,0
1,0,1,0
0,1,1,61
1,0,1,0
1,0,1,0
1,0,1,0
1,0,1,0
1,0,1,0
0,1,1,10
2,0,2,0
1,0,1,0
1,0,1,0
1,0,1,0
1,0,1,0
0,2,2,28
1,0,1,0
0,1,1,1
2,0,2,0
1,0,1,0
1,0,1,0
1,0,1,0
1,0,1,0
1,0,1,0
1,0,1,0
1,0,1,0
1,0,1,0
2,0,2,0
2,0,2,0
1,0,1,0
0,1,1,0
1,0,1,0
1,0,1,0
1,0,1,0
2,0,2,0
2,0,2,0
2,0,2,0
1,0,1,0
1,0,1,0
1,0,1,0
1,0,1,0
1,0,1,0
1,0,1,0
1,0,1,0
0,1,1,13
1,0,1,0
4,0,4,0
1,0,1,0
1,0,1,0
1,0,1,0
1,0,1,0
2,0,2,0
0,2,2,7
1,0,1,0
0,2,2,2
1,0,1,0
1,0,1,0
0,1,1,22
1,0,1,0
1,0,1,0
1,0,1,0
2,0,2,0
1,0,1,0
1,0,1,0
1,0,1,0
1,0,1,0
1,0,1,0
0,1,1,0
2,0,2,0
1,0,1,0
2,0,2,0
2,0,2,0
1,0,1,0
1,0,1,0
0,1,1,6
2,0,2,0
1,0,1,0
1,0,1,0
2,0,2,0
1,0,1,0
1,0,1,0
1,0,1,0
1,0,1,0
1,0,1,0
1,0,1,0
1,0,1,0
1,0,1,0
1,0,1,0
1,0,1,0
1,0,1,0
1,0,1,0
1,0,1,0
0,1,1,4
0,2,2,3
1,0,1,0
1,0,1,0
1,0,1,0
1,0,1,0
1,0,1,0
1,0,1,0
0,2,2,3
0,1,1,1
1,0,1,0
0,1,1,22
1,0,1,0
1,0,1,0
0,1,1,3
2,0,2,0
1,0,1,0
2,0,2,0
1,0,1,0
2,0,2,0
2,0,2,0
1,0,1,0
0,1,1,56
1,0,1,0
1,0,1,0
0,1,1,2
1,0,1,0
0,1,1,21
4,0,4,0
1,0,1,0
1,0,1,0
1,0,1,0
1,0,1,0
1,0,1,0
1,0,1,0
2,0,2,0
3,0,3,0
1,0,1,0
0,1,1,2
1,0,1,0
1,0,1,0
1,0,1,0
1,0,1,0
1,0,1,0
0,2,2,5
1,0,1,0
1,0,1,0
1,0,1,0
1,0,1,0
1,0,1,0
1,0,1,0
0,1,1,24
1,0,1,0
2,0,2,0
2,0,2,0
1,0,1,0
1,0,1,0
0,2,2,10
1,0,1,0
1,0,1,0
1,0,1,0
1,0,1,0
0,1,1,50
1,0,1,0
1,0,1,0
1,0,1,0
0,1,1,0
1,0,1,0
1,0,1,0
2,0,2,0
0,1,1,0
1,0,1,0
2,0,2,0
1,0,1,0
1,0,1,0
1,0,1,0
1,0,1,0
1,0,1,0
1,0,1,0
1,0,1,0
1,0,1,0
1,0,1,0
0,2,2,0
2,0,2,0
1,0,1,0
2,0,2,0
1,0,1,0
0,3,3,23
2,0,2,0
1,0,1,0
1,0,1,0
1,0,1,0
0,1,1,7
0,1,1,19
1,0,1,0
1,0,1,0
1,0,1,0
3,0,3,0
2,0,2,0
2,0,2,0
3,0,3,0
1,0,1,0
2,0,2,0
2,0,2,0
1,0,1,0
1,0,1,0
1,0,1,0
1,0,1,0
1,0,1,0
1,0,1,0
2,0,2,0
1,0,1,0
1,0,1,0
2,0,2,0
1,0,1,0
1,0,1,0
1,0,1,0
2,0,2,0
0,2,2,12
1,0,1,0
1,0,1,0
1,0,1,0
0,1,1,12
1,0,1,0
2,0,2,0
1,0,1,0
2,0,2,0
1,0,1,0
2,0,2,0
0,1,1,1
1,0,1,0
1,0,1,0
1,0,1,0
1,0,1,0
1,0,1,0
1,0,1,0
1,0,1,0
1,0,1,0
1,0,1,0
1,0,1,0
3,0,3,0
1,0,1,0
0,2,2,1
1,0,1,0
1,0,1,0
1,0,1,0
1,0,1,0
2,0,2,0
0,1,1,1
1,0,1,0
0,1,1,58
1,0,1,0
0,1,1,26
1,0,1,0
0,1,1,41
0,1,1,3
1,0,1,0
1,0,1,0
3,0,3,0
1,0,1,0
2,0,2,0
2,0,2,0
1,0,1,0
1,0,1,0
1,0,1,0
0,2,2,9
2,0,2,0
1,0,1,0
1,0,1,0
1,0,1,0
1,0,1,0
1,0,1,0
0,1,1,2
1,0,1,0
0,1,1,0
1,0,1,0
1,0,1,0
1,0,1,0
1,0,1,0
1,0,1,0
0,1,1,1
1,0,1,0
0,2,2,0
3,0,3,0
1,0,1,0
1,0,1,0
1,0,1,0
1,0,1,0
1,0,1,0
1,0,1,0
1,0,1,0
1,0,1,0
2,0,2,0
2,0,2,0
1,0,1,0
0,1,1,1
1,0,1,0
1,0,1,0
1,0,1,0
1,0,1,0
1,0,1,0
1,0,1,0
1,0,1,0
1,0,1,0
0,1,1,14
1,0,1,0
1,0,1,0
2,0,2,0
1,0,1,0
1,0,1,0
2,0,2,0
1,0,1,0
1,0,1,0
1,0,1,0
1,0,1,0
1,0,1,0
2,0,2,0
0,1,1,9
1,0,1,0
2,0,2,0
1,0,1,0
1,0,1,0
1,0,1,0
1,0,1,0
1,0,1,0
1,0,1,0
2,0,2,0
1,0,1,0
1,0,1,0
1,0,1,0
1,0,1,0
1,0,1,0
0,1,1,63
1,0,1,0
0,1,1,1
0,3,3,21
3,0,3,0
3,0,3,0
1,0,1,0
1,0,1,0
1,0,1,0
1,0,1,0
1,0,1,0
3,0,3,0
1,0,1,0
0,1,1,1
2,0,2,0
1,0,1,0
1,0,1,0
2,0,2,0
0,3,3,2
1,0,1,0
1,0,1,0
1,0,1,0
1,0,1,0
2,0,2,0
2,0,2,0
1,0,1,0
1,0,1,0
1,0,1,0
1,0,1,0
1,0,1,0
1,0,1,0
1,0,1,0
2,0,2,0
1,0,1,0
1,0,1,0
0,1,1,45
2,0,2,0
1,0,1,0
1,0,1,0
0,1,1,17
1,0,1,0
1,0,1,0
1,0,1,0
1,0,1,0
3,0,3,0
1,0,1,0
3,0,3,0
2,0,2,0
0,1,1,23
0,1,1,25
0,1,1,1
1,0,1,0
1,0,1,0
1,0,1,0
1,0,1,0
1,0,1,0
1,0,1,0
1,0,1,0
1,0,1,0
0,1,1,3
1,0,1,0
2,0,2,0
2,0,2,0
1,0,1,0
0,1,1,165
2,0,2,0
0,1,1,20
0,2,2,0
3,0,3,0
0,1,1,12
1,0,1,0
1,0,1,0
1,0,1,0
2,0,2,0
1,0,1,0
1,0,1,0
1,0,1,0
1,0,1,0
1,0,1,0
1,0,1,0
0,1,1,62
1,0,1,0
1,0,1,0
1,0,1,0
1,0,1,0
1,0,1,0
1,0,1,0
1,0,1,0
1,0,1,0
1,0,1,0
2,0,2,0
3,0,3,0
0,1,1,2
1,0,1,0
1,0,1,0
1,0,1,0
1,0,1,0
2,0,2,0
1,0,1,0
1,0,1,0
1,0,1,0
4,0,4,0
1,0,1,0
2,0,2,0
1,0,1,0
1,0,1,0
2,0,2,0
1,0,1,0
1,0,1,0
1,0,1,0
3,0,3,0
1,0,1,0
1,0,1,0
2,0,2,0
1,0,1,0
2,0,2,0
1,0,1,0
1,0,1,0
1,0,1,0
0,2,2,3
0,1,1,6
1,0,1,0
1,0,1,0
1,0,1,0
0,1,1,64
1,0,1,0
2,0,2,0
2,0,2,0
1,0,1,0
1,0,1,0
2,0,2,0
1,0,1,0
3,0,3,0
1,0,1,0
2,0,2,0
1,0,1,0
0,2,2,3
1,0,1,0
1,0,1,0
1,0,1,0
1,0,1,0
1,0,1,0
2,0,2,0
1,0,1,0
0,1,1,108
1,0,1,0
1,0,1,0
1,0,1,0
2,0,2,0
2,0,2,0
1,0,1,0
2,0,2,0
1,0,1,0
0,3,3,97
4,0,4,0
1,0,1,0
2,0,2,0
2,0,2,0
1,0,1,0
1,0,1,0
1,0,1,0
4,0,4,0
2,0,2,0
1,0,1,0
1,0,1,0
1,0,1,0
0,3,3,10
1,0,1,0
0,1,1,0
1,0,1,0
1,0,1,0
1,0,1,0
0,1,1,88
2,0,2,0
0,1,1,7
1,0,1,0
1,0,1,0
0,1,1,53
0,1,1,3
1,0,1,0
1,0,1,0
0,1,1,3
1,0,1,0
2,0,2,0
1,0,1,0
2,0,2,0
1,0,1,0
1,0,1,0
0,1,1,7
4,0,4,0
1,0,1,0
1,0,1,0
2,0,2,0
1,0,1,0
2,0,2,0
1,0,1,0
1,0,1,0
1,0,1,0
1,0,1,0
1,0,1,0
1,0,1,0
1,0,1,0
1,0,1,0
1,0,1,0
1,0,1,0
0,1,1,41
0,1,1,102
1,0,1,0
1,0,1,0
1,0,1,0
1,0,1,0
0,3,3,23
2,0,2,0
1,0,1,0
1,0,1,0
0,1,1,1
1,0,1,0
1,0,1,0
0,2,2,52
0,1,1,20
0,1,1,19
1,0,1,0
0,1,1,5
1,0,1,0
2,0,2,0
1,0,1,0
0,1,1,3
1,0,1,0
4,0,4,0
0,1,1,8
0,1,1,7
1,0,1,0
1,0,1,0
1,0,1,0
1,0,1,0
2,0,2,0
0,1,1,3
2,0,2,0
2,0,2,0
0,1,1,1
1,0,1,0
1,0,1,0
1,0,1,0
2,0,2,0
0,1,1,3
0,1,1,8
1,0,1,0
2,0,2,0
1,0,1,0
1,0,1,0
1,0,1,0
1,0,1,0
3,0,3,0
1,0,1,0
1,0,1,0
2,0,2,0
1,0,1,0
1,0,1,0
1,0,1,0
0,2,2,26
1,0,1,0
1,0,1,0
1,0,1,0
2,0,2,0
0,1,1,4
1,0,1,0
1,0,1,0
0,2,2,4
1,0,1,0
2,0,2,0
1,0,1,0
1,0,1,0
1,0,1,0
1,0,1,0
2,0,2,0
1,0,1,0
1,0,1,0
0,1,1,7
1,0,1,0
1,0,1,0
1,0,1,0
2,0,2,0
2,0,2,0
0,1,1,1
1,0,1,0
1,0,1,0
1,0,1,0
1,0,1,0
0,2,2,13
1,0,1,0
0,2,2,0
0,1,1,0
1,0,1,0
1,0,1,0
1,0,1,0
1,0,1,0
1,0,1,0
1,0,1,0
1,0,1,0
1,0,1,0
1,0,1,0
1,0,1,0
1,0,1,0
1,0,1,0
1,0,1,0
1,0,1,0
1,0,1,0
1,0,1,0
1,0,1,0
0,1,1,109
1,0,1,0
1,0,1,0
1,0,1,0
1,0,1,0
1,0,1,0
2,0,2,0
0,1,1,1
3,0,3,0
1,0,1,0
1,0,1,0
1,0,1,0
3,0,3,0
1,0,1,0
1,0,1,0
1,0,1,0
1,0,1,0
2,0,2,0
2,0,2,0
1,0,1,0
1,0,1,0
1,0,1,0
2,0,2,0
1,0,1,0
0,1,1,2
1,0,1,0
2,0,2,0
0,1,1,2
1,0,1,0
1,0,1,0
1,0,1,0
0,1,1,52
0,1,1,55
0,2,2,17
1,0,1,0
1,0,1,0
1,0,1,0
1,0,1,0
0,1,1,4
0,1,1,54
1,0,1,0
1,0,1,0
0,1,1,0
2,0,2,0
1,0,1,0
2,0,2,0
1,0,1,0
1,0,1,0
1,0,1,0
2,0,2,0
1,0,1,0
1,0,1,0
1,0,1,0
1,0,1,0
1,0,1,0
1,0,1,0
2,0,2,0
1,0,1,0
2,0,2,0
1,0,1,0
1,0,1,0
1,0,1,0
1,0,1,0
2,0,2,0
0,2,2,27
1,0,1,0
1,0,1,0
1,0,1,0
1,0,1,0
2,0,2,0
1,0,1,0
1,0,1,0
2,0,2,0
1,0,1,0
1,0,1,0
1,0,1,0
2,0,2,0
1,0,1,0
1,0,1,0
0,3,3,18
1,0,1,0
1,0,1,0
0,1,1,42
0,2,2,32
1,0,1,0
1,0,1,0
0,1,1,24
1,0,1,0
1,0,1,0
2,0,2,0
1,0,1,0
2,0,2,0
2,0,2,0
0,1,1,8
0,1,1,1
0,2,2,17
1,0,1,0
2,0,2,0
1,0,1,0
2,0,2,0
0,1,1,13
2,0,2,0
1,0,1,0
1,0,1,0
1,0,1,0
1,0,1,0
1,0,1,0
1,0,1,0
3,0,3,0
1,0,1,0
1,0,1,0
0,2,2,15
1,0,1,0
0,1,1,54
1,0,1,0
1,0,1,0
1,0,1,0
1,0,1,0
1,0,1,0
0,1,1,33
1,0,1,0
0,1,1,135
1,0,1,0
0,1,1,33
1,0,1,0
1,0,1,0
1,0,1,0
1,0,1,0
1,0,1,0
1,0,1,0
3,0,3,0
0,3,3,79
1,0,1,0
1,0,1,0
1,0,1,0
0,1,1,3
1,0,1,0
0,1,1,152
1,0,1,0
1,0,1,0
1,0,1,0
1,0,1,0
1,0,1,0
1,0,1,0
1,0,1,0
1,0,1,0
2,0,2,0
1,0,1,0
1,0,1,0
1,0,1,0
0,2,2,16
1,0,1,0
2,0,2,0
1,0,1,0
0,1,1,1
1,0,1,0
2,0,2,0
1,0,1,0
1,0,1,0
1,0,1,0
1,0,1,0
1,0,1,0
1,0,1,0
1,0,1,0
1,0,1,0
1,0,1,0
3,0,3,0
1,0,1,0
2,0,2,0
1,0,1,0
1,0,1,0
0,4,4,65
1,0,1,0
1,0,1,0
3,0,3,0
1,0,1,0
1,0,1,0
1,0,1,0
1,0,1,0
1,0,1,0
2,0,2,0
1,0,1,0
1,0,1,0
0,1,1,7
1,0,1,0
2,0,2,0
0,1,1,16
2,0,2,0
0,1,1,8
0,3,3,79
1,0,1,0
0,1,1,0
1,0,1,0
2,0,2,0
1,0,1,0
0,1,1,9
2,0,2,0
0,1,1,11
1,0,1,0
0,1,1,1
0,1,1,15
1,0,1,0
2,0,2,0
3,0,3,0
1,0,1,0
1,0,1,0
0,1,1,13
1,0,1,0
2,0,2,0
1,0,1,0
1,0,1,0
1,0,1,0
1,0,1,0
1,0,1,0
0,1,1,8
1,0,1,0
1,0,1,0
1,0,1,0
1,0,1,0
1,0,1,0
2,0,2,0
1,0,1,0
1,0,1,0
1,0,1,0
1,0,1,0
1,0,1,0
2,0,2,0
1,0,1,0
1,0,1,0
1,0,1,0
1,0,1,0
1,0,1,0
1,0,1,0
1,0,1,0
1,0,1,0
1,0,1,0
1,0,1,0
1,0,1,0
1,0,1,0
1,0,1,0
2,0,2,0
1,0,1,0
2,0,2,0
1,0,1,0
0,2,2,38
1,0,1,0
2,0,2,0
1,0,1,0
0,3,3,46
3,0,3,0
0,1,1,31
1,0,1,0
3,0,3,0
2,0,2,0
1,0,1,0
1,0,1,0
1,0,1,0
2,0,2,0
1,0,1,0
1,0,1,0
0,1,1,31
2,0,2,0
0,1,1,22
1,0,1,0
2,0,2,0
0,1,1,2
1,0,1,0
1,0,1,0
1,0,1,0
1,0,1,0
1,0,1,0
1,0,1,0
0,1,1,4
2,0,2,0
0,1,1,2
1,0,1,0
2,0,2,0
2,0,2,0
1,0,1,0
0,1,1,107
0,1,1,18
1,0,1,0
1,0,1,0
2,0,2,0
1,0,1,0
1,0,1,0
1,0,1,0
0,1,1,5
0,1,1,0
2,0,2,0
0,1,1,2
0,2,2,2
4,0,4,0
0,1,1,5
1,0,1,0
1,0,1,0
1,0,1,0
1,0,1,0
0,1,1,14
2,0,2,0
1,0,1,0
1,0,1,0
2,0,2,0
1,0,1,0
1,0,1,0
0,1,1,0
0,1,1,6
0,1,1,18
1,0,1,0
1,0,1,0
1,0,1,0
2,0,2,0
3,0,3,0
1,0,1,0
1,0,1,0
1,0,1,0
1,0,1,0
1,0,1,0
1,0,1,0
2,0,2,0
1,0,1,0
0,1,1,0
1,0,1,0
1,0,1,0
1,0,1,0
1,0,1,0
1,0,1,0
1,0,1,0
1,0,1,0
0,1,1,27
0,1,1,46
1,0,1,0
1,0,1,0
1,0,1,0
1,0,1,0
1,0,1,0
2,0,2,0
1,0,1,0
1,0,1,0
1,0,1,0
1,0,1,0
1,0,1,0
2,0,2,0
1,0,1,0
1,0,1,0
0,1,1,54
0,1,1,35
1,0,1,0
0,1,1,39
1,0,1,0
1,0,1,0
1,0,1,0
1,0,1,0
1,0,1,0
1,0,1,0
4,0,4,0
1,0,1,0
3,0,3,0
1,0,1,0
0,1,1,2
1,0,1,0
1,0,1,0
1,0,1,0
1,0,1,0
1,0,1,0
2,0,2,0
0,1,1,1
1,0,1,0
1,0,1,0
1,0,1,0
1,0,1,0
1,0,1,0
1,0,1,0
2,0,2,0
0,1,1,247
2,0,2,0
1,0,1,0
0,1,1,66
1,0,1,0
1,0,1,0
1,0,1,0
0,1,1,7
1,0,1,0
1,0,1,0
1,0,1,0
1,0,1,0
1,0,1,0
1,0,1,0
1,0,1,0
1,0,1,0
2,0,2,0
1,0,1,0
0,2,2,49
1,0,1,0
0,1,1,10
1,0,1,0
0,1,1,11
1,0,1,0
1,0,1,0
1,0,1,0
0,1,1,15
2,0,2,0
1,0,1,0
1,0,1,0
1,0,1,0
1,0,1,0
0,2,2,0
2,0,2,0
1,0,1,0
1,0,1,0
1,0,1,0
0,1,1,2
1,0,1,0
6,0,6,0
3,0,3,0
1,0,1,0
2,0,2,0
0,1,1,19
1,0,1,0
1,0,1,0
1,0,1,0
1,0,1,0
1,0,1,0
1,0,1,0
1,0,1,0
1,0,1,0
1,0,1,0
1,0,1,0
1,0,1,0
2,0,2,0
1,0,1,0
0,3,3,55
1,0,1,0
1,0,1,0
1,0,1,0
1,0,1,0
1,0,1,0
1,0,1,0
3,0,3,0
0,2,2,36
0,1,1,7
1,0,1,0
1,0,1,0
1,0,1,0
1,0,1,0
1,0,1,0
0,1,1,0
1,0,1,0
1,0,1,0
1,0,1,0
1,0,1,0
1,0,1,0
0,1,1,3
1,0,1,0
1,0,1,0
1,0,1,0
1,0,1,0
2,0,2,0
1,0,1,0
1,0,1,0
1,0,1,0
1,0,1,0
0,1,1,4
3,0,3,0
1,0,1,0
1,0,1,0
3,0,3,0
0,3,3,25
1,0,1,0
2,0,2,0
2,0,2,0
0,4,4,17
0,1,1,48
2,0,2,0
1,0,1,0
0,1,1,2
1,0,1,0
0,1,1,0
2,0,2,0
1,0,1,0
1,0,1,0
1,0,1,0
2,0,2,0
0,1,1,112
1,0,1,0
1,0,1,0
2,0,2,0
0,4,4,3
2,0,2,0
3,0,3,0
2,0,2,0
2,0,2,0
1,0,1,0
1,0,1,0
1,0,1,0
0,1,1,136
0,1,1,1
1,0,1,0
3,0,3,0
1,0,1,0
0,1,1,21
1,0,1,0
1,0,1,0
2,0,2,0
1,0,1,0
0,4,4,2
2,0,2,0
0,1,1,21
1,0,1,0
1,0,1,0
2,0,2,0
1,0,1,0
1,0,1,0
1,0,1,0
1,0,1,0
0,1,1,0
1,0,1,0
0,1,1,2
1,0,1,0
1,0,1,0
1,0,1,0
3,0,3,0
0,1,1,4
1,0,1,0
1,0,1,0
1,0,1,0
0,1,1,1
1,0,1,0
1,0,1,0
0,1,1,7
1,0,1,0
3,0,3,0
1,0,1,0
1,0,1,0
1,0,1,0
1,0,1,0
2,0,2,0
0,1,1,9
2,0,2,0
1,0,1,0
1,0,1,0
1,0,1,0
1,0,1,0
1,0,1,0
1,0,1,0
1,0,1,0
1,0,1,0
1,0,1,0
1,0,1,0
1,0,1,0
1,0,1,0
1,0,1,0
1,0,1,0
0,1,1,1
1,0,1,0
0,1,1,4
1,0,1,0
1,0,1,0
1,0,1,0
1,0,1,0
4,0,4,0
2,0,2,0
1,0,1,0
2,0,2,0
4,0,4,0
0,1,1,7
1,0,1,0
2,0,2,0
1,0,1,0
1,0,1,0
1,0,1,0
1,0,1,0
1,0,1,0
1,0,1,0
1,0,1,0
1,0,1,0
1,0,1,0
1,0,1,0
1,0,1,0
1,0,1,0
1,0,1,0
0,1,1,6
2,0,2,0
1,0,1,0
0,1,1,1
1,0,1,0
1,0,1,0
2,0,2,0
0,2,2,44
0,2,2,1
1,0,1,0
1,0,1,0
1,0,1,0
1,0,1,0
1,0,1,0
1,0,1,0
2,0,2,0
1,0,1,0
1,0,1,0
0,4,4,190
1,0,1,0
1,0,1,0
1,0,1,0
1,0,1,0
1,0,1,0
1,0,1,0
0,1,1,7
1,0,1,0
1,0,1,0
1,0,1,0
1,0,1,0
1,0,1,0
1,0,1,0
1,0,1,0
1,0,1,0
1,0,1,0
1,0,1,0
1,0,1,0
2,0,2,0
1,0,1,0
0,2,2,20
2,0,2,0
2,0,2,0
0,1,1,4
2,0,2,0
0,3,3,12
1,0,1,0
1,0,1,0
1,0,1,0
1,0,1,0
1,0,1,0
1,0,1,0
0,2,2,9
1,0,1,0
1,0,1,0
1,0,1,0
2,0,2,0
2,0,2,0
1,0,1,0
1,0,1,0
1,0,1,0
1,0,1,0
1,0,1,0
1,0,1,0
1,0,1,0
2,0,2,0
1,0,1,0
3,0,3,0
1,0,1,0
1,0,1,0
1,0,1,0
1,0,1,0
1,0,1,0
1,0,1,0
1,0,1,0
1,0,1,0
1,0,1,0
1,0,1,0
1,0,1,0
1,0,1,0
1,0,1,0
1,0,1,0
1,0,1,0
1,0,1,0
1,0,1,0
1,0,1,0
1,0,1,0
1,0,1,0
1,0,1,0
1,0,1,0
1,0,1,0
1,0,1,0
1,0,1,0
1,0,1,0
1,0,1,0
1,0,1,0
1,0,1,0
1,0,1,0
1,0,1,0
1,0,1,0
1,0,1,0
1,0,1,0
1,0,1,0
1,0,1,0
2,0,2,0
1,0,1,0
1,0,1,0
1,0,1,0
1,0,1,0
1,0,1,0
1,0,1,0
1,0,1,0
1,0,1,0
1,0,1,0
1,0,1,0
1,0,1,0
1,0,1,0
1,0,1,0
1,0,1,0
1,0,1,0
1,0,1,0
2,0,2,0
1,0,1,0
1,0,1,0
1,0,1,0
1,0,1,0
1,0,1,0
1,0,1,0
1,0,1,0
1,0,1,0
1,0,1,0
1,0,1,0
1,0,1,0
1,0,1,0
1,0,1,0
1,0,1,0
2,0,2,0
1,0,1,0
1,0,1,0
1,0,1,0
1,0,1,0
1,0,1,0
1,0,1,0
1,0,1,0
1,0,1,0
1,0,1,0
1,0,1,0
1,0,1,0
1,0,1,0
1,0,1,0
1,0,1,0
1,0,1,0
1,0,1,0
1,0,1,0
1,0,1,0
1,0,1,0
1,0,1,0
1,0,1,0
1,0,1,0
1,0,1,0
1,0,1,0
1,0,1,0
1,0,1,0
1,0,1,0
1,0,1,0
1,0,1,0
1,0,1,0
1,0,1,0
1,0,1,0
1,0,1,0
1,0,1,0
1,0,1,0
1,0,1,0
1,0,1,0
1,0,1,0
1,0,1,0
1,0,1,0
1,0,1,0
1,0,1,0
1,0,1,0
1,0,1,0
1,0,1,0
1,0,1,0
1,0,1,0
1,0,1,0
1,0,1,0
1,0,1,0
1,0,1,0
1,0,1,0
1,0,1,0
2,0,2,0
1,0,1,0
0,1,1,7
1,0,1,0
1,0,1,0
0,4,4,7
1,0,1,0
1,0,1,0
1,0,1,0
1,0,1,0
2,0,2,0
1,0,1,0
0,1,1,133
1,0,1,0
3,0,3,0
1,0,1,0
1,0,1,0
1,0,1,0
0,1,1,73
1,0,1,0
0,1,1,10
0,1,1,15
0,2,2,12
1,0,1,0
2,0,2,0
0,2,2,7
4,0,4,0
1,0,1,0
0,3,3,0
1,0,1,0
1,0,1,0
1,0,1,0
1,0,1,0
1,0,1,0
3,0,3,0
1,0,1,0
0,2,2,0
1,0,1,0
1,0,1,0
1,0,1,0
1,0,1,0
1,0,1,0
1,0,1,0
1,0,1,0
1,0,1,0
1,0,1,0
1,0,1,0
1,0,1,0
2,0,2,0
0,3,3,19
1,0,1,0
1,0,1,0
1,0,1,0
1,0,1,0
2,0,2,0
0,1,1,4
1,0,1,0
1,0,1,0
2,0,2,0
1,0,1,0
0,1,1,24
3,0,3,0
1,0,1,0
1,0,1,0
1,0,1,0
1,0,1,0
0,1,1,6
2,0,2,0
1,0,1,0
1,0,1,0
2,0,2,0
1,0,1,0
1,0,1,0
1,0,1,0
1,0,1,0
3,0,3,0
2,0,2,0
2,0,2,0
1,0,1,0
0,1,1,31
1,0,1,0
1,0,1,0
1,0,1,0
0,1,1,2
5,0,5,0
3,0,3,0
1,0,1,0
2,0,2,0
1,0,1,0
1,0,1,0
1,0,1,0
0,1,1,2
1,0,1,0
1,0,1,0
1,0,1,0
0,1,1,3
3,0,3,0
1,0,1,0
1,0,1,0
2,0,2,0
1,0,1,0
1,0,1,0
1,0,1,0
2,0,2,0
1,0,1,0
1,0,1,0
2,0,2,0
1,0,1,0
1,0,1,0
1,0,1,0
1,0,1,0
0,1,1,0
0,1,1,3
2,0,2,0
0,1,1,44
1,0,1,0
0,1,1,2
1,0,1,0
1,0,1,0
1,0,1,0
1,0,1,0
1,0,1,0
0,1,1,1
1,0,1,0
1,0,1,0
2,0,2,0
3,0,3,0
1,0,1,0
1,0,1,0
0,1,1,72
1,0,1,0
1,0,1,0
3,0,3,0
3,0,3,0
1,0,1,0
1,0,1,0
1,0,1,0
0,2,2,3
1,0,1,0
4,0,4,0
2,0,2,0
0,3,3,0
1,0,1,0
1,0,1,0
0,1,1,1
1,0,1,0
0,1,1,3
1,0,1,0
1,0,1,0
6,0,6,0
1,0,1,0
1,0,1,0
1,0,1,0
2,0,2,0
1,0,1,0
0,1,1,1
1,0,1,0
1,0,1,0
1,0,1,0
0,2,2,16
1,0,1,0
2,0,2,0
1,0,1,0
2,0,2,0
0,1,1,2
1,0,1,0
2,0,2,0
1,0,1,0
1,0,1,0
1,0,1,0
1,0,1,0
3,0,3,0
1,0,1,0
1,0,1,0
1,0,1,0
1,0,1,0
1,0,1,0
1,0,1,0
1,0,1,0
1,0,1,0
0,1,1,47
1,0,1,0
0,1,1,61
1,0,1,0
1,0,1,0
1,0,1,0
2,0,2,0
1,0,1,0
1,0,1,0
0,1,1,0
1,0,1,0
0,1,1,0
1,0,1,0
2,0,2,0
0,2,2,4
2,0,2,0
1,0,1,0
0,1,1,7
3,0,3,0
1,0,1,0
1,0,1,0
1,0,1,0
1,0,1,0
1,0,1,0
1,0,1,0
1,0,1,0
1,0,1,0
1,0,1,0
1,0,1,0
1,0,1,0
0,1,1,9
5,0,5,0
1,0,1,0
7,0,7,0
1,0,1,0
1,0,1,0
0,1,1,58
1,0,1,0
1,0,1,0
5,0,5,0
1,0,1,0
1,0,1,0
0,1,1,20
3,0,3,0
1,0,1,0
0,1,1,25
0,1,1,16
1,0,1,0
1,0,1,0
0,1,1,12
2,0,2,0
1,0,1,0
3,0,3,0
1,0,1,0
1,0,1,0
1,0,1,0
1,0,1,0
2,0,2,0
1,0,1,0
1,0,1,0
0,1,1,2
1,0,1,0
3,0,3,0
1,0,1,0
1,0,1,0
1,0,1,0
0,1,1,3
2,0,2,0
0,1,1,0
2,0,2,0
1,0,1,0
1,0,1,0
0,1,1,16
0,2,2,57
0,1,1,42
1,0,1,0
1,0,1,0
1,0,1,0
0,1,1,53
1,0,1,0
1,0,1,0
2,0,2,0
1,0,1,0
0,1,1,14
1,0,1,0
0,1,1,10
0,1,1,9
1,0,1,0
2,0,2,0
1,0,1,0
0,1,1,8
1,0,1,0
0,1,1,0
1,0,1,0
0,1,1,6
2,0,2,0
1,0,1,0
0,1,1,9
1,0,1,0
1,0,1,0
1,0,1,0
2,0,2,0
0,1,1,0
1,0,1,0
1,0,1,0
2,0,2,0
1,0,1,0
0,1,1,1
1,0,1,0
1,0,1,0
0,1,1,0
0,1,1,7
1,0,1,0
1,0,1,0
0,1,1,11
1,0,1,0
1,0,1,0
1,0,1,0
1,0,1,0
1,0,1,0
2,0,2,0
3,0,3,0
1,0,1,0
2,0,2,0
1,0,1,0
0,1,1,0
1,0,1,0
0,1,1,0
4,0,4,0
1,0,1,0
1,0,1,0
4,0,4,0
1,0,1,0
1,0,1,0
2,0,2,0
1,0,1,0
1,0,1,0
3,0,3,0
1,0,1,0
1,0,1,0
0,4,4,41
2,0,2,0
1,0,1,0
1,0,1,0
0,2,2,78
2,0,2,0
1,0,1,0
1,0,1,0
0,1,1,9
1,0,1,0
4,0,4,0
1,0,1,0
1,0,1,0
1,0,1,0
1,0,1,0
1,0,1,0
1,0,1,0
1,0,1,0
1,0,1,0
1,0,1,0
1,0,1,0
1,0,1,0
1,0,1,0
1,0,1,0
1,0,1,0
2,0,2,0
1,0,1,0
1,0,1,0
1,0,1,0
1,0,1,0
0,1,1,4
0,1,1,58
1,0,1,0
1,0,1,0
0,1,1,19
1,0,1,0
1,0,1,0
1,0,1,0
1,0,1,0
2,0,2,0
1,0,1,0
1,0,1,0
1,0,1,0
1,0,1,0
2,0,2,0
1,0,1,0
1,0,1,0
1,0,1,0
1,0,1,0
1,0,1,0
1,0,1,0
1,0,1,0
1,0,1,0
1,0,1,0
2,0,2,0
1,0,1,0
1,0,1,0
1,0,1,0
1,0,1,0
1,0,1,0
1,0,1,0
1,0,1,0
0,1,1,12
2,0,2,0
0,2,2,17
1,0,1,0
3,0,3,0
0,2,2,14
1,0,1,0
0,1,1,1
0,2,2,3
1,0,1,0
1,0,1,0
1,0,1,0
0,1,1,67
2,0,2,0
1,0,1,0
0,1,1,86
2,0,2,0
0,1,1,4
1,0,1,0
1,0,1,0
1,0,1,0
2,0,2,0
2,0,2,0
2,0,2,0
1,0,1,0
1,0,1,0
2,0,2,0
1,0,1,0
4,0,4,0
1,0,1,0
0,1,1,53
1,0,1,0
1,0,1,0
1,0,1,0
1,0,1,0
0,2,2,12
2,0,2,0
1,0,1,0
0,4,4,14
1,0,1,0
1,0,1,0
1,0,1,0
1,0,1,0
3,0,3,0
1,0,1,0
1,0,1,0
1,0,1,0
1,0,1,0
1,0,1,0
1,0,1,0
1,0,1,0
1,0,1,0
3,0,3,0
1,0,1,0
1,0,1,0
1,0,1,0
1,0,1,0
2,0,2,0
1,0,1,0
2,0,2,0
0,1,1,44
6,0,6,0
1,0,1,0
1,0,1,0
0,2,2,0
3,0,3,0
2,0,2,0
1,0,1,0
1,0,1,0
1,0,1,0
2,0,2,0
2,0,2,0
3,0,3,0
3,0,3,0
1,0,1,0
1,0,1,0
0,5,5,20
2,0,2,0
3,0,3,0
0,1,1,131
1,0,1,0
1,0,1,0
0,3,3,19
2,0,2,0
1,0,1,0
1,0,1,0
1,0,1,0
1,0,1,0
0,3,3,43
1,0,1,0
1,0,1,0
1,0,1,0
3,0,3,0
1,0,1,0
1,0,1,0
2,0,2,0
2,0,2,0
1,0,1,0
1,0,1,0
1,0,1,0
1,0,1,0
1,0,1,0
1,0,1,0
2,0,2,0
1,0,1,0
0,1,1,27
1,0,1,0
2,0,2,0
0,1,1,3
0,1,1,4
0,1,1,0
0,2,2,9
1,0,1,0
3,0,3,0
1,0,1,0
1,0,1,0
1,0,1,0
2,0,2,0
0,1,1,13
2,0,2,0
1,0,1,0
1,0,1,0
2,0,2,0
1,0,1,0
2,0,2,0
1,0,1,0
3,0,3,0
1,0,1,0
1,0,1,0
1,0,1,0
1,0,1,0
1,0,1,0
1,0,1,0
1,0,1,0
0,2,2,8
1,0,1,0
1,0,1,0
1,0,1,0
2,0,2,0
1,0,1,0
2,0,2,0
2,0,2,0
1,0,1,0
1,0,1,0
2,0,2,0
0,3,3,38
1,0,1,0
1,0,1,0
3,0,3,0
1,0,1,0
1,0,1,0
0,2,2,14
3,0,3,0
2,0,2,0
1,0,1,0
2,0,2,0
1,0,1,0
1,0,1,0
0,1,1,19
1,0,1,0
1,0,1,0
1,0,1,0
1,0,1,0
2,0,2,0
1,0,1,0
1,0,1,0
1,0,1,0
2,0,2,0
1,0,1,0
1,0,1,0
1,0,1,0
1,0,1,0
1,0,1,0
1,0,1,0
0,3,3,2
0,2,2,7
1,0,1,0
0,2,2,9
2,0,2,0
1,0,1,0
0,1,1,10
1,0,1,0
1,0,1,0
1,0,1,0
2,0,2,0
1,0,1,0
1,0,1,0
3,0,3,0
1,0,1,0
1,0,1,0
4,0,4,0
2,0,2,0
1,0,1,0
1,0,1,0
1,0,1,0
0,2,2,12
1,0,1,0
1,0,1,0
1,0,1,0
1,0,1,0
1,0,1,0
1,0,1,0
1,0,1,0
1,0,1,0
1,0,1,0
1,0,1,0
1,0,1,0
0,2,2,23
1,0,1,0
2,0,2,0
1,0,1,0
3,0,3,0
1,0,1,0
1,0,1,0
0,2,2,73
2,0,2,0
2,0,2,0
1,0,1,0
4,0,4,0
1,0,1,0
1,0,1,0
1,0,1,0
0,1,1,87
2,0,2,4
1,0,1,0
1,0,1,0
0,1,1,25
1,0,1,0
1,0,1,0
1,0,1,0
1,0,1,0
4,0,4,0
2,0,2,0
1,0,1,0
0,1,1,5
0,1,1,0
1,0,1,0
1,0,1,0
0,1,1,2
1,0,1,0
0,1,1,9
1,0,1,0
1,0,1,0
1,0,1,0
1,0,1,0
0,2,2,20
2,0,2,0
0,3,3,3
1,0,1,0
1,0,1,0
1,0,1,0
0,1,1,6
0,1,1,80
1,0,1,0
0,1,1,7
0,3,3,51
1,0,1,0
1,0,1,0
1,0,1,0
1,0,1,0
1,0,1,0
1,0,1,0
1,0,1,0
1,0,1,0
1,0,1,0
1,0,1,0
0,1,1,0
1,0,1,0
2,0,2,0
1,0,1,0
1,0,1,0
2,0,2,0
1,0,1,0
0,2,2,4
2,0,2,0
1,0,1,0
2,0,2,0
1,0,1,0
1,0,1,0
1,0,1,0
1,0,1,0
1,0,1,0
1,0,1,0
1,0,1,0
0,1,1,6
1,0,1,0
0,1,1,29
1,0,1,0
1,0,1,0
0,1,1,51
1,0,1,0
1,0,1,0
1,0,1,0
1,0,1,0
1,0,1,0
2,0,2,0
1,0,1,0
1,0,1,0
2,0,2,0
0,1,1,6
1,0,1,0
1,0,1,0
0,3,3,5
1,0,1,0
1,0,1,0
2,0,2,0
1,0,1,0
1,0,1,0
1,0,1,0
1,0,1,0
1,0,1,0
3,0,3,0
1,0,1,0
2,0,2,0
1,0,1,0
2,0,2,0
3,0,3,0
1,0,1,0
0,1,1,2
0,2,2,9
1,0,1,0
1,0,1,0
1,0,1,0
2,0,2,0
1,0,1,0
1,0,1,0
2,0,2,0
0,1,1,7
1,0,1,0
0,3,3,20
1,0,1,0
2,0,2,0
0,3,3,2
1,0,1,0
1,0,1,0
1,0,1,0
2,0,2,0
1,0,1,0
1,0,1,0
1,0,1,0
1,0,1,0
1,0,1,0
0,2,2,33
2,0,2,0
1,0,1,0
1,0,1,0
1,0,1,0
3,0,3,0
1,0,1,0
1,0,1,0
1,0,1,0
1,0,1,0
1,0,1,0
1,0,1,0
1,0,1,0
1,0,1,0
1,0,1,0
1,0,1,0
2,0,2,0
1,0,1,0
0,3,3,4
1,0,1,0
1,0,1,0
1,0,1,0
0,1,1,13
2,0,2,0
2,0,2,0
1,0,1,0
2,0,2,0
0,2,2,4
1,0,1,0
1,0,1,0
0,3,3,6
1,0,1,0
1,0,1,0
1,0,1,0
1,0,1,0
1,0,1,0
1,0,1,0
1,0,1,0
2,0,2,0
1,0,1,0
2,0,2,0
1,0,1,0
1,0,1,0
1,0,1,0
2,0,2,0
1,0,1,0
1,0,1,0
1,0,1,0
1,0,1,0
1,0,1,0
0,1,1,10
2,0,2,0
1,0,1,0
1,0,1,0
0,1,1,4
2,0,2,0
1,0,1,0
5,0,5,0
1,0,1,0
1,0,1,0
5,0,5,0
1,0,1,0
1,0,1,0
2,0,2,0
0,1,1,76
0,1,1,29
1,0,1,0
1,0,1,0
0,4,4,1
2,0,2,0
0,1,1,30
1,0,1,0
1,0,1,0
1,0,1,0
1,0,1,0
1,0,1,0
2,0,2,0
0,3,3,4
1,0,1,0
1,0,1,0
1,0,1,0
3,0,3,0
2,0,2,0
1,0,1,0
4,0,4,0
1,0,1,0
1,0,1,0
1,0,1,0
0,1,1,4
0,2,2,17
0,1,1,144
1,0,1,0
0,1,1,3
1,0,1,0
1,0,1,0
1,0,1,0
0,1,1,0
2,0,2,0
1,0,1,0
1,0,1,0
3,0,3,0
2,0,2,0
2,0,2,0
0,1,1,6
2,0,2,0
1,0,1,0
1,0,1,0
1,0,1,0
2,0,2,0
2,0,2,0
1,0,1,0
1,0,1,0
3,0,3,0
1,0,1,0
0,1,1,31
1,0,1,0
0,1,1,65
2,0,2,0
1,0,1,0
1,0,1,0
0,1,1,4
2,0,2,0
0,1,1,2
1,0,1,0
2,0,2,0
1,0,1,0
3,0,3,0
1,0,1,0
1,0,1,0
1,0,1,0
1,0,1,0
2,0,2,0
1,0,1,0
6,0,6,0
1,0,1,0
3,0,3,0
1,0,1,0
1,0,1,0
2,0,2,0
1,0,1,0
1,0,1,0
2,0,2,0
0,1,1,30
1,0,1,0
1,0,1,0
1,0,1,0
1,0,1,0
2,0,2,0
1,0,1,0
1,0,1,0
1,0,1,0
0,1,1,2
1,0,1,0
1,0,1,0
1,0,1,0
1,0,1,0
2,0,2,0
1,0,1,0
1,0,1,0
1,0,1,0
1,0,1,0
1,0,1,0
0,1,1,3
2,0,2,0
1,0,1,0
1,0,1,0
1,0,1,0
1,0,1,0
1,0,1,0
1,0,1,0
2,0,2,0
1,0,1,0
1,0,1,0
3,0,3,0
1,0,1,0
1,0,1,0
1,0,1,0
1,0,1,0
1,0,1,0
3,0,3,0
1,0,1,0
1,0,1,0
1,0,1,0
1,0,1,0
3,0,3,0
0,5,5,59
1,0,1,0
1,0,1,0
0,1,1,12
3,0,3,0
1,0,1,0
2,0,2,0
0,1,1,7
2,0,2,0
1,0,1,0
1,0,1,0
2,0,2,0
2,0,2,0
1,0,1,0
1,0,1,0
1,0,1,0
0,1,1,19
1,0,1,0
1,0,1,0
1,0,1,0
1,0,1,0
1,0,1,0
1,0,1,0
0,1,1,0
1,0,1,0
1,0,1,0
1,0,1,0
1,0,1,0
0,1,1,13
1,0,1,0
0,1,1,0
1,0,1,0
1,0,1,0
2,0,2,0
1,0,1,0
1,0,1,0
0,1,1,2
0,1,1,3
1,0,1,0
3,0,3,0
3,0,3,0
1,0,1,0
1,0,1,0
1,0,1,0
3,0,3,0
0,1,1,1
1,0,1,0
1,0,1,0
0,1,1,0
1,0,1,0
2,0,2,0
0,1,1,4
1,0,1,0
1,0,1,0
0,1,1,3
1,0,1,0
2,0,2,0
0,1,1,3
1,0,1,0
0,1,1,1
1,0,1,0
1,0,1,0
1,0,1,0
1,0,1,0
1,0,1,0
0,1,1,0
0,1,1,11
1,0,1,0
1,0,1,0
1,0,1,0
0,1,1,20
1,0,1,0
0,2,2,23
1,0,1,0
1,0,1,0
3,0,3,0
1,0,1,0
1,0,1,0
0,1,1,11
0,1,1,0
1,0,1,0
2,0,2,0
1,0,1,0
0,1,1,1
1,0,1,0
1,0,1,0
1,0,1,0
1,0,1,0
1,0,1,0
1,0,1,0
1,0,1,0
1,0,1,0
1,0,1,0
0,2,2,2
0,1,1,18
0,1,1,13
1,0,1,0
1,0,1,0
1,0,1,0
1,0,1,0
1,0,1,0
1,0,1,0
1,0,1,0
1,0,1,0
1,0,1,0
2,0,2,0
1,0,1,0
1,0,1,0
1,0,1,0
1,0,1,0
1,0,1,0
0,2,2,6
1,0,1,0
1,0,1,0
1,0,1,0
1,0,1,0
0,1,1,2
1,0,1,0
3,0,3,0
1,0,1,0
0,1,1,13
1,0,1,0
1,0,1,0
1,0,1,0
1,0,1,0
1,0,1,0
1,0,1,0
1,0,1,0
0,1,1,58
1,0,1,0
0,1,1,3
0,1,1,1
2,0,2,0
1,0,1,0
2,0,2,0
1,0,1,0
1,0,1,0
3,0,3,0
0,5,5,7
0,1,1,0
0,1,1,7
2,0,2,0
1,0,1,0
2,0,2,0
1,0,1,0
0,1,1,25
2,0,2,0
0,1,1,17
3,0,3,0
1,0,1,0
1,0,1,0
1,0,1,0
1,0,1,0
1,0,1,0
0,1,1,7
1,0,1,0
1,0,1,0
0,1,1,1
1,0,1,0
1,0,1,0
2,0,2,0
1,0,1,0
1,0,1,0
1,0,1,0
1,0,1,0
2,0,2,0
1,0,1,0
2,0,2,0
1,0,1,0
1,0,1,0
1,0,1,0
1,0,1,0
0,1,1,1
0,1,1,3
2,0,2,0
1,0,1,0
0,1,1,3
1,0,1,0
1,0,1,0
1,0,1,0
1,0,1,0
3,0,3,0
1,0,1,0
2,0,2,0
1,0,1,0
1,0,1,0
1,0,1,0
1,0,1,0
2,0,2,0
1,0,1,0
0,1,1,17
1,0,1,0
1,0,1,0
2,0,2,0
1,0,1,0
1,0,1,0
1,0,1,0
1,0,1,0
2,0,2,0
2,0,2,0
1,0,1,0
1,0,1,0
1,0,1,0
1,0,1,0
1,0,1,0
1,0,1,0
1,0,1,0
0,6,6,14
3,0,3,0
2,0,2,0
1,0,1,0
1,0,1,0
1,0,1,0
1,0,1,0
1,0,1,0
0,1,1,3
1,0,1,0
1,0,1,0
1,0,1,0
0,1,1,21
1,0,1,0
3,0,3,0
1,0,1,0
0,1,1,2
0,1,1,1
1,0,1,0
0,2,2,2
2,0,2,0
1,0,1,0
2,0,2,0
1,0,1,0
1,0,1,0
0,1,1,2
2,0,2,0
1,0,1,0
0,1,1,11
1,0,1,0
2,0,2,0
1,0,1,0
1,0,1,0
1,0,1,0
1,0,1,0
2,0,2,0
0,1,1,4
1,0,1,0
1,0,1,0
1,0,1,0
2,0,2,0
1,0,1,0
1,0,1,0
1,0,1,0
1,0,1,0
0,1,1,32
1,0,1,0
1,0,1,0
0,1,1,36
0,1,1,7
2,0,2,0
3,0,3,0
2,0,2,0
0,1,1,1
1,0,1,0
3,0,3,0
1,0,1,0
1,0,1,0
1,0,1,0
0,1,1,1
1,0,1,0
0,2,2,3
1,0,1,0
1,0,1,0
2,0,2,0
2,0,2,0
1,0,1,0
1,0,1,0
1,0,1,0
1,0,1,0
2,0,2,0
1,0,1,0
1,0,1,0
1,0,1,0
1,0,1,0
0,2,2,8
1,0,1,0
2,0,2,0
1,0,1,0
1,0,1,0
1,0,1,0
1,0,1,0
0,1,1,1
4,0,4,0
1,0,1,0
2,0,2,0
0,1,1,47
1,0,1,0
1,0,1,0
0,1,1,29
1,0,1,0
1,0,1,0
0,1,1,1
1,0,1,0
1,0,1,0
1,0,1,0
1,0,1,0
2,0,2,0
1,0,1,0
1,0,1,0
0,1,1,31
1,0,1,0
1,0,1,0
1,0,1,0
1,0,1,0
1,0,1,0
1,0,1,0
1,0,1,0
0,1,1,1
1,0,1,0
1,0,1,0
2,0,2,0
0,2,2,42
1,0,1,0
0,1,1,0
1,0,1,0
1,0,1,0
2,0,2,0
2,0,2,0
3,0,3,0
3,0,3,0
1,0,1,0
1,0,1,0
1,0,1,0
1,0,1,0
1,0,1,0
0,2,2,40
0,1,1,0
2,0,2,0
1,0,1,0
1,0,1,0
2,0,2,0
1,0,1,0
3,0,3,0
2,0,2,0
1,0,1,0
2,0,2,0
3,0,3,0
2,0,2,0
2,0,2,0
2,0,2,0
1,0,1,0
1,0,1,0
1,0,1,0
1,0,1,0
1,0,1,0
2,0,2,0
1,0,1,0
3,0,3,0
1,0,1,0
1,0,1,0
1,0,1,0
0,1,1,11
1,0,1,0
0,3,3,118
1,0,1,0
1,0,1,0
2,0,2,0
3,0,3,0
1,0,1,0
1,0,1,0
2,0,2,0
1,0,1,0
1,0,1,0
0,2,2,0
1,0,1,0
2,0,2,0
3,0,3,0
1,0,1,0
1,0,1,0
1,0,1,0
2,0,2,0
1,0,1,0
1,0,1,0
1,0,1,0
1,0,1,0
1,0,1,0
1,0,1,0
1,0,1,0
2,0,2,0
3,0,3,0
1,0,1,0
1,0,1,0
0,1,1,23
1,0,1,0
2,0,2,0
1,0,1,0
1,0,1,0
1,0,1,0
1,0,1,0
3,0,3,0
1,0,1,0
4,0,4,0
1,0,1,0
1,0,1,0
1,0,1,0
1,0,1,0
2,0,2,0
1,0,1,0
1,0,1,0
2,0,2,0
1,0,1,0
1,0,1,0
0,1,1,0
1,0,1,0
1,0,1,0
1,0,1,0
1,0,1,0
1,0,1,0
0,1,1,1
2,0,2,0
1,0,1,0
0,1,1,10
2,0,2,0
3,0,3,0
1,0,1,0
1,0,1,0
1,0,1,0
1,0,1,0
1,0,1,0
2,0,2,0
0,1,1,27
1,0,1,0
1,0,1,0
0,2,2,20
2,0,2,0
1,0,1,0
1,0,1,0
0,1,1,8
0,2,2,3
1,0,1,0
1,0,1,0
1,0,1,0
1,0,1,0
1,0,1,0
1,0,1,0
0,1,1,30
1,0,1,0
1,0,1,0
1,0,1,0
2,0,2,0
2,0,2,0
1,0,1,0
1,0,1,0
1,0,1,0
3,0,3,0
1,0,1,0
1,0,1,0
0,1,1,3
1,0,1,0
1,0,1,0
1,0,1,0
1,0,1,0
3,0,3,0
0,1,1,0
1,0,1,0
2,0,2,0
2,0,2,0
1,0,1,0
1,0,1,0
1,0,1,0
0,1,1,8
1,0,1,0
2,0,2,0
2,0,2,0
1,0,1,0
1,0,1,0
1,0,1,0
0,1,1,0
2,0,2,0
1,0,1,0
1,0,1,0
1,0,1,0
2,0,2,0
1,0,1,0
1,0,1,0
0,1,1,7
1,0,1,0
1,0,1,0
5,0,5,0
1,0,1,0
3,0,3,0
1,0,1,0
1,0,1,0
2,0,2,0
1,0,1,0
2,0,2,0
2,0,2,0
1,0,1,0
1,0,1,0
1,0,1,0
2,0,2,0
1,0,1,0
1,0,1,0
1,0,1,0
0,2,2,37
0,1,1,49
1,0,1,0
1,0,1,0
1,0,1,0
0,1,1,14
1,0,1,0
1,0,1,0
1,0,1,0
1,0,1,0
1,0,1,0
1,0,1,0
0,1,1,4
0,2,2,1
0,1,1,6
2,0,2,0
1,0,1,0
1,0,1,0
1,0,1,0
1,0,1,0
1,0,1,0
1,0,1,0
1,0,1,0
2,0,2,0
1,0,1,0
1,0,1,0
2,0,2,0
3,0,3,0
1,0,1,0
2,0,2,0
2,0,2,0
2,0,2,0
1,0,1,0
1,0,1,0
1,0,1,0
1,0,1,0
3,0,3,0
1,0,1,0
2,0,2,0
0,1,1,42
1,0,1,0
1,0,1,0
1,0,1,0
4,0,4,0
4,0,4,0
1,0,1,0
1,0,1,0
2,0,2,0
2,0,2,0
1,0,1,0
3,0,3,0
3,0,3,0
1,0,1,0
1,0,1,0
1,0,1,0
0,1,1,0
1,0,1,0
1,0,1,0
2,0,2,0
1,0,1,0
1,0,1,0
1,0,1,0
2,0,2,0
1,0,1,0
2,0,2,0
1,0,1,0
1,0,1,0
0,2,2,2
0,2,2,6
1,0,1,0
1,0,1,0
1,0,1,0
1,0,1,0
2,0,2,0
1,0,1,0
1,0,1,0
2,0,2,0
1,0,1,0
1,0,1,0
3,0,3,0
1,0,1,0
1,0,1,0
1,0,1,0
1,0,1,0
1,0,1,0
1,0,1,0
1,0,1,0
1,0,1,0
1,0,1,0
1,0,1,0
1,0,1,0
1,0,1,0
1,0,1,0
2,0,2,0
1,0,1,0
1,0,1,0
2,0,2,0
3,0,3,0
0,1,1,0
1,0,1,0
2,0,2,0
2,0,2,0
1,0,1,0
0,1,1,1
1,0,1,0
1,0,1,0
1,0,1,0
1,0,1,0
0,3,3,10
1,0,1,0
2,0,2,0
1,0,1,0
1,0,1,0
1,0,1,0
1,0,1,0
1,0,1,0
2,0,2,0
1,0,1,0
2,0,2,0
2,0,2,0
1,0,1,0
1,0,1,0
2,0,2,0
2,0,2,0
0,1,1,5
1,0,1,0
0,1,1,0
1,0,1,0
1,0,1,0
1,0,1,0
0,1,1,19
1,0,1,0
1,0,1,0
0,1,1,56
0,1,1,9
1,0,1,0
1,0,1,0
2,0,2,0
1,0,1,0
2,0,2,0
1,0,1,0
2,0,2,0
1,0,1,0
1,0,1,0
0,1,1,4
2,0,2,0
1,0,1,0
1,0,1,0
1,0,1,0
0,1,1,0
2,0,2,0
0,1,1,124
1,0,1,0
2,0,2,0
1,0,1,0
2,0,2,0
1,0,1,0
1,0,1,0
1,0,1,0
0,1,1,0
2,0,2,0
5,0,5,0
1,0,1,0
1,0,1,0
0,1,1,7
0,1,1,12
2,0,2,0
1,0,1,0
2,0,2,0
1,0,1,0
1,0,1,0
1,0,1,0
1,0,1,0
2,0,2,0
1,0,1,0
1,0,1,0
1,0,1,0
1,0,1,0
1,0,1,0
1,0,1,0
1,0,1,0
3,0,3,0
2,0,2,0
0,1,1,10
1,0,1,0
1,0,1,0
1,0,1,0
0,1,1,1
1,0,1,0
0,2,2,28
0,1,1,48
1,0,1,0
1,0,1,0
0,2,2,19
1,0,1,0
1,0,1,0
1,0,1,0
1,0,1,0
0,2,2,1
3,0,3,0
1,0,1,0
1,0,1,0
1,0,1,0
1,0,1,0
1,0,1,0
1,0,1,0
1,0,1,0
0,1,1,189
1,0,1,0
1,0,1,0
1,0,1,0
3,0,3,0
1,0,1,0
1,0,1,0
1,0,1,0
1,0,1,0
1,0,1,0
1,0,1,0
1,0,1,0
1,0,1,0
1,0,1,0
1,0,1,0
1,0,1,0
1,0,1,0
2,0,2,0
2,0,2,0
1,0,1,0
1,0,1,0
1,0,1,0
1,0,1,0
1,0,1,0
0,3,3,13
1,0,1,0
2,0,2,0
1,0,1,0
1,0,1,0
1,0,1,0
1,0,1,0
1,0,1,0
0,2,2,19
2,0,2,0
2,0,2,0
1,0,1,0
0,1,1,7
1,0,1,0
1,0,1,0
1,0,1,0
1,0,1,0
2,0,2,0
1,0,1,0
0,1,1,97
1,0,1,0
0,1,1,15
0,1,1,25
2,0,2,0
1,0,1,0
2,0,2,0
1,0,1,0
1,0,1,0
0,1,1,0
1,0,1,0
3,0,3,0
1,0,1,0
1,0,1,0
1,0,1,0
1,0,1,0
0,3,3,20
2,0,2,0
1,0,1,0
1,0,1,0
3,0,3,0
1,0,1,0
1,0,1,0
0,2,2,38
1,0,1,0
1,0,1,0
1,0,1,0
2,0,2,0
1,0,1,0
0,2,2,57
1,0,1,0
2,0,2,0
3,0,3,0
1,0,1,0
1,0,1,0
0,1,1,26
0,1,1,32
2,0,2,0
0,1,1,1
1,0,1,0
1,0,1,0
2,0,2,0
1,0,1,0
2,0,2,0
1,0,1,0
0,1,1,8
1,0,1,0
1,0,1,0
1,0,1,0
0,1,1,1
1,0,1,0
1,0,1,0
1,0,1,0
1,0,1,0
1,0,1,0
1,0,1,0
1,0,1,0
1,0,1,0
1,0,1,0
1,0,1,0
1,0,1,0
1,0,1,0
0,1,1,0
1,0,1,0
1,0,1,0
1,0,1,0
2,0,2,0
2,0,2,0
1,0,1,0
4,0,4,0
1,0,1,0
1,0,1,0
2,0,2,0
1,0,1,0
0,2,2,30
0,2,2,15
1,0,1,0
1,0,1,0
1,0,1,0
1,0,1,0
1,0,1,0
0,1,1,6
3,0,3,0
1,0,1,0
1,0,1,0
1,0,1,0
1,0,1,0
1,0,1,0
1,0,1,0
1,0,1,0
0,3,3,4
1,0,1,0
1,0,1,0
2,0,2,0
3,0,3,0
1,0,1,0
1,0,1,0
0,1,1,5
0,2,2,7
9,0,9,0
1,0,1,0
3,0,3,0
1,0,1,0
1,0,1,0
1,0,1,0
1,0,1,0
2,0,2,0
2,0,2,0
1,0,1,0
1,0,1,0
1,0,1,0
1,0,1,0
0,1,1,4
1,0,1,0
1,0,1,0
0,1,1,0
0,1,1,12
1,0,1,0
1,0,1,0
1,0,1,0
1,0,1,0
2,0,2,0
1,0,1,0
0,1,1,1
1,0,1,0
1,0,1,0
2,0,2,0
3,0,3,0
2,0,2,0
1,0,1,0
0,1,1,12
2,0,2,0
0,1,1,35
1,0,1,0
1,0,1,0
3,0,3,0
1,0,1,0
3,0,3,0
2,0,2,0
3,0,3,0
1,0,1,0
1,0,1,0
1,0,1,0
1,0,1,0
1,0,1,0
2,0,2,0
0,1,1,18
1,0,1,0
1,0,1,0
1,0,1,0
2,0,2,0
3,0,3,0
1,0,1,0
2,0,2,0
1,0,1,0
0,1,1,13
1,0,1,0
1,0,1,0
1,0,1,0
1,0,1,0
1,0,1,0
2,0,2,0
0,1,1,8
0,1,1,7
1,0,1,0
0,1,1,7
0,1,1,0
1,0,1,0
3,0,3,0
1,0,1,0
1,0,1,0
1,0,1,0
3,0,3,0
1,0,1,0
0,1,1,12
1,0,1,0
1,0,1,0
2,0,2,0
3,0,3,0
1,0,1,0
1,0,1,0
0,2,2,12
1,0,1,0
2,0,2,0
0,1,1,1
0,1,1,0
3,0,3,0
2,0,2,0
1,0,1,0
1,0,1,0
1,0,1,0
0,1,1,9
1,0,1,0
1,0,1,0
1,0,1,0
1,0,1,0
1,0,1,0
1,0,1,0
1,0,1,0
1,0,1,0
1,0,1,0
2,0,2,0
1,0,1,0
1,0,1,0
1,0,1,0
0,1,1,13
2,0,2,0
1,0,1,0
0,3,3,7
1,0,1,0
1,0,1,0
0,1,1,7
2,0,2,0
1,0,1,0
1,0,1,0
1,0,1,0
1,0,1,0
1,0,1,0
1,0,1,0
0,2,2,85
1,0,1,0
1,0,1,0
1,0,1,0
1,0,1,0
1,0,1,0
1,0,1,0
1,0,1,0
1,0,1,0
1,0,1,0
1,0,1,0
1,0,1,0
0,3,3,162
1,0,1,0
1,0,1,0
1,0,1,0
0,1,1,2
1,0,1,0
1,0,1,0
1,0,1,0
3,0,3,0
1,0,1,0
1,0,1,0
1,0,1,0
0,2,2,16
1,0,1,0
1,0,1,0
1,0,1,0
1,0,1,0
1,0,1,0
1,0,1,0
1,0,1,0
1,0,1,0
1,0,1,0
1,0,1,0
1,0,1,0
2,0,2,0
2,0,2,0
1,0,1,0
0,1,1,8
1,0,1,0
1,0,1,0
2,0,2,0
4,0,4,0
1,0,1,0
0,1,1,3
1,0,1,0
1,0,1,0
0,1,1,0
1,0,1,0
1,0,1,0
1,0,1,0
1,0,1,0
0,1,1,15
1,0,1,0
1,0,1,0
0,2,2,0
1,0,1,0
1,0,1,0
1,0,1,0
1,0,1,0
1,0,1,0
1,0,1,0
0,1,1,51
1,0,1,0
1,0,1,0
1,0,1,0
0,2,2,49
1,0,1,0
1,0,1,0
1,0,1,0
1,0,1,0
1,0,1,0
1,0,1,0
4,0,4,0
0,1,1,5
1,0,1,0
1,0,1,0
2,0,2,0
1,0,1,0
1,0,1,0
1,0,1,0
0,1,1,129
1,0,1,0
1,0,1,0
1,0,1,0
2,0,2,0
2,0,2,0
3,0,3,0
1,0,1,0
0,1,1,5
1,0,1,0
3,0,3,0
1,0,1,0
0,1,1,28
1,0,1,0
2,0,2,0
1,0,1,0
1,0,1,0
1,0,1,0
1,0,1,0
1,0,1,0
1,0,1,0
1,0,1,0
1,0,1,0
2,0,2,0
0,1,1,6
1,0,1,0
2,0,2,0
1,0,1,0
0,1,1,63
1,0,1,0
1,0,1,0
2,0,2,0
1,0,1,0
1,0,1,0
1,0,1,0
0,1,1,36
1,0,1,0
1,0,1,0
0,1,1,12
0,1,1,3
1,0,1,0
1,0,1,0
2,0,2,0
1,0,1,0
1,0,1,0
1,0,1,0
0,1,1,1
1,0,1,0
1,0,1,0
0,3,3,14
1,0,1,0
1,0,1,0
0,2,2,2
1,0,1,0
1,0,1,0
2,0,2,0
1,0,1,0
3,0,3,0
1,0,1,0
0,1,1,161
1,0,1,0
1,0,1,0
1,0,1,0
0,1,1,9
1,0,1,0
1,0,1,0
1,0,1,0
1,0,1,0
0,1,1,13
2,0,2,0
1,0,1,0
2,0,2,0
4,0,4,0
1,0,1,0
2,0,2,0
1,0,1,0
2,0,2,0
1,0,1,0
2,0,2,0
2,0,2,0
1,0,1,0
0,1,1,0
2,0,2,0
1,0,1,0
2,0,2,0
0,1,1,15
1,0,1,0
1,0,1,0
1,0,1,0
1,0,1,0
1,0,1,0
1,0,1,0
0,2,2,56
1,0,1,0
1,0,1,0
1,0,1,0
1,0,1,0
1,0,1,0
1,0,1,0
0,3,3,4
1,0,1,0
1,0,1,0
1,0,1,0
1,0,1,0
1,0,1,0
0,1,1,53
2,0,2,0
1,0,1,0
1,0,1,0
1,0,1,0
1,0,1,0
1,0,1,0
1,0,1,0
0,1,1,1
1,0,1,0
0,1,1,3
0,2,2,6
4,0,4,0
1,0,1,0
2,0,2,0
1,0,1,0
1,0,1,0
3,0,3,0
1,0,1,0
1,0,1,0
0,1,1,297
0,1,1,1
1,0,1,0
2,0,2,0
0,1,1,0
1,0,1,0
1,0,1,0
1,0,1,0
1,0,1,0
1,0,1,0
2,0,2,0
1,0,1,0
1,0,1,0
1,0,1,0
0,1,1,12
1,0,1,0
1,0,1,0
0,1,1,7
1,0,1,0
1,0,1,0
1,0,1,0
2,0,2,0
1,0,1,0
1,0,1,0
1,0,1,0
0,1,1,26
4,0,4,0
0,1,1,0
1,0,1,0
3,0,3,0
1,0,1,0
1,0,1,0
1,0,1,0
2,0,2,0
1,0,1,0
1,0,1,0
1,0,1,0
0,1,1,4
1,0,1,0
0,1,1,2
2,0,2,0
1,0,1,0
1,0,1,0
2,0,2,0
2,0,2,0
1,0,1,0
1,0,1,0
1,0,1,0
1,0,1,0
0,2,2,46
2,0,2,0
1,0,1,0
0,1,1,4
1,0,1,0
1,0,1,0
1,0,1,0
4,0,4,0
2,0,2,0
0,1,1,46
1,0,1,0
1,0,1,0
0,2,2,7
1,0,1,0
1,0,1,0
1,0,1,0
0,1,1,5
1,0,1,0
1,0,1,0
1,0,1,0
1,0,1,0
1,0,1,0
4,0,4,0
2,0,2,0
1,0,1,0
1,0,1,0
2,0,2,0
2,0,2,0
1,0,1,0
0,1,1,1
1,0,1,0
1,0,1,0
1,0,1,0
1,0,1,0
0,2,2,11
1,0,1,0
2,0,2,0
1,0,1,0
1,0,1,0
1,0,1,0
4,0,4,0
1,0,1,0
1,0,1,0
7,0,7,0
1,0,1,0
2,0,2,0
1,0,1,0
1,0,1,0
1,0,1,0
1,0,1,0
1,0,1,0
1,0,1,0
1,0,1,0
1,0,1,0
0,3,3,145
1,0,1,0
1,0,1,0
1,0,1,0
6,0,6,0
1,0,1,0
0,1,1,1
0,1,1,1
2,0,2,0
1,0,1,0
0,1,1,35
1,0,1,0
1,0,1,0
0,1,1,37
1,0,1,0
2,0,2,0
0,1,1,160
2,0,2,0
4,0,4,0
1,0,1,0
1,0,1,0
2,0,2,0
2,0,2,0
0,1,1,6
1,0,1,0
1,0,1,0
1,0,1,0
0,2,2,0
1,0,1,0
2,0,2,0
1,0,1,0
1,0,1,0
1,0,1,0
0,1,1,4
1,0,1,0
1,0,1,0
1,0,1,0
1,0,1,0
0,3,3,17
1,0,1,0
2,0,2,0
0,1,1,7
0,1,1,0
1,0,1,0
0,1,1,1
0,3,3,33
1,0,1,0
1,0,1,0
1,0,1,0
1,0,1,0
0,1,1,62
1,0,1,0
1,0,1,0
1,0,1,0
0,1,1,0
1,0,1,0
0,1,1,0
0,1,1,31
1,0,1,0
1,0,1,0
0,1,1,52
2,0,2,0
0,1,1,3
0,1,1,14
1,0,1,0
0,1,1,0
1,0,1,0
0,3,3,14
1,0,1,0
1,0,1,0
2,0,2,0
2,0,2,0
1,0,1,0
2,0,2,0
0,1,1,15
1,0,1,0
0,2,2,1
2,0,2,0
1,0,1,0
0,1,1,142
3,0,3,0
1,0,1,0
1,0,1,0
1,0,1,0
0,1,1,32
1,0,1,0
1,0,1,0
1,0,1,0
1,0,1,0
0,1,1,23
1,0,1,0
0,1,1,77
2,0,2,0
3,0,3,0
1,0,1,0
1,0,1,0
0,1,1,2
2,0,2,0
1,0,1,0
2,0,2,0
2,0,2,0
5,0,5,0
1,0,1,0
2,0,2,0
1,0,1,0
1,0,1,0
1,0,1,0
1,0,1,0
1,0,1,0
1,0,1,0
1,0,1,0
1,0,1,0
1,0,1,0
1,0,1,0
1,0,1,0
1,0,1,0
1,0,1,0
1,0,1,0
1,0,1,0
1,0,1,0
1,0,1,0
1,0,1,0
1,0,1,0
1,0,1,0
1,0,1,0
1,0,1,0
2,0,2,0
1,0,1,0
2,0,2,0
1,0,1,0
1,0,1,0
1,0,1,0
1,0,1,0
1,0,1,0
1,0,1,0
1,0,1,0
1,0,1,0
1,0,1,0
0,1,1,118
1,0,1,0
1,0,1,0
1,0,1,0
2,0,2,0
1,0,1,0
0,2,2,1
1,0,1,0
1,0,1,0
0,2,2,28
1,0,1,0
0,1,1,6
1,0,1,0
1,0,1,0
1,0,1,0
0,1,1,4
1,0,1,0
1,0,1,0
1,0,1,0
1,0,1,0
4,0,4,0
1,0,1,0
1,0,1,0
0,1,1,37
1,0,1,0
1,0,1,0
1,0,1,0
1,0,1,0
1,0,1,0
1,0,1,0
1,0,1,0
1,0,1,0
1,0,1,0
1,0,1,0
1,0,1,0
1,0,1,0
1,0,1,0
1,0,1,0
0,1,1,2
2,0,2,0
2,0,2,0
0,1,1,0
1,0,1,0
1,0,1,0
1,0,1,0
1,0,1,0
1,0,1,0
1,0,1,0
1,0,1,0
0,1,1,101
2,0,2,0
0,1,1,5
1,0,1,0
1,0,1,0
1,0,1,0
1,0,1,0
1,0,1,0
1,0,1,0
5,0,5,0
1,0,1,0
1,0,1,0
0,1,1,2
2,0,2,0
1,0,1,0
1,0,1,0
1,0,1,0
1,0,1,0
0,1,1,19
2,0,2,0
1,0,1,0
1,0,1,0
1,0,1,0
3,0,3,0
1,0,1,0
1,0,1,0
2,0,2,0
1,0,1,0
2,0,2,0
1,0,1,0
1,0,1,0
1,0,1,0
1,0,1,0
3,0,3,0
0,1,1,14
1,0,1,0
0,1,1,34
1,0,1,0
0,1,1,9
0,1,1,1
0,1,1,12
1,0,1,0
1,0,1,0
0,2,2,41
0,1,1,13
2,0,2,0
1,0,1,0
1,0,1,0
1,0,1,0
1,0,1,0
1,0,1,0
3,0,3,0
1,0,1,0
1,0,1,0
1,0,1,0
1,0,1,0
0,1,1,5
0,1,1,3
2,0,2,0
1,0,1,0
1,0,1,0
1,0,1,0
0,1,1,1
1,0,1,0
2,0,2,0
2,0,2,0
0,2,2,3
1,0,1,0
1,0,1,0
1,0,1,0
1,0,1,0
1,0,1,0
1,0,1,0
4,0,4,0
0,1,1,10
1,0,1,0
1,0,1,0
1,0,1,0
1,0,1,0
2,0,2,0
1,0,1,0
1,0,1,0
3,0,3,0
0,2,2,11
2,0,2,0
1,0,1,0
1,0,1,0
0,1,1,10
2,0,2,0
1,0,1,0
1,0,1,0
3,0,3,0
1,0,1,0
3,0,3,0
1,0,1,0
1,0,1,0
1,0,1,0
1,0,1,0
5,0,5,0
3,0,3,0
1,0,1,0
1,0,1,0
1,0,1,0
2,0,2,0
1,0,1,0
2,0,2,0
1,0,1,0
0,1,1,24
1,0,1,0
2,0,2,0
0,1,1,7
1,0,1,0
1,0,1,0
2,0,2,0
4,0,4,0
1,0,1,0
2,0,2,0
1,0,1,0
2,0,2,0
1,0,1,0
1,0,1,0
2,0,2,0
1,0,1,0
1,0,1,0
0,1,1,11
2,0,2,0
0,1,1,4
0,1,1,0
1,0,1,0
1,0,1,0
1,0,1,0
1,0,1,0
1,0,1,0
0,2,2,4
1,0,1,0
1,0,1,0
1,0,1,0
1,0,1,0
1,0,1,0
1,0,1,0
1,0,1,0
1,0,1,0
1,0,1,0
1,0,1,0
1,0,1,0
1,0,1,0
2,0,2,0
1,0,1,0
2,0,2,0
1,0,1,0
1,0,1,0
3,0,3,0
1,0,1,0
3,0,3,0
1,0,1,0
1,0,1,0
1,0,1,0
1,0,1,0
1,0,1,0
1,0,1,0
1,0,1,0
1,0,1,0
1,0,1,0
1,0,1,0
1,0,1,0
1,0,1,0
1,0,1,0
4,0,4,0
1,0,1,0
1,0,1,0
1,0,1,0
1,0,1,0
1,0,1,0
1,0,1,0
1,0,1,0
1,0,1,0
1,0,1,0
1,0,1,0
2,0,2,0
1,0,1,0
0,1,1,0
0,2,2,1
1,0,1,0
1,0,1,0
2,0,2,0
1,0,1,0
2,0,2,0
1,0,1,0
1,0,1,0
0,1,1,0
5,0,5,0
1,0,1,0
0,1,1,1
1,0,1,0
1,0,1,0
1,0,1,0
0,1,1,6
1,0,1,0
0,1,1,20
2,0,2,0
1,0,1,0
1,0,1,0
0,1,1,74
1,0,1,0
1,0,1,0
1,0,1,0
1,0,1,0
1,0,1,0
2,0,2,0
5,0,5,0
1,0,1,0
1,0,1,0
1,0,1,0
2,0,2,0
1,0,1,0
2,0,2,0
1,0,1,0
1,0,1,0
2,0,2,0
1,0,1,0
2,0,2,0
1,0,1,0
1,0,1,0
0,1,1,0
2,0,2,0
1,0,1,0
3,0,3,0
0,1,1,18
1,0,1,0
1,0,1,0
1,0,1,0
2,0,2,0
1,0,1,0
1,0,1,0
0,1,1,11
1,0,1,0
1,0,1,0
1,0,1,0
1,0,1,0
0,2,2,20
1,0,1,0
2,0,2,0
2,0,2,0
1,0,1,0
1,0,1,0
1,0,1,0
1,0,1,0
1,0,1,0
0,1,1,82
1,0,1,0
1,0,1,0
1,0,1,0
1,0,1,0
1,0,1,0
2,0,2,0
3,0,3,0
0,1,1,4
1,0,1,0
1,0,1,0
0,1,1,56
1,0,1,0
3,0,3,0
3,0,3,0
1,0,1,0
1,0,1,0
1,0,1,0
0,1,1,77
1,0,1,0
0,1,1,4
1,0,1,0
1,0,1,0
0,1,1,113
2,0,2,0
0,1,1,201
0,2,2,14
2,0,2,0
1,0,1,0
0,1,1,109
1,0,1,0
1,0,1,0
1,0,1,0
1,0,1,0
1,0,1,0
2,0,2,0
2,0,2,0
1,0,1,0
1,0,1,0
0,1,1,52
0,1,1,4
1,0,1,0
1,0,1,0
3,0,3,0
1,0,1,0
1,0,1,0
1,0,1,0
1,0,1,0
1,0,1,0
0,1,1,10
2,0,2,0
1,0,1,0
1,0,1,0
1,0,1,0
1,0,1,0
1,0,1,0
2,0,2,0
1,0,1,0
1,0,1,0
3,0,3,0
1,0,1,0
1,0,1,0
1,0,1,0
2,0,2,0
1,0,1,0
1,0,1,0
1,0,1,0
2,0,2,0
1,0,1,0
0,3,3,0
0,2,2,65
1,0,1,0
1,0,1,0
1,0,1,0
1,0,1,0
2,0,2,0
1,0,1,0
1,0,1,0
1,0,1,0
1,0,1,0
0,4,4,1
2,0,2,0
2,0,2,0
1,0,1,0
1,0,1,0
1,0,1,0
1,0,1,0
1,0,1,0
1,0,1,0
2,0,2,0
1,0,1,0
2,0,2,0
1,0,1,0
1,0,1,0
2,0,2,0
1,0,1,0
3,0,3,0
1,0,1,0
1,0,1,0
1,0,1,0
1,0,1,0
1,0,1,0
1,0,1,0
1,0,1,0
1,0,1,0
0,1,1,0
2,0,2,0
2,0,2,0
1,0,1,0
1,0,1,0
3,0,3,0
1,0,1,0
1,0,1,0
1,0,1,0
1,0,1,0
4,0,4,0
0,2,2,0
0,1,1,71
3,0,3,0
1,0,1,0
1,0,1,0
2,0,2,0
1,0,1,0
1,0,1,0
1,0,1,0
1,0,1,0
1,0,1,0
1,0,1,0
0,1,1,16
1,0,1,0
1,0,1,0
0,1,1,19
1,0,1,0
0,1,1,3
1,0,1,0
0,1,1,1
1,0,1,0
0,1,1,33
1,0,1,0
0,1,1,103
1,0,1,0
1,0,1,0
1,0,1,0
0,1,1,7
0,1,1,0
0,1,1,3
1,0,1,0
1,0,1,0
1,0,1,0
1,0,1,0
1,0,1,0
1,0,1,0
1,0,1,0
2,0,2,0
1,0,1,0
2,0,2,0
0,2,2,15
1,0,1,0
2,0,2,0
3,0,3,0
1,0,1,0
1,0,1,0
1,0,1,0
2,0,2,0
2,0,2,0
1,0,1,0
1,0,1,0
1,0,1,0
0,2,2,5
1,0,1,0
0,1,1,1
1,0,1,0
1,0,1,0
1,0,1,0
1,0,1,0
2,0,2,0
1,0,1,0
1,0,1,0
3,0,3,0
1,0,1,0
1,0,1,0
1,0,1,0
3,0,3,0
1,0,1,0
1,0,1,0
1,0,1,0
0,3,3,1
2,0,2,0
0,1,1,7
1,0,1,0
0,1,1,1
1,0,1,0
2,0,2,0
1,0,1,0
1,0,1,0
0,1,1,5
2,0,2,0
0,1,1,2
1,0,1,0
0,1,1,0
2,0,2,0
0,1,1,4
1,0,1,0
0,1,1,16
1,0,1,0
1,0,1,0
1,0,1,0
1,0,1,0
3,0,3,0
0,2,2,262
1,0,1,0
7,0,7,0
1,0,1,0
0,1,1,0
0,2,2,24
1,0,1,0
0,1,1,1
1,0,1,0
1,0,1,0
1,0,1,0
1,0,1,0
1,0,1,0
1,0,1,0
1,0,1,0
3,0,3,0
0,2,2,46
0,2,2,1
0,2,2,12
1,0,1,0
1,0,1,0
1,0,1,0
1,0,1,0
1,0,1,0
1,0,1,0
0,1,1,12
1,0,1,0
1,0,1,0
0,1,1,11
3,0,3,0
0,1,1,2
1,0,1,0
1,0,1,0
1,0,1,0
1,0,1,0
1,0,1,0
0,1,1,24
0,1,1,7
1,0,1,0
1,0,1,0
1,0,1,0
0,1,1,0
1,0,1,0
1,0,1,0
1,0,1,0
1,0,1,0
1,0,1,0
2,0,2,0
1,0,1,0
3,0,3,0
1,0,1,0
1,0,1,0
3,0,3,0
0,2,2,11
1,0,1,0
1,0,1,0
1,0,1,0
1,0,1,0
3,0,3,0
1,0,1,0
3,0,3,0
1,0,1,0
1,0,1,0
1,0,1,0
1,0,1,0
2,0,2,0
3,0,3,0
1,0,1,0
1,0,1,0
1,0,1,0
1,0,1,0
2,0,2,0
1,0,1,0
1,0,1,0
2,0,2,0
1,0,1,0
0,2,2,60
0,2,2,3
2,0,2,0
2,0,2,0
1,0,1,0
2,0,2,0
1,0,1,0
2,0,2,0
0,1,1,69
1,0,1,0
1,0,1,0
1,0,1,0
1,0,1,0
0,1,1,253
1,0,1,0
1,0,1,0
1,0,1,0
1,0,1,0
1,0,1,0
0,2,2,0
1,0,1,0
1,0,1,5
1,0,1,0
1,0,1,0
2,0,2,0
1,0,1,0
0,1,1,8
1,0,1,0
1,0,1,0
1,0,1,0
1,0,1,0
1,0,1,0
1,0,1,0
1,0,1,0
1,0,1,0
2,0,2,0
1,0,1,0
1,0,1,0
1,0,1,0
1,0,1,0
1,0,1,0
1,0,1,0
1,0,1,0
0,3,3,0
3,0,3,0
1,0,1,0
1,0,1,0
1,0,1,0
1,0,1,0
4,0,4,0
2,0,2,0
0,1,1,5
0,3,3,0
1,0,1,0
0,2,2,4
0,1,1,11
2,0,2,0
0,1,1,4
1,0,1,0
0,2,2,15
1,0,1,0
1,0,1,0
2,0,2,0
2,0,2,0
2,0,2,0
1,0,1,0
2,0,2,0
2,0,2,0
1,0,1,0
1,0,1,0
1,0,1,0
1,0,1,0
2,0,2,0
1,0,1,0
1,0,1,0
2,0,2,0
2,0,2,0
0,1,1,9
1,0,1,0
2,0,2,0
1,0,1,0
2,0,2,0
1,0,1,0
1,0,1,0
1,0,1,0
2,0,2,0
2,0,2,0
1,0,1,0
1,0,1,0
1,0,1,0
0,1,1,30
2,0,2,0
1,0,1,0
1,0,1,0
2,0,2,0
1,0,1,0
0,1,1,9
1,0,1,0
1,0,1,0
2,0,2,0
1,0,1,0
1,0,1,0
0,1,1,96
4,0,4,0
1,0,1,0
0,1,1,6
1,0,1,0
3,0,3,0
1,0,1,0
2,0,2,0
2,0,2,0
2,0,2,0
1,0,1,0
1,0,1,0
1,0,1,0
2,0,2,0
2,0,2,0
1,0,1,0
0,3,3,1
3,0,3,0
0,2,2,1
0,1,1,5
1,0,1,0
1,0,1,0
0,1,1,8
1,0,1,0
3,0,3,0
2,0,2,0
1,0,1,0
1,0,1,0
1,0,1,0
2,0,2,0
1,0,1,0
1,0,1,0
2,0,2,0
1,0,1,0
1,0,1,0
1,0,1,0
1,0,1,0
1,0,1,0
1,0,1,0
1,0,1,0
1,0,1,0
1,0,1,0
1,0,1,0
4,0,4,0
0,1,1,51
1,0,1,0
6,0,6,0
1,0,1,0
1,0,1,0
1,0,1,0
1,0,1,0
0,1,1,49
1,0,1,0
1,0,1,0
1,0,1,0
2,0,2,0
1,0,1,0
1,0,1,0
0,1,1,20
1,0,1,0
1,0,1,0
1,0,1,0
1,0,1,0
0,5,5,2
2,0,2,0
0,3,3,43
0,1,1,27
1,0,1,0
1,0,1,0
2,0,2,0
6,0,6,0
2,0,2,0
0,2,2,24
2,0,2,0
1,0,1,0
0,1,1,0
2,0,2,0
1,0,1,0
1,0,1,0
2,0,2,0
1,0,1,0
1,0,1,0
1,0,1,0
1,0,1,0
1,0,1,0
1,0,1,0
1,0,1,0
1,0,1,0
1,0,1,0
1,0,1,0
1,0,1,0
1,0,1,0
0,1,1,5
2,0,2,0
1,0,1,0
1,0,1,0
2,0,2,0
1,0,1,0
1,0,1,0
1,0,1,0
0,1,1,34
1,0,1,0
0,1,1,5
1,0,1,0
1,0,1,0
1,0,1,0
1,0,1,0
3,0,3,0
3,0,3,0
1,0,1,0
1,0,1,0
0,2,2,5
1,0,1,0
1,0,1,0
1,0,1,0
3,0,3,0
1,0,1,0
0,2,2,0
1,0,1,0
1,0,1,0
1,0,1,0
1,0,1,0
1,0,1,0
2,0,2,0
2,0,2,0
1,0,1,0
1,0,1,0
1,0,1,0
1,0,1,0
1,0,1,0
1,0,1,0
1,0,1,0
1,0,1,0
1,0,1,0
1,0,1,0
1,0,1,0
1,0,1,0
1,0,1,0
2,0,2,0
0,1,1,14
1,0,1,0
1,0,1,0
0,1,1,26
1,0,1,0
1,0,1,0
1,0,1,0
0,4,4,8
2,0,2,0
0,1,1,3
1,0,1,0
1,0,1,0
2,0,2,0
1,0,1,0
1,0,1,0
1,0,1,0
1,0,1,0
1,0,1,0
1,0,1,0
1,0,1,0
1,0,1,0
1,0,1,0
1,0,1,0
1,0,1,0
1,1,2,10
1,0,1,0
1,0,1,0
1,0,1,0
1,0,1,0
0,1,1,72
1,0,1,0
1,0,1,0
2,0,2,0
1,0,1,0
1,0,1,0
1,0,1,0
1,0,1,0
1,0,1,0
1,0,1,0
1,0,1,0
0,1,1,5
2,0,2,0
1,0,1,0
0,1,1,7
2,0,2,0
0,1,1,2
1,0,1,0
1,0,1,0
1,0,1,0
1,0,1,0
2,0,2,0
1,0,1,0
0,1,1,9
2,0,2,0
1,0,1,0
0,1,1,4
1,0,1,0
1,0,1,0
1,0,1,0
1,0,1,0
0,1,1,64
1,0,1,0
1,0,1,0
1,0,1,0
1,0,1,0
1,0,1,0
1,0,1,0
1,0,1,0
1,0,1,0
1,0,1,0
1,0,1,0
1,0,1,0
2,0,2,0
0,1,1,0
4,0,4,0
0,3,3,4
0,2,2,18
1,0,1,0
1,0,1,0
1,0,1,0
0,1,1,7
1,0,1,0
2,0,2,0
2,0,2,0
2,0,2,0
1,0,1,0
2,0,2,0
1,0,1,0
1,0,1,0
0,2,2,41
2,0,2,0
1,0,1,0
1,0,1,0
0,1,1,78
1,0,1,0
0,1,1,6
5,0,5,0
2,0,2,0
1,0,1,0
1,0,1,0
1,0,1,0
1,0,1,0
1,0,1,0
3,0,3,0
1,0,1,0
1,0,1,0
3,0,3,0
2,0,2,0
1,0,1,0
1,0,1,0
1,0,1,0
1,0,1,0
1,0,1,0
1,0,1,0
1,0,1,0
1,0,1,0
2,0,2,0
1,0,1,0
1,0,1,0
1,0,1,0
0,1,1,17
2,0,2,0
2,0,2,0
1,0,1,0
1,0,1,0
1,0,1,0
2,0,2,0
1,0,1,0
1,0,1,0
1,0,1,0
1,0,1,0
1,0,1,0
1,0,1,0
1,0,1,0
1,0,1,0
0,3,3,6
4,0,4,0
0,2,2,4
1,0,1,0
1,0,1,0
2,0,2,0
1,0,1,0
2,0,2,0
2,0,2,0
2,0,2,0
2,0,2,0
2,0,2,0
1,0,1,0
6,0,6,0
1,0,1,0
2,0,2,0
4,0,4,0
1,0,1,0
1,0,1,0
1,0,1,0
1,0,1,0
3,0,3,0
1,0,1,0
0,1,1,29
1,0,1,0
2,0,2,0
1,0,1,0
3,0,3,0
3,0,3,0
1,0,1,0
0,2,2,2
1,0,1,0
0,1,1,0
2,0,2,0
0,1,1,17
1,0,1,0
0,1,1,19
1,0,1,0
1,0,1,0
1,0,1,0
1,0,1,0
2,0,2,0
0,1,1,15
1,0,1,0
1,0,1,0
1,0,1,0
1,0,1,0
0,1,1,3
0,1,1,8
1,0,1,0
1,0,1,0
1,0,1,0
1,0,1,0
0,1,1,68
0,1,1,21
2,0,2,0
0,1,1,0
1,0,1,0
1,0,1,0
1,0,1,0
3,0,3,0
1,0,1,0
1,0,1,0
1,0,1,0
1,0,1,0
0,1,1,1
1,0,1,0
0,1,1,50
0,1,1,2
1,0,1,0
1,0,1,0
1,0,1,0
1,0,1,0
1,0,1,0
3,0,3,0
1,0,1,0
1,0,1,0
1,0,1,0
1,0,1,0
1,0,1,0
1,0,1,0
2,0,2,0
1,0,1,0
1,0,1,0
1,0,1,0
1,0,1,0
1,0,1,0
1,0,1,0
1,0,1,0
2,0,2,0
1,0,1,0
1,0,1,0
1,0,1,0
0,3,3,0
0,1,1,0
1,0,1,0
1,0,1,0
1,0,1,0
1,0,1,0
1,0,1,0
1,0,1,0
1,0,1,0
1,0,1,0
1,0,1,0
0,1,1,0
2,0,2,0
1,0,1,0
2,0,2,0
0,1,1,0
2,0,2,0
0,2,2,5
2,0,2,0
1,0,1,0
1,0,1,0
2,0,2,0
0,1,1,0
0,1,1,2
1,0,1,0
1,0,1,0
3,0,3,0
1,0,1,0
1,0,1,0
1,0,1,0
1,0,1,0
1,0,1,0
0,1,1,7
1,0,1,0
1,0,1,0
1,0,1,0
1,0,1,0
1,0,1,0
2,0,2,0
1,0,1,0
1,0,1,0
1,0,1,0
1,0,1,0
1,0,1,0
5,0,5,0
1,0,1,0
1,0,1,0
2,0,2,0
1,0,1,0
2,0,2,0
1,0,1,0
1,0,1,0
2,0,2,0
1,0,1,0
1,0,1,0
1,0,1,0
2,0,2,0
1,0,1,0
3,0,3,0
1,0,1,0
1,0,1,0
1,0,1,0
1,0,1,0
1,0,1,0
1,0,1,0
3,0,3,0
1,0,1,0
5,0,5,0
1,0,1,0
1,0,1,0
2,0,2,0
2,0,2,0
1,0,1,0
1,0,1,0
0,2,2,17
0,1,1,9
1,0,1,0
2,0,2,0
1,0,1,0
1,0,1,0
0,1,1,1
1,0,1,0
1,0,1,0
1,0,1,0
1,0,1,0
0,1,1,5
1,0,1,0
0,1,1,1
2,0,2,0
1,0,1,0
1,0,1,0
1,0,1,0
1,0,1,0
1,0,1,0
1,0,1,0
1,0,1,0
0,3,3,13
1,0,1,0
1,0,1,0
1,0,1,0
1,0,1,0
0,1,1,4
1,0,1,0
2,0,2,0
1,0,1,0
0,1,1,1
1,0,1,0
1,0,1,0
1,0,1,0
1,0,1,0
1,0,1,0
1,0,1,0
1,0,1,0
1,0,1,0
1,0,1,0
1,0,1,0
1,0,1,0
1,0,1,0
1,0,1,0
0,1,1,101
1,0,1,0
1,0,1,0
1,0,1,0
0,2,2,0
1,0,1,0
1,0,1,0
1,0,1,0
0,1,1,9
0,1,1,2
0,1,1,18
2,0,2,0
1,0,1,0
2,0,2,0
1,0,1,0
2,0,2,0
1,0,1,0
0,1,1,13
1,0,1,0
1,0,1,0
0,1,1,33
1,0,1,0
1,0,1,0
1,0,1,0
2,0,2,0
1,0,1,0
1,0,1,0
1,0,1,0
1,0,1,0
0,3,3,4
2,0,2,0
1,0,1,0
1,0,1,0
0,2,2,2
1,0,1,0
1,0,1,0
1,0,1,0
0,1,1,0
2,0,2,0
1,0,1,0
1,0,1,0
1,0,1,0
0,1,1,0
0,1,1,6
2,0,2,0
1,0,1,0
1,0,1,0
2,0,2,0
1,0,1,0
2,0,2,0
1,0,1,0
2,0,2,0
0,2,2,1
1,0,1,0
2,0,2,0
2,0,2,0
1,0,1,0
1,0,1,0
1,0,1,0
0,2,2,32
1,0,1,0
1,0,1,0
0,1,1,0
1,0,1,0
1,0,1,0
0,2,2,2
1,0,1,0
1,0,1,0
0,1,1,5
1,0,1,0
1,0,1,0
1,0,1,0
0,2,2,0
1,0,1,0
1,0,1,0
1,0,1,0
1,0,1,0
1,0,1,0
1,0,1,0
1,0,1,0
1,0,1,0
1,0,1,0
1,0,1,0
2,0,2,0
1,0,1,0
1,0,1,0
0,1,1,32
2,0,2,0
1,0,1,0
1,0,1,0
1,0,1,0
1,0,1,0
1,0,1,0
1,0,1,0
2,0,2,0
1,0,1,0
1,0,1,0
1,0,1,0
5,0,5,0
2,0,2,0
1,0,1,0
1,0,1,0
0,2,2,1
1,0,1,0
1,0,1,0
0,1,1,16
1,0,1,0
1,0,1,0
2,0,2,0
1,0,1,0
1,0,1,0
2,0,2,0
1,0,1,0
1,0,1,0
2,0,2,0
1,0,1,0
1,0,1,0
1,0,1,0
1,0,1,0
0,3,3,13
0,1,1,4
1,0,1,0
2,0,2,0
1,0,1,0
1,0,1,0
2,0,2,0
0,1,1,8
1,0,1,0
1,0,1,0
1,0,1,0
1,0,1,0
2,0,2,0
1,0,1,0
1,0,1,0
2,0,2,0
0,2,2,10
1,0,1,0
0,2,2,23
2,0,2,0
1,0,1,0
1,0,1,0
1,0,1,0
1,0,1,0
1,0,1,0
3,0,3,0
0,1,1,10
1,0,1,0
1,0,1,0
1,0,1,0
0,1,1,3
1,0,1,0
1,0,1,0
1,0,1,0
0,1,1,8
1,0,1,0
1,0,1,0
0,1,1,48
2,0,2,0
1,0,1,0
1,0,1,0
1,0,1,0
0,2,2,1
1,0,1,0
1,0,1,0
0,1,1,32
1,0,1,0
1,0,1,0
1,0,1,0
1,0,1,0
4,0,4,0
2,0,2,0
0,1,1,40
2,0,2,0
1,0,1,0
1,0,1,0
2,0,2,0
1,0,1,0
1,0,1,0
1,0,1,0
2,0,2,0
1,0,1,0
1,0,1,0
2,0,2,0
1,0,1,0
0,1,1,0
1,0,1,0
1,0,1,0
1,0,1,0
0,1,1,8
1,0,1,0
1,0,1,0
1,0,1,0
0,1,1,23
1,0,1,0
1,0,1,0
2,0,2,0
1,0,1,0
0,1,1,0
2,0,2,0
1,0,1,0
1,0,1,0
1,0,1,0
1,0,1,0
2,0,2,0
1,0,1,0
1,0,1,0
1,0,1,0
2,0,2,0
0,1,1,5
1,0,1,0
0,1,1,4
1,0,1,0
1,0,1,0
1,0,1,0
1,0,1,0
2,0,2,0
1,0,1,0
0,2,2,3
0,2,2,22
1,0,1,0
1,0,1,0
1,0,1,0
2,0,2,0
1,0,1,0
1,0,1,0
1,0,1,0
1,0,1,0
1,0,1,0
1,0,1,0
1,0,1,0
1,0,1,0
2,0,2,0
1,0,1,0
1,0,1,0
1,0,1,0
1,0,1,0
1,0,1,0
1,0,1,0
1,0,1,0
2,0,2,0
2,0,2,0
1,0,1,0
1,0,1,0
1,0,1,0
1,0,1,0
0,1,1,0
1,0,1,0
1,0,1,0
1,0,1,0
2,0,2,0
1,0,1,0
1,0,1,0
1,0,1,0
1,0,1,0
3,0,3,0
1,0,1,0
1,0,1,0
1,0,1,0
1,0,1,0
3,0,3,0
1,0,1,0
1,0,1,0
1,0,1,0
0,3,3,1
1,0,1,0
1,0,1,0
1,0,1,0
1,0,1,0
1,0,1,0
1,0,1,0
1,0,1,0
1,0,1,0
1,0,1,0
1,0,1,0
1,0,1,0
0,3,3,2
1,0,1,0
0,1,1,44
1,0,1,0
1,0,1,0
1,0,1,0
1,0,1,0
1,0,1,0
1,0,1,0
1,0,1,0
1,0,1,0
0,1,1,5
1,0,1,0
1,0,1,0
1,0,1,0
1,0,1,0
1,0,1,0
0,1,1,32
1,0,1,0
0,1,1,3
0,2,2,3
0,2,2,16
1,0,1,0
1,0,1,0
2,0,2,0
1,0,1,0
1,0,1,0
2,0,2,0
0,1,1,0
1,0,1,0
2,0,2,0
1,0,1,0
1,0,1,0
0,2,2,1
1,0,1,0
1,0,1,0
3,0,3,0
1,0,1,0
1,0,1,0
1,0,1,0
0,1,1,1
2,0,2,0
1,0,1,0
1,0,1,0
2,0,2,0
1,0,1,0
1,0,1,0
1,0,1,0
1,0,1,0
1,0,1,0
1,0,1,0
1,0,1,0
1,0,1,0
1,0,1,0
1,0,1,0
1,0,1,0
1,0,1,0
1,0,1,0
1,0,1,0
0,1,1,6
1,0,1,0
1,0,1,0
1,0,1,0
1,0,1,0
1,0,1,0
1,0,1,0
2,0,2,0
1,0,1,0
0,1,1,20
1,0,1,0
1,0,1,0
1,0,1,0
1,0,1,0
0,1,1,166
2,0,2,0
2,0,2,0
1,0,1,0
1,0,1,0
2,0,2,0
0,1,1,28
0,1,1,3
1,0,1,0
1,0,1,0
1,0,1,0
2,0,2,0
3,0,3,0
2,0,2,0
3,0,3,0
1,0,1,0
1,0,1,0
0,2,2,42
2,0,2,0
1,0,1,0
1,0,1,0
1,0,1,0
1,0,1,0
1,0,1,0
0,2,2,1
1,0,1,0
0,2,2,4
1,0,1,0
1,0,1,0
1,0,1,0
1,0,1,0
1,0,1,0
1,0,1,0
1,0,1,0
2,0,2,0
1,0,1,0
1,0,1,0
1,0,1,0
1,0,1,0
1,0,1,0
1,0,1,0
1,0,1,0
1,0,1,0
1,0,1,0
1,0,1,0
1,0,1,0
1,0,1,0
1,0,1,0
2,0,2,0
0,2,2,6
0,1,1,19
2,0,2,0
1,0,1,0
3,0,3,0
1,0,1,0
1,0,1,0
0,1,1,48
1,0,1,0
1,0,1,0
3,0,3,0
1,0,1,0
1,0,1,0
0,1,1,171
1,0,1,0
2,0,2,0
1,0,1,0
1,0,1,0
1,0,1,0
1,0,1,0
1,0,1,0
2,0,2,0
1,0,1,0
2,0,2,0
2,0,2,0
1,0,1,0
4,0,4,0
2,0,2,0
1,0,1,0
2,0,2,0
0,1,1,0
1,0,1,0
1,0,1,0
1,0,1,0
1,0,1,0
4,0,4,0
1,0,1,0
1,0,1,0
5,0,5,0
3,0,3,0
1,0,1,0
3,0,3,0
0,1,1,0
1,0,1,0
1,0,1,0
1,0,1,0
1,0,1,0
1,0,1,0
3,0,3,0
1,0,1,0
0,5,5,9
0,2,2,2
1,0,1,0
2,0,2,0
1,0,1,0
1,0,1,0
1,0,1,0
1,0,1,0
1,0,1,0
1,0,1,0
1,0,1,0
1,0,1,0
1,0,1,0
1,0,1,0
1,0,1,0
1,0,1,0
1,0,1,0
1,0,1,0
1,0,1,0
1,0,1,0
1,0,1,0
1,0,1,0
1,0,1,0
2,0,2,0
2,0,2,0
1,0,1,0
1,0,1,0
3,0,3,0
3,0,3,0
1,0,1,0
1,0,1,0
1,0,1,0
1,0,1,0
1,0,1,0
1,0,1,0
1,0,1,0
0,2,2,13
0,1,1,0
1,0,1,0
1,0,1,0
1,0,1,0
1,0,1,0
1,0,1,0
2,0,2,0
0,1,1,0
1,0,1,0
1,0,1,0
1,0,1,0
1,0,1,0
2,0,2,0
0,1,1,2
1,0,1,0
1,0,1,0
1,0,1,0
1,0,1,0
1,0,1,0
2,0,2,0
1,0,1,0
1,0,1,0
1,0,1,0
0,1,1,1
1,0,1,0
1,0,1,0
2,0,2,0
1,0,1,0
1,0,1,0
1,0,1,0
2,0,2,0
1,0,1,0
1,0,1,0
0,1,1,7
1,0,1,0
1,0,1,0
0,1,1,10
1,0,1,0
1,0,1,0
1,0,1,0
0,2,2,13
1,0,1,0
1,0,1,0
1,0,1,0
2,0,2,0
4,0,4,0
1,0,1,0
1,0,1,0
1,0,1,0
3,0,3,0
1,0,1,0
1,0,1,0
1,0,1,0
1,0,1,0
1,0,1,0
1,0,1,0
2,0,2,0
1,0,1,0
1,0,1,0
1,0,1,0
1,0,1,0
1,0,1,0
1,0,1,0
1,0,1,0
1,0,1,0
1,0,1,0
1,0,1,0
4,0,4,0
1,0,1,0
1,0,1,0
1,0,1,0
1,0,1,0
1,0,1,0
1,0,1,0
2,0,2,0
1,0,1,0
0,1,1,20
0,1,1,55
2,0,2,0
1,0,1,0
3,0,3,0
0,3,3,4
1,0,1,0
1,0,1,0
0,1,1,18
0,1,1,15
0,1,1,6
1,0,1,0
2,0,2,0
0,1,1,34
0,1,1,0
1,0,1,0
4,0,4,0
1,0,1,0
1,0,1,0
0,1,1,9
0,1,1,35
0,3,3,6
3,0,3,0
1,0,1,0
1,0,1,0
1,0,1,0
1,0,1,0
1,0,1,0
1,0,1,0
0,2,2,45
1,0,1,0
4,0,4,0
1,0,1,0
0,1,1,29
1,0,1,0
2,0,2,0
1,0,1,0
2,0,2,0
3,0,3,0
1,0,1,0
1,0,1,0
1,0,1,0
0,1,1,0
1,0,1,0
1,0,1,0
0,1,1,1
1,0,1,0
1,0,1,0
2,0,2,0
4,0,4,0
2,0,2,0
2,0,2,0
0,2,2,28
1,0,1,0
1,0,1,0
1,0,1,0
0,1,1,6
1,0,1,0
1,0,1,0
1,0,1,0
2,0,2,0
0,1,1,3
1,0,1,0
1,0,1,0
1,0,1,0
3,0,3,0
0,3,3,8
1,0,1,0
0,2,2,38
1,0,1,0
1,0,1,0
2,0,2,0
1,0,1,0
1,0,1,0
1,0,1,0
1,0,1,0
2,0,2,0
1,0,1,0
0,1,1,16
1,0,1,0
0,1,1,82
1,0,1,0
1,0,1,0
1,0,1,0
0,2,2,79
1,0,1,0
1,0,1,0
1,0,1,0
1,0,1,0
1,0,1,0
1,0,1,0
1,0,1,0
1,0,1,0
1,0,1,0
1,0,1,0
0,2,2,3
1,0,1,0
1,0,1,0
1,0,1,0
0,1,1,6
1,0,1,0
1,0,1,0
1,0,1,0
1,0,1,0
1,0,1,0
1,0,1,0
1,0,1,0
2,0,2,0
1,0,1,0
0,2,2,11
1,0,1,0
1,0,1,0
1,0,1,0
1,0,1,0
2,0,2,0
1,0,1,0
0,7,7,10
2,0,2,0
4,0,4,0
1,0,1,0
1,0,1,0
0,1,1,5
3,0,3,0
1,0,1,0
1,0,1,0
2,0,2,0
1,0,1,0
1,0,1,0
0,1,1,7
1,0,1,0
0,1,1,36
1,0,1,0
1,0,1,0
1,0,1,0
1,0,1,0
0,1,1,10
1,0,1,0
1,0,1,0
1,0,1,0
0,2,2,50
0,4,4,0
2,0,2,0
1,0,1,0
1,0,1,0
0,1,1,1
1,0,1,0
1,0,1,0
1,0,1,0
2,0,2,0
1,0,1,0
1,0,1,0
2,0,2,0
0,1,1,0
1,0,1,0
0,1,1,19
2,0,2,0
1,0,1,0
1,0,1,0
0,1,1,20
1,0,1,0
3,0,3,0
1,0,1,0
1,0,1,0
1,0,1,0
2,0,2,0
1,0,1,0
3,0,3,0
1,0,1,0
1,0,1,0
2,0,2,0
1,0,1,0
0,2,2,2
1,0,1,0
2,0,2,0
1,0,1,0
1,0,1,0
1,0,1,0
1,0,1,0
2,0,2,0
1,0,1,0
1,0,1,0
1,0,1,0
1,0,1,0
1,0,1,0
1,0,1,0
2,0,2,0
0,1,1,28
2,0,2,0
1,0,1,0
1,0,1,0
1,0,1,0
2,0,2,0
2,0,2,0
1,0,1,0
1,0,1,0
2,0,2,0
1,0,1,0
1,0,1,0
1,0,1,0
1,0,1,0
2,0,2,0
1,0,1,0
1,0,1,0
1,0,1,0
1,0,1,0
0,1,1,1
1,0,1,0
0,1,1,14
1,0,1,0
1,0,1,0
0,3,3,4
0,1,1,1
1,0,1,0
1,0,1,0
1,0,1,0
4,0,4,0
1,0,1,0
1,0,1,0
1,0,1,0
1,0,1,0
0,1,1,2
1,0,1,0
1,0,1,0
1,0,1,0
0,1,1,10
2,0,2,0
1,0,1,0
1,0,1,0
2,0,2,0
0,1,1,35
1,0,1,0
1,0,1,0
1,0,1,0
3,0,3,0
0,1,1,49
1,0,1,0
1,0,1,0
1,0,1,0
1,0,1,0
1,0,1,0
1,0,1,0
2,0,2,0
1,0,1,0
1,0,1,0
0,1,1,1
1,0,1,0
2,0,2,0
1,0,1,0
2,0,2,0
1,0,1,0
1,0,1,0
1,0,1,0
1,0,1,0
1,0,1,0
1,0,1,0
1,0,1,0
1,0,1,0
0,1,1,0
1,0,1,0
1,0,1,0
1,0,1,0
1,0,1,0
1,0,1,0
2,0,2,0
3,0,3,0
1,0,1,0
1,0,1,0
1,0,1,0
1,0,1,0
2,0,2,0
0,1,1,90
1,0,1,0
1,0,1,0
1,0,1,0
1,0,1,0
1,0,1,0
0,4,4,8
2,0,2,0
2,0,2,0
1,0,1,0
1,0,1,0
1,0,1,0
0,3,3,31
1,0,1,0
1,0,1,0
1,0,1,0
2,0,2,0
1,0,1,0
1,0,1,0
2,0,2,0
1,0,1,0
1,0,1,0
1,0,1,0
0,1,1,0
1,0,1,0
1,0,1,0
0,1,1,5
2,0,2,0
1,0,1,0
0,1,1,1
0,2,2,2
0,4,4,16
2,0,2,0
0,1,1,103
1,0,1,0
1,0,1,0
1,0,1,0
0,1,1,1
1,0,1,0
1,0,1,0
0,1,1,1
0,2,2,8
0,1,1,11
2,0,2,0
1,0,1,0
2,0,2,0
1,0,1,0
1,0,1,0
1,0,1,0
0,1,1,3
1,0,1,0
2,0,2,0
1,0,1,0
0,1,1,13
2,0,2,0
5,0,5,0
1,0,1,0
1,0,1,0
1,0,1,0
1,0,1,0
0,2,2,5
1,0,1,0
1,0,1,0
0,1,1,0
1,0,1,0
5,0,5,0
1,0,1,0
0,2,2,13
1,0,1,0
0,1,1,18
2,0,2,0
1,0,1,0
1,0,1,0
0,1,1,2
1,0,1,0
1,0,1,0
1,0,1,0
2,0,2,0
1,0,1,0
1,0,1,0
1,0,1,0
1,0,1,0
1,0,1,0
0,2,2,20
1,0,1,0
1,0,1,0
0,3,3,16
1,0,1,0
0,1,1,45
0,1,1,1
1,0,1,0
1,0,1,0
2,0,2,0
1,0,1,0
1,0,1,0
1,0,1,0
1,0,1,0
1,0,1,0
0,4,4,5
2,0,2,0
0,1,1,39
1,0,1,0
1,0,1,0
1,0,1,0
2,0,2,0
1,0,1,0
3,0,3,0
1,0,1,0
1,0,1,0
2,0,2,0
1,0,1,0
1,0,1,0
1,0,1,0
3,0,3,0
0,1,1,2
1,0,1,0
1,0,1,0
1,0,1,0
1,0,1,0
2,0,2,0
4,0,4,0
1,0,1,0
1,0,1,0
1,0,1,0
1,0,1,0
2,0,2,0
1,0,1,0
1,0,1,0
1,0,1,0
1,0,1,0
1,0,1,0
1,0,1,0
1,0,1,0
1,0,1,0
1,0,1,0
2,0,2,0
1,0,1,0
1,0,1,0
1,0,1,0
2,0,2,0
1,0,1,0
1,0,1,0
1,0,1,0
1,0,1,0
1,0,1,0
2,0,2,0
1,0,1,0
1,0,1,0
2,0,2,0
0,3,3,10
1,0,1,0
1,0,1,0
1,0,1,0
1,0,1,0
2,0,2,0
1,0,1,0
1,0,1,0
1,0,1,0
1,0,1,0
1,0,1,0
2,0,2,0
2,0,2,0
0,1,1,3
1,0,1,0
1,0,1,0
1,0,1,0
0,1,1,7
2,0,2,0
1,0,1,0
2,0,2,0
0,1,1,4
2,0,2,0
1,0,1,0
1,0,1,0
1,0,1,0
2,0,2,0
0,1,1,0
1,0,1,0
2,0,2,0
0,1,1,12
1,0,1,0
2,0,2,0
2,0,2,0
0,2,2,2
1,0,1,0
1,0,1,0
1,0,1,0
1,0,1,0
1,0,1,0
1,0,1,0
0,1,1,58
1,0,1,0
1,0,1,0
1,0,1,0
1,0,1,0
1,0,1,0
1,0,1,0
1,0,1,0
1,0,1,0
1,0,1,0
0,1,1,54
2,0,2,0
1,0,1,0
1,0,1,0
0,1,1,0
1,0,1,0
1,0,1,0
0,1,1,0
5,0,5,0
1,0,1,0
1,0,1,0
1,0,1,0
1,0,1,0
1,0,1,0
1,0,1,0
2,0,2,0
0,2,2,46
1,0,1,0
1,0,1,0
1,0,1,0
1,0,1,0
1,0,1,0
1,0,1,0
1,0,1,0
2,0,2,0
0,1,1,9
0,1,1,18
1,0,1,0
1,0,1,0
1,0,1,0
1,0,1,0
1,0,1,0
1,0,1,0
1,0,1,0
0,1,1,0
0,1,1,14
1,0,1,0
0,1,1,2
1,0,1,0
0,1,1,83
1,0,1,0
1,0,1,0
3,0,3,0
4,0,4,0
1,0,1,0
0,1,1,33
1,0,1,0
2,0,2,0
1,0,1,0
1,0,1,0
0,1,1,3
0,1,1,8
1,0,1,0
1,0,1,0
2,0,2,0
1,0,1,0
0,1,1,2
2,0,2,0
2,0,2,0
3,0,3,0
1,0,1,0
1,0,1,0
1,0,1,0
0,2,2,8
1,0,1,0
2,0,2,0
0,2,2,4
0,1,1,14
0,2,2,4
3,0,3,0
1,0,1,0
2,0,2,0
1,0,1,0
1,0,1,0
1,0,1,0
2,0,2,0
1,0,1,0
1,0,1,0
1,0,1,0
1,0,1,0
2,0,2,0
3,0,3,0
0,3,3,0
0,1,1,22
1,0,1,0
1,0,1,0
1,0,1,0
1,0,1,0
1,0,1,0
2,0,2,0
1,0,1,0
0,2,2,2
1,0,1,0
0,1,1,0
1,0,1,0
1,0,1,0
1,0,1,0
0,1,1,0
0,1,1,3
0,1,1,6
1,0,1,0
1,0,1,0
2,0,2,0
3,0,3,0
2,0,2,0
1,0,1,0
5,0,5,0
2,0,2,0
1,0,1,0
1,0,1,0
1,0,1,0
1,0,1,0
1,0,1,0
1,0,1,0
1,0,1,0
1,0,1,0
1,0,1,0
1,0,1,0
6,0,6,0
1,0,1,0
1,0,1,0
1,0,1,0
2,0,2,0
1,0,1,0
2,0,2,0
1,0,1,0
1,0,1,0
1,0,1,0
1,0,1,0
1,0,1,0
1,0,1,0
1,0,1,0
1,0,1,0
2,0,2,0
1,0,1,0
1,0,1,0
1,0,1,0
1,0,1,0
1,0,1,0
1,0,1,0
0,1,1,0
2,0,2,0
1,0,1,0
1,0,1,0
0,1,1,3
1,0,1,0
1,0,1,0
1,0,1,0
1,0,1,0
1,0,1,0
1,0,1,0
1,0,1,0
1,0,1,0
1,0,1,0
1,0,1,0
1,0,1,0
1,0,1,0
1,0,1,0
3,0,3,0
2,0,2,0
1,0,1,0
1,0,1,0
1,0,1,0
1,0,1,0
1,0,1,0
1,0,1,0
0,1,1,4
1,0,1,0
1,0,1,0
1,0,1,0
0,1,1,35
4,0,4,0
1,0,1,0
2,0,2,0
1,0,1,0
1,0,1,0
1,0,1,0
1,0,1,0
1,0,1,0
1,0,1,0
1,0,1,0
1,0,1,0
2,0,2,0
1,0,1,0
1,0,1,0
0,1,1,0
2,0,2,0
1,0,1,0
0,1,1,16
0,1,1,7
1,0,1,0
1,0,1,0
3,0,3,0
2,0,2,0
1,0,1,0
0,1,1,10
1,0,1,0
2,0,2,0
1,0,1,0
2,0,2,0
1,0,1,0
1,0,1,0
2,0,2,0
1,0,1,0
0,1,1,0
0,1,1,31
0,1,1,63
1,0,1,0
1,0,1,0
1,0,1,0
0,1,1,5
1,0,1,0
1,0,1,0
2,0,2,0
2,0,2,0
1,0,1,0
1,0,1,0
1,0,1,0
1,0,1,0
1,0,1,0
1,0,1,0
1,0,1,0
0,1,1,13
0,1,1,3
1,0,1,0
0,1,1,0
0,1,1,9
1,0,1,0
1,0,1,0
4,0,4,0
1,0,1,0
2,0,2,0
4,0,4,0
1,0,1,0
1,0,1,0
1,0,1,0
0,1,1,2
1,0,1,0
0,1,1,4
1,0,1,0
1,0,1,0
1,0,1,0
1,0,1,0
1,0,1,0
0,1,1,250
1,0,1,0
1,0,1,0
2,0,2,0
2,0,2,0
1,0,1,0
0,1,1,5
1,0,1,0
2,0,2,0
1,0,1,0
1,0,1,0
1,0,1,0
0,1,1,0
0,1,1,16
1,0,1,0
1,0,1,0
0,1,1,13
1,0,1,0
1,0,1,0
1,0,1,0
1,0,1,0
1,0,1,0
1,0,1,0
0,1,1,2
1,0,1,0
3,0,3,0
1,0,1,0
2,0,2,0
1,0,1,0
2,0,2,0
1,0,1,0
1,0,1,0
1,0,1,0
1,0,1,0
1,0,1,0
1,0,1,0
1,0,1,0
1,0,1,0
0,1,1,27
1,0,1,0
1,0,1,0
2,0,2,0
2,0,2,0
0,1,1,23
2,0,2,0
1,0,1,0
1,0,1,0
0,1,1,0
6,0,6,0
2,0,2,0
1,0,1,0
0,1,1,28
1,0,1,0
1,0,1,0
0,2,2,0
2,0,2,0
1,0,1,0
1,0,1,0
1,0,1,0
1,0,1,0
1,0,1,0
1,0,1,0
0,1,1,6
2,0,2,0
1,0,1,0
1,0,1,0
1,0,1,0
0,2,2,1
2,0,2,0
1,0,1,0
1,0,1,0
1,0,1,0
1,0,1,0
2,0,2,0
1,0,1,0
1,0,1,0
1,0,1,0
3,0,3,0
1,0,1,0
0,2,2,24
2,0,2,0
1,0,1,0
1,0,1,0
0,5,5,4
1,0,1,0
4,0,4,0
2,0,2,0
1,0,1,0
1,0,1,0
1,0,1,0
1,0,1,0
0,2,2,77
1,0,1,0
1,0,1,0
1,0,1,0
0,2,2,6
1,0,1,0
2,0,2,0
0,1,1,1
1,0,1,0
0,1,1,11
1,0,1,0
1,0,1,0
1,0,1,0
1,0,1,0
1,0,1,0
1,0,1,0
1,0,1,0
1,0,1,0
1,0,1,0
1,0,1,0
1,0,1,0
3,0,3,0
0,2,2,11
1,0,1,0
1,0,1,0
1,0,1,0
1,0,1,0
1,0,1,0
1,0,1,0
2,0,2,0
1,0,1,0
2,0,2,0
1,0,1,0
1,0,1,0
1,0,1,0
1,0,1,0
1,0,1,0
2,0,2,0
2,0,2,0
1,0,1,0
0,2,2,30
1,0,1,0
0,2,2,16
1,0,1,0
0,1,1,50
0,1,1,27
1,0,1,0
1,0,1,0
1,0,1,0
1,0,1,0
1,0,1,0
1,0,1,0
1,0,1,0
1,0,1,0
0,1,1,0
1,0,1,0
1,0,1,0
2,0,2,0
1,0,1,0
1,0,1,0
0,1,1,49
6,0,6,0
1,0,1,0
1,0,1,0
0,1,1,16
1,0,1,0
1,0,1,0
1,0,1,0
2,0,2,0
1,0,1,0
1,0,1,0
1,0,1,0
1,0,1,0
1,0,1,0
1,0,1,0
5,0,5,0
1,0,1,0
2,0,2,0
2,0,2,0
1,0,1,0
1,0,1,0
1,0,1,0
1,0,1,0
1,0,1,0
1,0,1,0
1,0,1,0
1,0,1,0
1,0,1,0
1,0,1,0
0,1,1,0
1,0,1,0
1,0,1,0
0,1,1,0
2,0,2,0
1,0,1,0
1,0,1,0
1,0,1,0
1,0,1,0
1,0,1,0
1,0,1,0
3,0,3,0
1,0,1,0
2,0,2,0
1,0,1,0
0,1,1,38
0,1,1,7
1,0,1,0
1,0,1,0
1,0,1,0
1,0,1,0
1,0,1,0
1,0,1,0
1,0,1,0
1,0,1,0
0,1,1,1
1,0,1,0
1,0,1,0
1,0,1,0
1,0,1,0
2,0,2,0
1,0,1,0
1,0,1,0
1,0,1,0
2,0,2,0
0,1,1,5
1,0,1,0
1,0,1,0
1,0,1,0
1,0,1,0
1,0,1,0
1,0,1,0
1,0,1,0
1,0,1,0
1,0,1,0
2,0,2,0
5,0,5,0
3,0,3,0
1,0,1,0
1,0,1,0
1,0,1,0
1,0,1,0
1,0,1,0
1,0,1,0
1,0,1,0
2,0,2,0
0,2,2,4
1,0,1,0
0,1,1,1
0,1,1,2
4,0,4,0
0,1,1,0
1,0,1,0
2,0,2,0
1,0,1,0
0,1,1,135
1,0,1,0
1,0,1,0
1,0,1,0
0,1,1,1
1,0,1,0
0,1,1,12
0,1,1,26
1,0,1,0
0,1,1,0
1,0,1,0
2,0,2,0
2,0,2,0
0,2,2,18
1,0,1,0
1,0,1,0
1,0,1,0
1,0,1,0
1,0,1,0
0,1,1,29
1,0,1,0
2,0,2,0
1,0,1,0
0,1,1,3
4,0,4,0
0,3,3,43
0,1,1,0
2,0,2,0
1,0,1,0
0,1,1,193
0,1,1,0
1,0,1,0
2,0,2,0
0,3,3,34
1,0,1,0
1,0,1,0
1,0,1,0
1,0,1,0
0,1,1,1
1,0,1,0
1,0,1,0
2,0,2,0
0,1,1,103
2,0,2,0
0,1,1,19
2,0,2,0
1,0,1,0
1,0,1,0
1,0,1,0
0,1,1,8
2,0,2,0
1,0,1,0
1,0,1,0
1,0,1,0
1,0,1,0
2,0,2,0
1,0,1,0
1,0,1,0
1,0,1,0
2,0,2,0
2,0,2,0
0,1,1,0
1,0,1,0
1,0,1,0
4,0,4,0
2,0,2,0
1,0,1,0
0,1,1,0
2,0,2,0
1,0,1,0
1,0,1,0
2,0,2,0
1,0,1,0
0,1,1,0
0,1,1,1
1,0,1,0
1,0,1,0
1,0,1,0
1,0,1,0
1,0,1,0
1,0,1,0
1,0,1,0
1,0,1,0
2,0,2,0
1,0,1,0
1,0,1,0
0,1,1,2
0,1,1,10
1,0,1,0
1,0,1,0
1,0,1,0
1,0,1,0
3,0,3,0
1,0,1,0
1,0,1,0
1,0,1,0
1,0,1,0
0,1,1,9
2,0,2,0
1,0,1,0
1,0,1,0
0,1,1,1
1,0,1,0
1,0,1,0
5,0,5,0
1,0,1,0
2,0,2,0
4,0,4,0
1,0,1,0
1,0,1,0
1,0,1,0
2,0,2,0
1,0,1,0
5,0,5,0
3,0,3,0
1,0,1,0
0,1,1,5
1,0,1,0
1,0,1,0
1,0,1,0
1,0,1,0
1,0,1,0
2,0,2,0
1,0,1,0
1,0,1,0
1,0,1,0
1,0,1,0
7,0,7,0
0,1,1,3
0,1,1,8
1,0,1,0
1,0,1,0
0,1,1,7
1,0,1,0
1,0,1,0
1,0,1,0
1,0,1,0
1,0,1,0
1,0,1,0
1,0,1,0
2,0,2,0
0,1,1,31
0,1,1,5
1,0,1,0
0,1,1,7
1,0,1,0
0,1,1,79
1,0,1,0
1,0,1,0
1,0,1,0
1,0,1,0
1,0,1,0
1,0,1,0
1,0,1,0
1,0,1,0
4,0,4,0
0,1,1,18
3,0,3,0
0,1,1,9
1,0,1,0
1,0,1,0
1,0,1,0
2,0,2,0
1,0,1,0
2,0,2,0
1,0,1,0
2,0,2,0
3,0,3,0
1,0,1,0
1,0,1,0
1,0,1,0
1,0,1,0
4,0,4,0
3,0,3,0
0,1,1,2
1,0,1,0
4,0,4,0
0,1,1,10
1,0,1,0
1,0,1,0
1,0,1,0
1,0,1,0
1,0,1,0
1,0,1,0
1,0,1,0
0,1,1,4
1,0,1,0
1,0,1,0
1,0,1,0
0,1,1,5
1,0,1,0
1,0,1,0
2,0,2,0
1,0,1,0
1,0,1,0
1,0,1,0
0,1,1,1
2,0,2,0
1,0,1,0
1,0,1,0
0,7,7,52
1,0,1,0
1,0,1,0
2,0,2,0
1,0,1,0
3,0,3,0
2,0,2,0
1,0,1,0
1,0,1,0
1,0,1,0
1,0,1,0
1,0,1,0
1,0,1,0
1,0,1,0
2,0,2,0
1,0,1,0
0,1,1,8
1,0,1,0
2,0,2,0
4,0,4,0
0,1,1,3
1,0,1,0
1,0,1,0
1,0,1,0
1,0,1,0
3,0,3,0
1,0,1,0
2,0,2,0
3,0,3,0
2,0,2,0
1,0,1,0
1,0,1,25
1,0,1,0
2,0,2,0
1,0,1,0
1,0,1,0
2,0,2,0
1,0,1,0
1,0,1,0
0,2,2,4
0,1,1,46
1,0,1,0
1,0,1,0
1,0,1,0
0,1,1,5
0,1,1,25
1,0,1,0
1,0,1,0
0,3,3,0
1,0,1,0
2,0,2,0
0,1,1,10
1,0,1,0
2,0,2,0
1,0,1,0
1,0,1,0
1,0,1,0
0,1,1,0
3,0,3,0
1,0,1,0
2,0,2,0
1,0,1,0
1,0,1,0
1,0,1,0
0,3,3,10
1,0,1,0
1,0,1,0
1,0,1,0
1,0,1,0
1,0,1,0
0,3,3,23
0,1,1,11
0,1,1,45
1,0,1,0
1,0,1,0
0,1,1,3
1,0,1,0
1,0,1,0
0,1,1,2
1,0,1,0
1,0,1,0
1,0,1,0
1,0,1,0
1,0,1,0
1,0,1,0
1,0,1,0
1,0,1,0
5,0,5,0
1,0,1,0
1,0,1,0
2,0,2,0
0,2,2,37
0,1,1,40
1,0,1,0
2,0,2,0
0,1,1,5
1,0,1,0
0,1,1,4
3,0,3,0
1,0,1,0
1,0,1,0
1,0,1,0
1,0,1,0
4,0,4,0
1,0,1,0
1,0,1,0
1,0,1,0
0,1,1,9
2,0,2,0
2,0,2,0
1,0,1,0
1,0,1,0
0,1,1,3
2,0,2,0
0,1,1,1
0,1,1,16
1,0,1,0
1,0,1,0
1,0,1,0
1,0,1,0
0,1,1,2
1,0,1,0
1,0,1,0
0,2,2,3
1,0,1,0
2,0,2,0
1,0,1,0
1,0,1,0
2,0,2,0
1,0,1,0
1,0,1,0
2,0,2,0
2,0,2,0
1,0,1,0
1,0,1,0
1,0,1,0
2,0,2,0
1,0,1,0
2,0,2,0
1,0,1,0
1,0,1,0
1,0,1,0
1,0,1,0
1,0,1,0
1,0,1,0
0,1,1,0
1,0,1,0
1,0,1,0
3,0,3,0
0,1,1,5
1,0,1,0
1,0,1,0
1,0,1,0
1,0,1,0
0,1,1,28
1,0,1,0
1,0,1,0
1,0,1,0
1,0,1,0
1,0,1,0
1,0,1,0
2,0,2,0
1,0,1,0
1,0,1,0
1,0,1,0
0,1,1,6
1,0,1,0
0,1,1,1
1,0,1,0
1,0,1,0
1,0,1,0
0,1,1,14
1,0,1,0
1,0,1,0
1,0,1,0
1,0,1,0
1,0,1,0
5,0,5,0
1,0,1,0
2,0,2,0
1,0,1,0
0,1,1,48
2,0,2,0
1,0,1,0
1,0,1,0
1,0,1,0
1,0,1,0
1,0,1,0
1,0,1,0
1,0,1,0
1,0,1,0
1,0,1,0
1,0,1,0
1,0,1,0
1,0,1,0
1,0,1,0
2,0,2,0
0,1,1,198
1,0,1,0
1,0,1,0
1,0,1,0
2,0,2,0
1,0,1,0
1,0,1,0
2,0,2,0
1,0,1,0
1,0,1,0
1,0,1,0
2,0,2,0
1,0,1,0
0,1,1,3
1,0,1,0
1,0,1,0
1,0,1,0
1,0,1,0
1,0,1,0
1,0,1,0
1,0,1,0
1,0,1,0
0,1,1,18
1,0,1,0
1,0,1,0
4,0,4,0
1,0,1,0
1,0,1,0
2,0,2,0
1,0,1,0
1,0,1,0
1,0,1,0
1,0,1,0
1,0,1,0
0,1,1,8
1,0,1,0
2,0,2,0
1,0,1,0
1,0,1,0
1,0,1,0
3,0,3,0
1,0,1,0
1,0,1,0
1,0,1,0
1,0,1,0
2,0,2,0
3,0,3,0
1,0,1,0
1,0,1,0
0,1,1,127
0,1,1,2
1,0,1,0
1,0,1,0
1,0,1,0
1,0,1,0
0,1,1,34
1,0,1,0
1,0,1,0
1,0,1,0
2,0,2,0
0,1,1,3
1,0,1,0
1,0,1,0
1,0,1,0
2,0,2,0
1,0,1,0
1,0,1,0
1,0,1,0
1,0,1,0
1,0,1,0
1,0,1,0
0,2,2,25
1,0,1,0
2,0,2,0
6,0,6,0
1,0,1,0
2,0,2,0
1,0,1,0
1,0,1,0
1,0,1,0
1,0,1,0
2,0,2,0
0,1,1,12
0,3,3,3
1,0,1,0
1,0,1,0
1,0,1,0
0,1,1,68
1,0,1,0
1,0,1,0
1,0,1,0
2,0,2,0
2,0,2,0
1,0,1,0
1,0,1,0
1,0,1,0
1,0,1,0
1,0,1,0
0,1,1,64
1,0,1,0
1,0,1,0
1,0,1,0
1,0,1,0
2,0,2,0
2,0,2,0
1,0,1,0
0,1,1,0
1,0,1,0
2,0,2,0
0,1,1,3
0,1,1,47
1,0,1,0
2,0,2,0
0,1,1,5
0,1,1,1
1,0,1,0
0,1,1,12
1,0,1,0
0,2,2,0
2,0,2,0
1,0,1,0
1,0,1,0
2,0,2,0
0,1,1,11
2,0,2,0
1,0,1,0
1,0,1,0
2,0,2,0
2,0,2,0
1,0,1,0
1,0,1,0
1,0,1,0
1,0,1,0
1,0,1,0
1,0,1,0
2,0,2,0
1,0,1,0
1,0,1,0
1,0,1,0
1,0,1,0
1,0,1,0
2,0,2,0
1,0,1,0
1,0,1,0
2,0,2,0
1,0,1,0
0,3,3,61
1,0,1,0
1,0,1,0
1,0,1,0
1,0,1,0
3,0,3,0
1,0,1,0
1,0,1,0
1,0,1,0
1,0,1,0
0,3,3,4
0,1,1,2
1,0,1,0
2,0,2,0
0,2,2,59
1,0,1,0
1,0,1,0
1,0,1,0
2,0,2,0
1,0,1,0
1,0,1,0
1,0,1,0
1,0,1,0
0,1,1,30
1,0,1,0
0,1,1,17
1,0,1,0
3,0,3,0
1,0,1,0
1,0,1,0
2,0,2,0
0,1,1,8
1,0,1,0
2,0,2,0
1,0,1,0
3,0,3,0
2,0,2,0
1,0,1,0
1,0,1,0
1,0,1,0
1,0,1,0
3,0,3,0
1,0,1,0
1,0,1,0
1,0,1,0
1,0,1,0
0,1,1,5
2,0,2,0
1,0,1,0
1,0,1,0
0,1,1,18
1,0,1,0
0,1,1,7
1,0,1,0
5,0,5,0
1,0,1,0
1,0,1,0
0,2,2,6
0,1,1,25
2,0,2,0
1,0,1,0
1,0,1,0
1,0,1,0
1,0,1,0
1,0,1,0
1,0,1,0
1,0,1,0
1,0,1,0
4,0,4,0
1,0,1,0
1,0,1,0
0,1,1,1
1,0,1,0
1,0,1,0
1,0,1,0
1,0,1,0
1,0,1,0
4,0,4,0
1,0,1,0
1,0,1,0
3,0,3,0
2,0,2,0
1,0,1,0
2,0,2,0
1,0,1,0
1,0,1,0
0,1,1,6
1,0,1,0
1,0,1,0
0,1,1,53
0,1,1,29
2,0,2,0
1,0,1,0
1,0,1,0
1,0,1,0
1,0,1,0
0,2,2,43
1,0,1,0
0,2,2,17
1,0,1,0
1,0,1,0
0,1,1,0
1,0,1,0
2,0,2,0
1,0,1,0
2,0,2,0
1,0,1,0
0,1,1,6
1,0,1,0
0,1,1,1
1,0,1,0
2,0,2,0
0,1,1,2
1,0,1,0
1,0,1,0
0,3,3,53
1,0,1,0
2,0,2,0
0,4,4,3
1,0,1,0
1,0,1,0
0,1,1,20
2,0,2,0
1,0,1,0
1,0,1,0
2,0,2,0
1,0,1,0
1,0,1,0
1,0,1,0
1,0,1,0
1,0,1,0
1,0,1,0
2,0,2,0
1,0,1,0
1,0,1,0
1,0,1,0
0,1,1,15
1,0,1,0
0,1,1,41
0,1,1,1
1,0,1,0
1,0,1,0
1,0,1,0
1,0,1,0
0,1,1,1
1,0,1,0
1,0,1,0
1,0,1,0
0,1,1,0
2,0,2,0
0,1,1,8
2,0,2,0
1,0,1,0
1,0,1,0
1,0,1,0
1,0,1,0
1,0,1,0
1,0,1,0
2,0,2,0
1,0,1,0
1,0,1,0
1,0,1,0
1,0,1,0
0,1,1,17
1,0,1,0
4,0,4,0
2,0,2,0
1,0,1,0
4,0,4,0
1,0,1,0
0,3,3,1
1,0,1,0
1,0,1,0
1,0,1,0
1,0,1,0
0,1,1,20
2,0,2,0
1,0,1,0
2,0,2,0
1,0,1,0
1,0,1,0
0,1,1,18
1,0,1,0
3,0,3,0
2,0,2,0
2,0,2,0
1,0,1,0
1,0,1,0
3,0,3,0
0,1,1,43
1,0,1,0
0,1,1,2
1,0,1,0
2,0,2,0
1,0,1,0
0,1,1,15
1,0,1,0
1,0,1,0
1,0,1,0
1,0,1,0
2,0,2,0
1,0,1,0
1,0,1,0
0,2,2,12
1,0,1,0
2,0,2,0
1,0,1,0
1,0,1,0
3,0,3,0
2,0,2,0
1,0,1,0
0,1,1,0
1,0,1,0
1,0,1,0
1,0,1,0
1,0,1,0
1,0,1,0
1,0,1,0
1,0,1,0
6,0,6,0
1,0,1,0
1,0,1,0
1,0,1,0
1,0,1,0
1,0,1,0
6,0,6,0
1,0,1,0
1,0,1,0
1,0,1,0
1,0,1,0
1,0,1,0
2,0,2,0
1,0,1,0
1,0,1,0
1,0,1,0
1,0,1,0
1,0,1,0
1,0,1,0
2,0,2,0
0,1,1,5
1,0,1,0
2,0,2,0
1,0,1,0
1,0,1,0
1,0,1,0
1,0,1,0
1,0,1,0
2,0,2,0
0,1,1,0
0,1,1,40
1,0,1,0
1,0,1,0
5,0,5,0
1,0,1,0
1,0,1,0
1,0,1,0
1,0,1,0
1,0,1,0
1,0,1,0
3,0,3,0
2,0,2,0
1,0,1,0
1,0,1,0
1,0,1,0
2,0,2,0
1,0,1,0
1,0,1,0
1,0,1,0
1,0,1,0
2,0,2,0
1,0,1,0
1,0,1,0
0,1,1,0
1,0,1,0
1,0,1,0
2,0,2,0
1,0,1,0
1,0,1,0
2,0,2,0
0,1,1,6
1,0,1,0
0,1,1,10
1,0,1,0
1,0,1,0
1,0,1,0
1,0,1,0
3,0,3,0
1,0,1,0
1,0,1,0
1,0,1,0
1,0,1,0
0,1,1,28
0,1,1,1
1,0,1,0
0,1,1,21
0,1,1,60
0,2,2,2
1,0,1,0
0,1,1,5
0,1,1,6
1,0,1,0
0,1,1,0
1,0,1,0
1,0,1,0
2,0,2,0
1,0,1,0
0,1,1,8
1,0,1,0
2,0,2,0
0,1,1,135
1,0,1,0
1,0,1,0
1,0,1,0
1,0,1,0
1,0,1,0
1,0,1,0
3,0,3,0
0,1,1,5
0,1,1,43
1,0,1,0
1,0,1,0
0,2,2,22
2,0,2,0
1,0,1,0
2,0,2,0
0,2,2,6
1,0,1,0
2,0,2,0
1,0,1,0
1,0,1,0
1,0,1,0
1,0,1,0
1,0,1,0
1,0,1,0
2,0,2,0
4,0,4,0
1,0,1,0
0,1,1,0
1,0,1,0
0,1,1,4
0,2,2,144
1,0,1,0
1,0,1,0
1,0,1,0
1,0,1,0
1,0,1,0
0,3,3,6
1,0,1,0
1,0,1,0
0,3,3,63
1,0,1,0
0,1,1,0
1,0,1,0
0,1,1,3
2,0,2,0
2,0,2,0
1,0,1,0
1,0,1,0
1,0,1,0
1,0,1,0
1,0,1,0
0,1,1,16
1,0,1,0
2,0,2,0
1,0,1,0
1,0,1,0
2,0,2,0
1,0,1,0
1,0,1,0
1,0,1,0
0,2,2,0
1,0,1,0
0,1,1,4
2,0,2,0
3,0,3,0
1,0,1,0
2,1,3,36
0,1,1,14
1,0,1,0
0,1,1,1
1,0,1,0
1,0,1,0
1,0,1,0
1,0,1,0
2,0,2,0
1,0,1,0
1,0,1,0
1,0,1,0
1,0,1,0
0,1,1,6
0,1,1,152
2,0,2,0
2,0,2,0
1,0,1,0
0,1,1,11
1,0,1,0
0,1,1,4
1,0,1,0
1,0,1,0
1,0,1,0
1,0,1,0
1,0,1,0
1,0,1,0
1,0,1,0
1,0,1,0
2,0,2,0
0,1,1,15
2,0,2,0
1,0,1,0
1,0,1,0
2,0,2,0
1,0,1,23
1,0,1,0
0,2,2,11
1,0,1,0
1,0,1,0
1,0,1,0
1,0,1,0
1,0,1,0
0,1,1,8
1,0,1,0
2,0,2,0
1,0,1,0
1,0,1,0
2,0,2,0
1,0,1,0
1,0,1,0
1,0,1,0
1,0,1,0
0,3,3,10
1,0,1,0
1,0,1,0
1,0,1,0
1,0,1,0
1,0,1,0
2,0,2,0
2,0,2,0
3,0,3,0
1,0,1,0
1,0,1,0
1,0,1,0
0,1,1,11
1,0,1,0
1,0,1,0
0,2,2,24
2,0,2,0
1,0,1,0
1,0,1,0
2,0,2,0
1,0,1,0
2,0,2,0
1,0,1,0
1,0,1,0
1,0,1,0
2,0,2,0
1,0,1,0
1,0,1,0
1,0,1,0
1,0,1,0
0,1,1,26
0,1,1,0
0,1,1,8
0,2,2,4
0,1,1,91
1,0,1,0
2,0,2,0
1,0,1,0
0,1,1,22
1,0,1,0
2,0,2,0
1,0,1,0
0,1,1,0
0,1,1,12
1,0,1,0
0,1,1,138
2,0,2,0
0,1,1,13
1,0,1,0
1,0,1,0
2,0,2,0
0,2,2,1
0,2,2,9
2,0,2,0
1,0,1,0
1,0,1,0
1,0,1,0
1,0,1,0
1,0,1,0
1,0,1,0
1,0,1,0
1,0,1,0
1,0,1,0
1,0,1,0
1,0,1,0
1,0,1,0
0,1,1,1
1,0,1,0
1,0,1,0
2,0,2,0
2,0,2,0
1,0,1,0
1,0,1,0
0,1,1,5
0,1,1,2
1,0,1,0
1,0,1,0
1,0,1,0
0,2,2,11
1,0,1,0
1,0,1,0
0,1,1,13
1,0,1,0
1,0,1,0
2,0,2,0
0,1,1,7
2,0,2,0
1,0,1,0
1,0,1,0
1,0,1,0
1,0,1,0
0,1,1,0
1,0,1,0
1,0,1,0
1,0,1,0
1,0,1,0
1,0,1,0
1,0,1,0
1,0,1,0
2,0,2,0
1,0,1,0
1,0,1,0
0,1,1,7
1,0,1,0
1,0,1,0
1,0,1,0
1,0,1,0
1,0,1,0
1,0,1,0
1,0,1,0
1,0,1,0
1,0,1,0
2,0,2,0
1,0,1,0
0,1,1,11
2,0,2,0
1,0,1,0
1,0,1,0
1,0,1,0
1,0,1,0
1,0,1,0
0,1,1,12
2,0,2,0
1,0,1,0
2,0,2,0
0,3,3,16
2,0,2,0
0,1,1,48
1,0,1,0
1,0,1,0
1,0,1,0
1,0,1,0
2,0,2,0
1,0,1,0
0,2,2,47
0,1,1,9
1,0,1,0
1,0,1,0
1,0,1,0
2,0,2,0
2,0,2,0
1,0,1,0
0,2,2,15
1,0,1,0
2,0,2,0
1,0,1,0
0,1,1,8
8,0,8,0
1,0,1,0
0,1,1,41
1,0,1,0
0,2,2,1
1,0,1,0
1,0,1,0
1,0,1,0
1,0,1,0
1,0,1,0
1,0,1,0
1,0,1,0
1,0,1,0
1,0,1,0
2,0,2,0
0,1,1,10
0,1,1,1
1,0,1,0
1,0,1,0
0,1,1,4
3,0,3,0
1,0,1,0
1,0,1,0
1,0,1,0
2,0,2,0
2,0,2,0
1,0,1,0
1,0,1,0
1,0,1,0
1,0,1,0
1,0,1,0
1,0,1,0
1,0,1,0
1,0,1,0
1,0,1,0
1,0,1,0
0,1,1,26
1,0,1,0
0,1,1,7
0,1,1,0
1,0,1,0
1,0,1,0
2,0,2,0
1,0,1,0
1,0,1,0
1,0,1,0
1,0,1,0
1,0,1,0
1,0,1,0
1,0,1,0
2,0,2,0
1,0,1,0
1,0,1,0
1,0,1,0
1,0,1,0
0,1,1,10
1,0,1,0
1,0,1,0
0,3,3,52
1,0,1,0
1,0,1,0
3,0,3,0
1,0,1,0
0,1,1,11
1,0,1,0
1,0,1,0
1,0,1,0
0,5,5,4
1,0,1,0
0,1,1,61
2,0,2,0
0,1,1,17
1,0,1,0
1,0,1,0
1,0,1,0
1,0,1,0
1,0,1,0
1,0,1,0
1,0,1,0
2,0,2,0
1,0,1,0
3,0,3,0
2,0,2,0
0,1,1,7
0,2,2,44
1,0,1,0
0,2,2,19
1,0,1,0
0,3,3,7
2,0,2,0
2,0,2,0
2,0,2,0
1,0,1,0
2,0,2,0
1,0,1,0
1,0,1,0
1,0,1,0
1,0,1,0
1,0,1,0
1,0,1,0
1,0,1,0
1,0,1,0
1,0,1,0
1,0,1,0
1,0,1,0
1,0,1,0
1,0,1,0
0,1,1,29
2,0,2,0
1,0,1,0
1,0,1,0
1,0,1,0
0,3,3,18
0,1,1,15
3,0,3,0
1,0,1,0
1,0,1,0
1,0,1,0
1,0,1,0
2,0,2,0
1,0,1,0
0,2,2,2
1,0,1,0
1,0,1,0
1,0,1,0
0,1,1,11
1,0,1,0
2,0,2,0
1,0,1,0
2,0,2,0
2,0,2,0
1,0,1,0
1,0,1,0
1,0,1,0
1,0,1,0
0,1,1,1
1,0,1,0
1,0,1,0
1,0,1,0
1,0,1,0
1,0,1,0
1,0,1,0
1,0,1,0
1,0,1,0
1,0,1,0
0,1,1,5
1,0,1,0
0,1,1,9
0,1,1,22
2,0,2,0
1,0,1,0
1,0,1,0
1,0,1,0
1,0,1,0
1,0,1,0
1,0,1,0
1,0,1,0
0,1,1,19
1,0,1,0
1,0,1,0
1,0,1,0
2,0,2,0
1,0,1,0
1,0,1,0
2,0,2,0
0,1,1,0
2,0,2,0
0,1,1,0
1,0,1,0
0,1,1,0
1,0,1,0
1,0,1,0
1,0,1,0
1,0,1,0
2,0,2,0
1,0,1,0
0,1,1,11
4,0,4,0
0,3,3,83
1,0,1,0
1,0,1,0
1,0,1,0
1,0,1,0
1,0,1,0
1,0,1,0
2,0,2,0
1,0,1,0
4,0,4,0
2,0,2,0
1,0,1,0
1,0,1,0
1,0,1,0
2,0,2,0
1,0,1,0
1,0,1,0
0,1,1,18
1,0,1,0
1,0,1,0
1,0,1,0
2,0,2,0
1,0,1,0
1,0,1,0
1,0,1,0
1,0,1,0
2,0,2,0
7,0,7,0
1,0,1,0
1,0,1,0
1,0,1,0
1,0,1,0
1,0,1,0
1,0,1,0
0,1,1,1
3,0,3,0
1,0,1,0
1,0,1,0
1,0,1,0
1,0,1,0
1,0,1,0
4,0,4,0
0,1,1,2
1,0,1,0
2,0,2,0
2,0,2,0
1,0,1,0
1,0,1,0
1,0,1,0
2,0,2,0
1,0,1,0
4,0,4,0
0,1,1,1
1,0,1,0
0,2,2,8
2,0,2,0
2,0,2,0
1,0,1,0
2,0,2,0
1,0,1,0
0,1,1,0
0,2,2,0
1,0,1,0
1,0,1,0
1,0,1,0
1,0,1,0
1,0,1,0
2,0,2,0
1,0,1,0
1,0,1,0
1,0,1,0
1,0,1,0
1,0,1,0
1,0,1,0
0,1,1,0
1,0,1,0
1,0,1,0
1,0,1,0
1,0,1,0
2,0,2,0
1,0,1,0
2,0,2,0
1,0,1,0
1,0,1,0
0,1,1,0
1,0,1,0
0,1,1,31
0,1,1,0
1,0,1,0
1,0,1,0
1,0,1,0
0,1,1,63
3,0,3,0
0,1,1,1
2,0,2,0
1,0,1,0
0,1,1,46
1,0,1,0
1,0,1,0
1,0,1,0
1,0,1,0
1,0,1,0
1,0,1,0
2,0,2,0
1,0,1,0
0,1,1,7
1,0,1,0
1,0,1,0
1,0,1,0
1,0,1,0
0,1,1,10
0,3,3,16
1,0,1,0
0,1,1,33
1,0,1,0
0,2,2,56
1,0,1,0
1,0,1,0
2,0,2,0
1,0,1,0
1,0,1,0
1,0,1,0
1,0,1,0
1,0,1,0
1,0,1,0
1,0,1,0
0,3,3,15
1,0,1,0
1,0,1,0
1,0,1,0
4,0,4,0
1,0,1,0
1,0,1,0
3,0,3,0
2,0,2,0
1,0,1,0
1,0,1,0
1,0,1,0
1,0,1,0
1,0,1,0
1,0,1,0
1,0,1,0
1,0,1,0
2,0,2,0
1,0,1,0
1,0,1,0
1,0,1,0
0,1,1,71
1,0,1,0
0,1,1,74
0,1,1,34
1,0,1,0
0,1,1,0
1,0,1,0
1,0,1,0
1,0,1,0
1,0,1,0
1,0,1,0
0,1,1,0
1,0,1,0
2,0,2,0
0,1,1,7
1,0,1,0
1,0,1,0
1,0,1,0
2,0,2,0
2,0,2,0
1,0,1,0
0,2,2,33
1,0,1,0
2,0,2,0
0,1,1,55
0,1,1,0
0,2,2,71
1,0,1,0
0,1,1,8
2,0,2,0
1,0,1,0
1,0,1,0
0,1,1,2
1,0,1,0
1,0,1,0
1,0,1,0
1,0,1,0
1,0,1,0
1,0,1,0
1,0,1,0
1,0,1,0
1,0,1,0
1,0,1,0
1,0,1,0
1,0,1,0
1,0,1,0
1,0,1,0
2,0,2,0
2,0,2,0
0,1,1,0
3,0,3,0
1,0,1,0
0,1,1,6
1,0,1,0
1,0,1,0
2,0,2,0
1,0,1,0
2,0,2,0
1,0,1,0
1,0,1,0
1,0,1,0
1,0,1,0
1,0,1,0
1,0,1,0
1,0,1,0
1,0,1,0
1,0,1,0
2,0,2,0
0,1,1,23
0,1,1,90
1,0,1,0
1,0,1,0
1,0,1,0
1,0,1,0
0,1,1,27
1,0,1,0
1,0,1,0
1,0,1,0
1,0,1,0
1,0,1,0
1,0,1,0
1,0,1,0
0,1,1,0
1,0,1,0
1,0,1,0
1,0,1,0
1,0,1,0
1,0,1,0
1,0,1,0
1,0,1,0
1,0,1,0
1,0,1,0
0,2,2,23
0,2,2,1
3,0,3,0
1,0,1,0
1,0,1,0
1,0,1,0
1,0,1,0
1,0,1,0
1,0,1,0
2,0,2,0
2,0,2,0
0,1,1,8
0,1,1,0
0,1,1,13
1,0,1,0
4,0,4,0
2,0,2,0
0,1,1,2
2,0,2,0
2,0,2,0
1,0,1,0
2,0,2,0
1,0,1,0
1,0,1,0
2,0,2,0
1,0,1,0
2,0,2,0
1,0,1,0
1,0,1,0
1,0,1,0
1,0,1,0
1,0,1,0
0,1,1,0
1,0,1,0
1,0,1,0
1,0,1,0
1,0,1,0
2,0,2,0
0,3,3,18
3,0,3,0
2,0,2,0
1,0,1,0
1,0,1,0
0,2,2,1
1,0,1,0
0,2,2,12
1,0,1,0
1,0,1,0
1,0,1,0
2,0,2,0
1,0,1,0
1,0,1,0
2,0,2,0
2,0,2,0
0,1,1,39
2,0,2,0
1,0,1,0
1,0,1,0
0,1,1,1
0,1,1,24
1,0,1,0
1,0,1,0
1,0,1,0
1,0,1,0
0,1,1,1
0,1,1,0
0,4,4,1
1,0,1,0
1,0,1,0
1,0,1,0
1,0,1,0
0,1,1,14
2,0,2,0
1,0,1,0
2,0,2,0
2,0,2,0
1,0,1,0
1,0,1,0
2,0,2,0
0,1,1,0
1,0,1,0
1,0,1,0
1,0,1,0
1,0,1,0
1,0,1,0
1,0,1,0
0,1,1,0
0,1,1,0
1,0,1,0
1,0,1,0
1,0,1,0
1,0,1,0
1,0,1,0
1,0,1,0
1,0,1,0
0,1,1,25
3,0,3,0
1,0,1,0
2,0,2,0
2,0,2,0
1,0,1,0
1,0,1,0
1,0,1,0
2,0,2,0
0,1,1,6
2,0,2,0
1,0,1,0
1,0,1,0
1,0,1,0
1,0,1,0
1,0,1,0
3,0,3,0
1,0,1,0
2,0,2,0
1,0,1,0
1,0,1,0
1,0,1,0
0,1,1,10
1,0,1,0
0,2,2,1
1,0,1,0
2,0,2,0
1,0,1,0
1,0,1,0
1,0,1,0
1,0,1,0
1,0,1,0
1,0,1,0
1,0,1,0
1,0,1,0
1,0,1,0
2,0,2,0
1,0,1,0
1,0,1,0
1,0,1,0
1,0,1,0
0,2,2,16
1,0,1,0
1,0,1,0
1,0,1,0
1,0,1,0
0,2,2,57
1,0,1,0
1,0,1,0
0,1,1,0
2,0,2,0
1,0,1,0
1,0,1,0
1,0,1,0
2,0,2,0
1,0,1,0
1,0,1,0
1,0,1,0
0,1,1,0
1,0,1,0
1,0,1,0
2,0,2,0
1,0,1,0
1,0,1,0
1,0,1,0
1,0,1,0
2,0,2,0
1,0,1,0
2,0,2,0
1,0,1,0
1,0,1,0
0,1,1,27
1,0,1,0
1,0,1,0
0,1,1,24
1,0,1,0
1,0,1,0
1,0,1,0
0,2,2,0
1,0,1,0
1,0,1,0
1,0,1,0
2,0,2,0
1,0,1,0
1,0,1,0
1,0,1,0
0,2,2,95
0,1,1,50
1,0,1,0
0,1,1,1
2,0,2,0
2,0,2,0
1,0,1,0
0,1,1,58
1,0,1,0
1,0,1,0
1,0,1,0
1,0,1,0
1,0,1,0
1,0,1,0
1,0,1,0
2,0,2,0
2,0,2,0
0,2,2,18
3,0,3,0
2,0,2,0
1,0,1,0
0,2,2,3
1,0,1,0
1,0,1,0
1,0,1,0
1,0,1,0
1,0,1,0
1,0,1,0
1,0,1,0
1,0,1,0
1,0,1,0
2,0,2,0
1,0,1,0
1,0,1,0
1,0,1,0
1,0,1,0
1,0,1,0
1,0,1,0
1,0,1,0
1,0,1,0
1,0,1,0
0,1,1,11
7,0,7,0
2,0,2,0
1,0,1,0
1,0,1,0
1,0,1,0
1,0,1,0
1,0,1,0
1,0,1,0
1,0,1,0
1,0,1,0
1,0,1,0
1,0,1,0
1,0,1,0
1,0,1,0
0,2,2,20
0,1,1,0
0,1,1,3
1,0,1,0
0,3,3,10
0,1,1,3
0,1,1,33
0,1,1,9
1,0,1,0
1,0,1,0
1,0,1,0
1,0,1,0
1,0,1,0
1,0,1,0
1,0,1,0
1,0,1,0
1,0,1,0
0,1,1,4
1,0,1,0
1,0,1,0
1,0,1,0
0,1,1,10
1,0,1,0
1,0,1,0
2,0,2,0
1,0,1,0
1,0,1,0
1,0,1,0
1,0,1,0
1,0,1,0
1,0,1,0
1,0,1,0
0,1,1,183
1,0,1,0
0,1,1,42
1,0,1,0
1,0,1,0
1,0,1,0
1,0,1,0
1,0,1,0
1,0,1,0
1,0,1,0
1,0,1,0
1,0,1,0
1,0,1,0
1,0,1,0
1,0,1,0
0,1,1,9
1,0,1,0
1,0,1,0
1,0,1,0
1,0,1,0
1,0,1,0
2,0,2,0
1,0,1,0
1,0,1,0
1,0,1,0
0,2,2,19
1,0,1,0
1,0,1,0
6,0,6,0
2,0,2,0
2,0,2,0
0,4,4,23
0,1,1,23
1,0,1,0
0,1,1,4
1,0,1,0
1,0,1,0
1,0,1,0
1,0,1,0
1,0,1,0
1,0,1,0
1,0,1,0
1,0,1,0
1,0,1,0
1,0,1,0
1,0,1,0
1,0,1,0
1,0,1,0
2,0,2,0
1,0,1,0
1,0,1,0
1,0,1,0
0,1,1,61
1,0,1,0
1,0,1,0
1,0,1,0
1,0,1,0
1,0,1,0
1,0,1,0
1,0,1,0
1,0,1,0
1,0,1,0
0,1,1,1
1,0,1,0
1,0,1,0
0,3,3,0
1,0,1,0
1,0,1,0
1,0,1,0
1,0,1,0
1,0,1,0
1,0,1,0
1,0,1,0
1,0,1,0
1,0,1,0
0,2,2,8
1,0,1,0
1,0,1,0
1,0,1,0
2,0,2,0
1,0,1,0
0,1,1,184
1,0,1,0
1,0,1,0
1,0,1,0
1,0,1,0
1,0,1,0
1,0,1,0
1,0,1,0
1,0,1,0
1,0,1,0
1,0,1,0
2,0,2,0
1,0,1,0
1,0,1,0
0,2,2,4
1,0,1,0
3,0,3,0
1,0,1,0
0,2,2,17
1,0,1,0
1,0,1,0
0,1,1,121
1,0,1,0
1,0,1,0
1,0,1,0
0,2,2,4
1,0,1,0
2,0,2,0
1,0,1,0
1,0,1,0
1,0,1,0
0,1,1,2
1,0,1,0
2,0,2,0
1,0,1,0
1,0,1,0
1,0,1,0
2,0,2,0
2,0,2,0
0,1,1,46
1,0,1,0
0,3,3,10
1,0,1,0
1,0,1,0
4,0,4,0
1,0,1,0
2,0,2,0
1,0,1,0
0,1,1,7
0,1,1,1
1,0,1,0
1,0,1,0
1,0,1,0
0,1,1,4
1,0,1,0
1,0,1,0
1,0,1,0
1,0,1,0
1,0,1,0
1,0,1,0
1,0,1,0
1,0,1,0
1,0,1,0
1,0,1,0
1,0,1,0
1,0,1,0
4,0,4,0
2,0,2,0
1,0,1,0
1,0,1,0
1,0,1,0
1,0,1,0
2,0,2,0
1,0,1,0
1,0,1,0
1,0,1,0
1,0,1,0
1,0,1,0
1,0,1,0
3,0,3,0
1,0,1,0
0,1,1,6
1,0,1,0
1,0,1,0
1,0,1,0
1,0,1,0
1,0,1,0
1,0,1,0
1,0,1,0
2,0,2,0
1,0,1,0
1,0,1,0
1,0,1,0
2,0,2,0
1,0,1,0
1,0,1,0
1,0,1,0
1,0,1,0
0,1,1,32
1,0,1,0
2,0,2,0
1,0,1,0
0,1,1,1
1,0,1,0
0,1,1,15
1,0,1,0
1,0,1,0
1,0,1,0
1,0,1,0
1,0,1,0
1,0,1,0
3,0,3,0
0,1,1,0
1,0,1,0
1,0,1,0
0,1,1,6
1,0,1,0
1,0,1,0
1,0,1,0
1,0,1,0
2,0,2,0
1,0,1,0
0,1,1,8
1,0,1,0
0,1,1,22
1,0,1,0
1,0,1,0
0,1,1,0
2,0,2,0
1,0,1,0
1,0,1,0
4,0,4,0
1,0,1,0
3,0,3,0
0,1,1,3
0,3,3,0
1,0,1,0
2,0,2,0
1,0,1,0
1,0,1,0
1,0,1,0
1,0,1,0
1,0,1,0
0,1,1,39
0,1,1,19
1,0,1,0
1,0,1,0
1,0,1,0
2,0,2,0
0,2,2,11
2,0,2,0
1,0,1,0
1,0,1,0
1,0,1,0
2,0,2,0
0,2,2,83
2,0,2,0
1,0,1,0
1,0,1,0
1,0,1,0
1,0,1,0
1,0,1,0
1,0,1,0
0,1,1,9
1,0,1,0
1,0,1,0
1,0,1,0
0,1,1,1
1,0,1,0
1,0,1,0
1,0,1,0
1,0,1,0
0,1,1,171
0,1,1,0
1,0,1,0
2,0,2,0
2,0,2,0
1,0,1,0
1,0,1,0
1,0,1,0
1,0,1,0
1,0,1,0
2,0,2,0
0,2,2,38
3,0,3,0
1,0,1,0
1,0,1,0
1,0,1,0
1,0,1,0
1,0,1,0
0,1,1,77
1,0,1,0
1,0,1,0
1,0,1,0
1,0,1,0
1,0,1,0
1,0,1,0
1,0,1,0
1,0,1,0
1,0,1,0
0,1,1,1
2,0,2,0
1,0,1,0
1,0,1,0
2,0,2,0
1,0,1,0
1,0,1,0
1,0,1,0
0,1,1,2
2,0,2,0
1,0,1,0
1,0,1,0
1,0,1,0
3,0,3,0
0,1,1,3
1,0,1,0
1,0,1,0
1,0,1,0
1,0,1,0
1,0,1,0
0,2,2,2
1,0,1,0
1,0,1,0
2,0,2,0
1,0,1,0
1,0,1,0
0,1,1,10
1,0,1,0
1,0,1,0
0,3,3,6
0,1,1,15
1,0,1,0
1,0,1,0
1,0,1,0
1,0,1,0
1,0,1,0
1,0,1,0
1,0,1,0
1,0,1,0
2,0,2,0
2,0,2,0
1,0,1,0
0,1,1,1
1,0,1,0
1,0,1,0
1,0,1,0
5,0,5,0
1,0,1,0
1,0,1,0
1,0,1,0
1,0,1,0
3,0,3,0
1,0,1,0
1,0,1,0
1,0,1,0
2,0,2,0
2,0,2,0
0,1,1,79
1,0,1,0
1,0,1,0
3,0,3,0
1,0,1,0
1,0,1,0
1,0,1,0
1,0,1,0
1,0,1,0
1,0,1,0
2,0,2,0
1,0,1,0
1,0,1,0
2,0,2,0
1,0,1,0
2,0,2,0
2,0,2,0
1,0,1,0
2,0,2,0
1,0,1,0
0,1,1,52
1,0,1,0
1,0,1,0
0,1,1,1
1,0,1,0
1,0,1,0
1,0,1,0
1,0,1,0
0,1,1,49
1,0,1,0
1,0,1,0
2,0,2,0
0,1,1,36
1,0,1,0
1,0,1,0
2,0,2,0
1,0,1,0
1,0,1,0
0,3,3,8
1,0,1,0
0,1,1,28
2,0,2,0
2,0,2,0
1,0,1,0
1,0,1,0
0,1,1,21
1,0,1,0
1,0,1,0
1,0,1,0
1,0,1,0
1,0,1,0
1,0,1,0
1,0,1,0
1,0,1,0
0,3,3,0
0,1,1,0
1,0,1,0
1,0,1,0
1,0,1,0
1,0,1,0
1,0,1,0
2,0,2,0
1,0,1,0
1,0,1,0
1,0,1,0
0,1,1,0
1,0,1,0
1,0,1,0
1,0,1,0
1,0,1,0
1,0,1,0
1,0,1,0
1,0,1,0
1,0,1,0
1,0,1,0
2,0,2,0
2,0,2,0
1,0,1,0
1,0,1,0
1,0,1,0
1,0,1,0
2,0,2,0
1,0,1,0
2,0,2,0
1,0,1,0
0,1,1,0
1,0,1,0
1,0,1,0
1,0,1,0
1,0,1,0
2,0,2,0
3,0,3,0
1,0,1,0
1,0,1,0
1,0,1,0
1,0,1,0
0,1,1,8
1,0,1,0
1,0,1,0
1,0,1,0
0,1,1,0
0,7,7,3
1,0,1,0
2,0,2,0
3,0,3,0
1,0,1,0
1,0,1,0
1,0,1,0
1,0,1,0
2,0,2,0
1,0,1,0
1,0,1,0
1,0,1,0
1,0,1,0
1,0,1,0
1,0,1,0
1,0,1,0
1,0,1,0
3,0,3,0
1,0,1,0
1,0,1,0
1,0,1,0
1,0,1,0
5,0,5,0
1,0,1,0
0,1,1,10
1,0,1,0
1,0,1,0
1,0,1,0
1,0,1,0
3,0,3,0
2,0,2,0
1,0,1,0
2,0,2,0
2,0,2,0
0,2,2,17
1,0,1,0
1,0,1,0
1,0,1,0
1,0,1,0
1,0,1,0
1,0,1,0
2,0,2,0
1,0,1,0
0,3,3,13
1,0,1,0
3,0,3,0
1,0,1,0
1,0,1,0
1,0,1,0
1,0,1,0
2,0,2,0
1,0,1,0
1,0,1,0
1,0,1,0
1,0,1,0
2,0,2,0
2,0,2,0
1,0,1,0
2,0,2,0
1,0,1,0
1,0,1,0
1,0,1,0
1,0,1,0
1,0,1,0
1,0,1,0
2,0,2,0
1,0,1,0
1,0,1,0
1,0,1,0
1,0,1,0
1,0,1,0
3,0,3,0
1,0,1,0
1,0,1,0
1,0,1,0
0,1,1,31
2,0,2,0
1,0,1,0
1,0,1,0
0,1,1,40
1,0,1,0
0,1,1,0
2,0,2,0
1,0,1,0
1,0,1,0
0,1,1,8
1,0,1,0
1,0,1,0
1,0,1,0
1,0,1,0
1,0,1,0
1,0,1,0
1,0,1,0
0,1,1,0
0,1,1,2
1,0,1,0
1,0,1,0
1,0,1,0
0,1,1,0
1,0,1,0
1,0,1,0
0,1,1,0
1,0,1,0
1,0,1,0
1,0,1,0
1,0,1,0
1,0,1,0
1,0,1,0
3,0,3,0
1,0,1,0
1,0,1,0
2,0,2,0
1,0,1,0
1,0,1,0
1,0,1,0
0,1,1,24
1,0,1,0
1,0,1,0
2,0,2,0
0,3,3,1
1,0,1,0
0,1,1,0
0,1,1,0
1,0,1,0
3,0,3,0
1,0,1,0
1,0,1,0
0,1,1,6
1,0,1,0
1,0,1,0
1,0,1,0
0,3,3,34
1,0,1,0
2,0,2,0
1,0,1,0
2,0,2,0
2,0,2,0
0,1,1,30
1,0,1,0
0,2,2,26
1,0,1,0
1,0,1,0
1,0,1,0
1,0,1,0
1,0,1,0
1,0,1,0
0,1,1,6
1,0,1,0
1,0,1,0
1,0,1,0
0,1,1,157
1,0,1,0
0,1,1,0
1,0,1,0
1,0,1,0
1,0,1,0
4,0,4,0
1,0,1,0
1,0,1,0
1,0,1,0
1,0,1,0
1,0,1,0
0,1,1,0
1,0,1,0
1,0,1,0
0,1,1,9
0,1,1,10
0,1,1,24
2,0,2,0
1,0,1,0
1,0,1,0
1,0,1,0
1,0,1,0
1,0,1,0
2,0,2,0
1,0,1,0
1,0,1,0
1,0,1,0
2,0,2,0
1,0,1,0
1,0,1,0
0,1,1,8
1,0,1,0
1,0,1,0
2,0,2,0
1,0,1,0
1,0,1,0
1,0,1,0
3,0,3,0
1,0,1,0
1,0,1,0
1,0,1,0
1,0,1,0
3,0,3,0
1,0,1,0
1,0,1,0
0,1,1,70
2,0,2,0
2,0,2,0
1,0,1,0
1,0,1,0
1,0,1,0
1,0,1,0
1,0,1,0
1,0,1,0
1,0,1,0
1,0,1,0
1,0,1,0
1,0,1,0
1,0,1,0
0,1,1,1
1,0,1,0
1,0,1,0
1,0,1,0
2,0,2,0
3,0,3,0
2,0,2,0
1,0,1,0
3,0,3,0
1,0,1,0
4,0,4,0
1,0,1,0
1,0,1,0
1,0,1,0
1,0,1,0
3,0,3,0
2,0,2,0
0,1,1,9
0,1,1,0
4,0,4,0
1,0,1,0
0,1,1,10
1,0,1,0
1,0,1,0
1,0,1,0
2,0,2,0
0,1,1,1
1,0,1,0
0,2,2,0
1,0,1,0
1,0,1,0
1,0,1,0
1,0,1,0
1,0,1,0
1,0,1,0
1,0,1,0
1,0,1,0
1,0,1,0
1,0,1,0
1,0,1,0
1,0,1,0
1,0,1,0
1,0,1,0
0,1,1,7
1,0,1,0
0,1,1,47
0,2,2,15
0,1,1,0
1,0,1,0
1,0,1,0
1,0,1,0
1,0,1,0
1,0,1,0
0,1,1,2
1,0,1,0
1,0,1,34
1,0,1,0
2,0,2,0
1,0,1,0
1,0,1,0
1,0,1,0
1,0,1,0
1,0,1,0
1,0,1,0
1,0,1,0
1,0,1,0
1,0,1,0
1,0,1,0
1,0,1,0
1,0,1,0
1,0,1,0
1,0,1,0
1,0,1,0
1,0,1,0
1,0,1,0
1,0,1,0
0,1,1,20
1,0,1,0
0,1,1,44
2,0,2,0
1,0,1,0
3,0,3,0
0,1,1,22
1,0,1,0
3,0,3,0
0,1,1,4
2,0,2,0
0,1,1,32
1,0,1,0
1,0,1,0
1,0,1,0
2,0,2,0
0,1,1,2
1,0,1,0
1,0,1,0
0,1,1,4
0,3,3,122
1,0,1,0
1,0,1,0
1,0,1,0
1,0,1,0
1,0,1,0
2,0,2,0
0,1,1,20
1,0,1,0
2,0,2,0
1,0,1,0
0,1,1,4
1,0,1,0
1,0,1,0
1,0,1,0
1,0,1,0
1,0,1,0
1,0,1,0
2,0,2,0
0,2,2,3
1,0,1,0
0,2,2,5
1,0,1,0
0,1,1,3
0,1,1,3
1,0,1,0
0,1,1,6
0,1,1,1
2,0,2,0
1,0,1,0
2,0,2,0
1,0,1,0
1,0,1,0
1,0,1,0
1,0,1,0
1,0,1,0
1,0,1,0
1,0,1,0
1,0,1,0
1,0,1,0
0,1,1,0
1,0,1,0
1,0,1,0
2,0,2,0
1,0,1,0
0,4,4,23
1,0,1,0
1,0,1,0
0,1,1,72
2,0,2,0
4,0,4,0
0,1,1,1
1,0,1,0
1,0,1,0
1,0,1,0
0,1,1,1
1,0,1,0
1,0,1,0
1,0,1,0
2,0,2,0
2,0,2,0
0,1,1,5
1,0,1,0
1,0,1,0
1,0,1,0
2,0,2,0
2,0,2,0
1,0,1,0
1,0,1,0
1,0,1,0
3,0,3,0
1,0,1,0
1,0,1,0
1,0,1,0
0,1,1,6
2,0,2,0
1,0,1,0
2,0,2,0
1,0,1,0
1,0,1,0
1,0,1,0
1,0,1,0
0,1,1,7
1,0,1,0
1,0,1,0
1,0,1,0
1,0,1,0
1,0,1,0
1,0,1,0
1,0,1,0
1,0,1,0
4,0,4,0
1,0,1,0
1,0,1,0
1,0,1,0
3,0,3,0
1,0,1,0
1,0,1,0
1,0,1,0
0,1,1,10
1,0,1,0
1,0,1,0
1,0,1,0
1,0,1,0
1,0,1,0
1,0,1,0
1,0,1,0
1,0,1,0
0,1,1,37
1,0,1,0
1,0,1,0
2,0,2,0
1,0,1,0
1,0,1,0
1,0,1,0
1,0,1,0
1,0,1,0
1,0,1,0
3,0,3,0
1,0,1,0
1,0,1,0
0,2,2,7
1,0,1,0
1,0,1,0
1,0,1,0
2,0,2,0
2,0,2,0
0,1,1,120
0,1,1,16
1,0,1,0
1,0,1,0
1,0,1,0
2,0,2,0
1,0,1,0
1,0,1,0
1,0,1,0
1,0,1,0
3,0,3,0
1,0,1,0
5,0,5,0
1,0,1,0
1,0,1,0
0,1,1,20
1,0,1,0
1,0,1,0
0,2,2,25
1,0,1,0
1,0,1,0
2,0,2,0
1,0,1,0
1,0,1,0
1,0,1,0
1,0,1,0
1,0,1,0
1,0,1,0
1,0,1,0
1,0,1,0
1,0,1,0
1,0,1,0
1,0,1,0
1,0,1,0
1,0,1,0
1,0,1,0
1,0,1,0
1,0,1,0
2,0,2,0
0,1,1,6
2,0,2,0
0,1,1,1
1,0,1,0
2,0,2,0
1,0,1,0
0,1,1,0
1,0,1,0
1,0,1,0
1,0,1,0
1,0,1,0
0,2,2,1
0,1,1,12
1,0,1,0
1,0,1,0
0,1,1,0
0,1,1,0
2,0,2,0
1,0,1,0
1,0,1,0
0,1,1,18
1,0,1,0
1,0,1,0
1,0,1,0
1,0,1,0
0,1,1,0
2,0,2,0
1,0,1,0
1,0,1,0
2,0,2,0
1,0,1,0
0,1,1,4
2,0,2,0
1,0,1,0
3,0,3,0
1,0,1,0
1,0,1,0
1,0,1,0
1,0,1,0
0,1,1,3
0,1,1,4
1,0,1,0
2,0,2,0
2,0,2,0
0,1,1,4
0,1,1,3
0,1,1,0
1,0,1,0
1,0,1,0
1,0,1,0
1,0,1,0
1,0,1,0
2,0,2,0
2,0,2,0
1,0,1,0
1,0,1,0
1,0,1,0
1,0,1,0
0,1,1,65
1,0,1,0
0,1,1,30
1,0,1,0
1,0,1,0
1,0,1,0
1,0,1,0
2,0,2,0
0,1,1,55
0,1,1,40
1,0,1,0
1,0,1,0
1,0,1,0
0,1,1,0
0,1,1,13
1,0,1,0
0,1,1,14
1,0,1,0
1,0,1,0
1,0,1,0
0,1,1,36
1,0,1,0
1,0,1,0
2,0,2,0
1,0,1,0
1,0,1,0
1,0,1,0
2,0,2,0
1,0,1,0
1,0,1,0
1,0,1,0
1,0,1,0
1,0,1,0
1,0,1,0
1,0,1,0
1,0,1,0
1,0,1,0
4,0,4,0
1,0,1,0
1,0,1,0
1,0,1,0
1,0,1,0
1,0,1,0
1,0,1,0
1,0,1,0
1,0,1,0
1,0,1,0
0,2,2,12
1,0,1,0
1,0,1,0
1,0,1,0
1,0,1,0
1,0,1,0
1,0,1,0
1,0,1,0
1,0,1,0
1,0,1,0
2,0,2,0
1,0,1,0
1,0,1,0
1,0,1,0
1,0,1,0
0,1,1,1
0,1,1,11
1,0,1,0
1,0,1,0
0,1,1,74
1,0,1,0
1,0,1,0
1,0,1,0
1,0,1,0
1,0,1,0
1,0,1,0
1,0,1,0
1,0,1,0
2,0,2,0
2,0,2,0
1,0,1,0
1,0,1,0
1,0,1,0
1,0,1,0
1,0,1,0
1,0,1,0
1,0,1,0
2,0,2,0
1,0,1,0
0,1,1,4
1,0,1,0
1,0,1,0
1,0,1,0
1,0,1,0
1,0,1,0
1,0,1,0
1,0,1,0
1,0,1,0
1,0,1,0
1,0,1,0
1,0,1,0
1,0,1,0
1,0,1,0
1,0,1,0
1,0,1,0
1,0,1,0
1,0,1,0
2,0,2,0
1,0,1,0
1,0,1,0
1,0,1,0
0,1,1,0
1,0,1,0
0,8,8,39
1,0,1,0
0,3,3,1
1,0,1,0
1,0,1,0
1,0,1,0
1,0,1,0
0,2,2,32
2,0,2,0
1,0,1,0
4,0,4,0
0,1,1,0
0,1,1,0
2,0,2,0
1,0,1,0
0,1,1,76
2,0,2,0
2,0,2,0
1,0,1,0
1,0,1,0
1,0,1,0
1,0,1,0
0,1,1,12
1,0,1,0
1,0,1,0
1,0,1,0
1,0,1,0
1,0,1,0
0,2,2,53
1,0,1,0
2,0,2,0
1,0,1,0
2,0,2,0
0,2,2,23
1,0,1,0
1,0,1,0
1,0,1,0
0,1,1,22
0,4,4,52
1,0,1,0
0,1,1,0
1,0,1,0
1,0,1,0
1,0,1,0
1,0,1,0
0,1,1,20
1,0,1,0
1,0,1,0
0,1,1,6
1,0,1,0
1,0,1,0
2,0,2,0
1,0,1,0
2,0,2,0
1,0,1,0
2,0,2,0
1,0,1,0
1,0,1,0
1,0,1,0
1,0,1,0
0,1,1,28
1,0,1,0
1,0,1,0
1,0,1,0
2,0,2,0
0,1,1,11
1,0,1,0
2,0,2,0
1,0,1,0
2,0,2,0
0,1,1,21
0,1,1,4
1,0,1,0
1,0,1,0
1,0,1,0
1,0,1,0
0,1,1,104
1,0,1,0
1,0,1,0
1,0,1,0
1,0,1,0
0,1,1,6
4,0,4,0
0,1,1,29
0,1,1,1
1,0,1,0
1,0,1,0
1,0,1,0
1,0,1,0
1,0,1,0
2,0,2,0
3,0,3,0
1,0,1,0
1,0,1,0
1,0,1,0
1,0,1,0
0,1,1,1
1,0,1,0
1,0,1,0
2,0,2,0
0,1,1,78
0,1,1,0
1,0,1,0
1,0,1,0
1,0,1,0
2,0,2,0
3,0,3,0
1,0,1,0
1,0,1,0
1,0,1,0
1,0,1,0
1,0,1,0
1,0,1,0
2,0,2,0
1,0,1,0
1,0,1,0
1,0,1,0
1,0,1,0
0,1,1,1
1,0,1,0
1,0,1,0
1,0,1,0
3,0,3,0
1,0,1,0
1,0,1,0
2,0,2,0
1,0,1,0
0,1,1,0
1,0,1,0
1,0,1,0
1,0,1,0
1,0,1,0
1,0,1,0
1,0,1,0
3,0,3,0
1,0,1,0
1,0,1,0
1,0,1,0
0,1,1,8
1,0,1,0
0,1,1,19
1,0,1,0
1,0,1,0
1,0,1,0
1,0,1,0
1,0,1,0
1,0,1,0
2,0,2,0
0,3,3,2
1,0,1,0
1,0,1,0
1,0,1,0
3,0,3,0
1,0,1,0
1,0,1,0
1,0,1,0
1,0,1,0
1,0,1,0
1,0,1,0
1,0,1,0
1,0,1,0
1,0,1,0
1,0,1,0
1,0,1,0
0,1,1,18
1,0,1,0
2,0,2,0
1,0,1,0
1,0,1,0
1,0,1,0
1,0,1,0
1,0,1,0
1,0,1,0
1,0,1,0
1,0,1,0
0,1,1,33
0,1,1,4
2,0,2,0
1,0,1,0
1,0,1,0
1,0,1,0
1,0,1,0
2,0,2,0
1,0,1,0
1,0,1,0
1,0,1,0
1,0,1,0
3,0,3,0
1,0,1,0
1,0,1,0
0,1,1,42
1,0,1,0
0,1,1,0
1,0,1,0
1,0,1,0
0,3,3,1
1,0,1,0
1,0,1,0
0,1,1,26
0,2,2,7
2,0,2,0
1,0,1,0
1,0,1,0
2,0,2,26
2,0,2,0
0,1,1,14
1,0,1,0
1,0,1,0
2,0,2,0
1,0,1,0
1,0,1,0
1,0,1,0
2,0,2,0
1,0,1,0
1,0,1,0
0,1,1,15
1,0,1,0
1,0,1,0
1,0,1,0
1,0,1,0
1,0,1,0
1,0,1,0
1,0,1,0
2,0,2,0
1,0,1,0
0,1,1,3
1,0,1,0
1,0,1,0
1,0,1,0
2,0,2,0
1,0,1,0
0,1,1,100
0,1,1,2
1,0,1,0
0,1,1,0
0,1,1,5
1,0,1,0
0,1,1,63
1,0,1,0
1,0,1,0
0,1,1,1
2,0,2,0
1,0,1,0
2,0,2,0
1,0,1,0
1,0,1,0
1,0,1,0
2,0,2,0
1,0,1,0
1,0,1,0
1,0,1,0
1,0,1,0
1,0,1,0
0,1,1,2
0,1,1,8
1,0,1,0
1,0,1,0
1,0,1,0
0,2,2,14
1,0,1,0
1,0,1,0
1,0,1,0
1,0,1,0
2,0,2,0
0,1,1,19
0,1,1,0
1,0,1,0
0,1,1,6
0,1,1,22
1,0,1,0
1,0,1,0
1,0,1,0
1,0,1,0
1,0,1,0
1,0,1,0
1,0,1,0
1,0,1,0
1,0,1,0
2,0,2,0
1,0,1,0
0,2,2,43
1,0,1,0
1,0,1,0
1,0,1,0
1,0,1,0
1,0,1,0
1,0,1,0
0,1,1,1
1,0,1,0
1,0,1,0
1,0,1,0
1,0,1,0
1,0,1,0
1,0,1,0
1,0,1,0
1,0,1,0
0,1,1,1
1,0,1,0
0,1,1,8
1,0,1,0
1,0,1,0
1,0,1,0
1,0,1,0
1,0,1,0
1,0,1,0
0,1,1,92
1,0,1,0
1,0,1,0
2,0,2,0
3,0,3,0
1,0,1,0
2,0,2,0
1,0,1,0
1,0,1,0
1,0,1,0
1,0,1,0
1,0,1,0
1,0,1,0
1,0,1,0
2,0,2,0
1,0,1,0
2,0,2,0
2,0,2,0
1,0,1,0
2,0,2,0
1,0,1,0
0,1,1,22
1,0,1,0
1,0,1,0
1,0,1,0
1,0,1,0
1,0,1,0
1,0,1,0
1,0,1,0
1,0,1,0
1,0,1,0
1,0,1,0
1,0,1,0
1,0,1,0
2,0,2,0
1,0,1,0
2,0,2,0
0,1,1,8
1,0,1,0
7,0,7,0
2,0,2,0
2,0,2,0
1,0,1,0
1,0,1,0
1,0,1,0
1,0,1,0
3,0,3,0
1,0,1,0
1,0,1,0
1,0,1,0
1,0,1,0
1,0,1,0
1,0,1,0
1,0,1,0
1,0,1,0
1,0,1,0
1,0,1,0
1,0,1,0
1,0,1,0
0,1,1,30
1,0,1,0
0,6,6,71
1,0,1,0
1,0,1,0
2,0,2,0
1,0,1,0
1,0,1,0
3,0,3,0
1,0,1,0
1,0,1,0
0,1,1,0
1,0,1,0
2,0,2,0
0,1,1,25
1,0,1,0
3,0,3,0
2,0,2,0
1,0,1,0
1,0,1,0
2,0,2,0
2,0,2,0
2,0,2,0
0,1,1,12
1,0,1,0
1,0,1,0
2,0,2,0
2,0,2,0
5,0,5,0
1,0,1,0
1,0,1,0
1,0,1,0
3,0,3,0
1,0,1,0
1,0,1,0
1,0,1,0
1,0,1,0
1,0,1,0
0,1,1,35
1,0,1,0
1,0,1,0
1,0,1,0
1,0,1,0
1,0,1,0
1,0,1,0
2,0,2,0
2,0,2,0
1,0,1,0
2,0,2,0
1,0,1,0
1,0,1,0
1,0,1,0
1,0,1,0
3,0,3,0
1,0,1,0
1,0,1,0
1,0,1,0
1,0,1,0
1,0,1,0
1,0,1,0
0,1,1,0
1,0,1,0
1,0,1,0
1,0,1,0
1,0,1,0
1,0,1,0
0,1,1,23
3,0,3,0
1,0,1,0
1,0,1,0
1,0,1,0
2,0,2,0
1,0,1,0
0,1,1,9
1,0,1,0
0,1,1,5
1,0,1,0
1,0,1,0
1,0,1,0
1,0,1,0
2,0,2,0
0,1,1,49
2,0,2,0
1,0,1,0
1,0,1,0
1,0,1,0
1,0,1,0
1,0,1,0
1,0,1,0
1,0,1,0
1,0,1,0
1,0,1,0
2,0,2,0
2,0,2,0
0,1,1,16
1,0,1,0
1,0,1,0
1,0,1,0
1,0,1,0
1,0,1,0
2,0,2,0
1,0,1,0
2,0,2,0
1,0,1,0
1,0,1,0
2,0,2,0
2,0,2,0
2,0,2,0
1,0,1,0
0,1,1,128
1,0,1,0
1,0,1,0
0,1,1,9
1,0,1,0
2,0,2,0
1,0,1,0
1,0,1,0
1,0,1,0
2,0,2,0
1,0,1,0
0,2,2,21
1,0,1,0
1,0,1,0
1,0,1,0
2,0,2,0
1,0,1,0
1,0,1,0
1,0,1,0
1,0,1,0
1,0,1,0
0,1,1,3
1,0,1,0
1,0,1,0
1,0,1,0
1,0,1,0
2,0,2,0
1,0,1,0
1,0,1,0
1,0,1,0
1,0,1,0
1,0,1,0
1,0,1,0
1,0,1,0
0,1,1,3
1,0,1,0
1,0,1,0
1,0,1,0
1,0,1,0
1,0,1,0
1,0,1,0
1,0,1,0
0,1,1,2
1,0,1,0
1,0,1,0
1,0,1,0
0,1,1,1
1,0,1,0
1,0,1,0
1,0,1,0
2,0,2,0
1,0,1,0
1,0,1,0
2,0,2,0
1,0,1,0
1,0,1,0
0,1,1,48
1,0,1,0
1,0,1,0
1,0,1,0
1,0,1,0
1,0,1,0
1,0,1,0
0,1,1,15
1,0,1,0
1,0,1,0
0,1,1,62
2,0,2,0
1,0,1,0
1,0,1,0
1,0,1,0
1,0,1,0
1,0,1,0
0,2,2,5
1,0,1,0
1,0,1,0
1,0,1,0
1,0,1,0
1,0,1,0
1,0,1,0
0,1,1,25
2,0,2,0
1,0,1,0
1,0,1,0
3,0,3,0
1,0,1,0
0,2,2,44
1,0,1,0
1,0,1,0
2,0,2,0
1,0,1,0
3,0,3,0
1,0,1,0
2,0,2,0
1,0,1,0
1,0,1,0
2,0,2,0
3,0,3,0
0,5,5,32
1,0,1,0
0,2,2,4
1,0,1,0
1,0,1,0
1,0,1,0
1,0,1,0
1,0,1,0
7,0,7,0
4,0,4,0
1,0,1,0
1,0,1,0
1,0,1,0
0,1,1,5
1,0,1,0
2,0,2,0
2,0,2,0
1,0,1,0
3,0,3,0
1,0,1,0
1,0,1,0
3,0,3,0
1,0,1,0
1,0,1,0
1,0,1,0
1,0,1,0
1,0,1,0
1,0,1,0
1,0,1,0
1,0,1,0
1,0,1,0
1,0,1,0
2,0,2,0
0,2,2,41
2,0,2,0
1,0,1,0
1,0,1,0
1,0,1,0
0,1,1,0
1,0,1,0
0,1,1,0
1,0,1,0
0,1,1,2
1,0,1,0
1,0,1,0
1,0,1,0
1,0,1,0
1,0,1,0
1,0,1,0
1,0,1,0
1,0,1,0
1,0,1,0
1,0,1,0
1,0,1,0
0,1,1,7
1,0,1,0
1,0,1,0
1,0,1,0
1,0,1,0
0,3,3,28
0,3,3,34
0,1,1,11
2,0,2,0
2,0,2,0
2,0,2,0
3,0,3,0
0,1,1,54
1,0,1,0
0,2,2,39
1,0,1,0
1,0,1,0
2,0,2,0
1,0,1,0
1,0,1,0
1,0,1,0
1,0,1,0
1,0,1,0
4,0,4,0
1,0,1,0
1,0,1,0
1,0,1,0
1,0,1,0
0,2,2,31
2,0,2,0
0,2,2,1
1,0,1,0
2,0,2,0
2,0,2,0
2,0,2,0
3,0,3,0
1,0,1,0
1,0,1,0
1,0,1,0
2,0,2,0
2,0,2,0
0,1,1,5
1,0,1,0
1,0,1,0
1,0,1,0
1,0,1,0
1,0,1,0
0,1,1,37
1,0,1,0
1,0,1,0
1,0,1,0
1,0,1,0
2,0,2,0
1,0,1,0
2,0,2,0
0,1,1,1
1,0,1,0
1,0,1,0
1,0,1,0
0,1,1,16
1,0,1,0
0,2,2,49
2,0,2,0
0,2,2,7
1,0,1,0
0,1,1,16
2,0,2,0
0,1,1,22
1,0,1,0
0,1,1,36
1,0,1,0
1,0,1,0
1,0,1,0
1,0,1,0
1,0,1,0
1,0,1,0
1,0,1,0
1,0,1,0
2,0,2,0
1,0,1,0
1,0,1,0
1,0,1,0
1,0,1,0
1,0,1,0
1,0,1,0
1,0,1,0
0,1,1,69
2,0,2,0
0,3,3,6
1,0,1,0
1,0,1,0
1,0,1,0
1,0,1,0
1,0,1,0
2,0,2,0
0,1,1,20
1,0,1,0
1,0,1,0
1,0,1,0
0,1,1,52
0,2,2,0
1,0,1,0
1,0,1,0
0,1,1,49
1,0,1,0
1,0,1,0
1,0,1,0
0,1,1,132
1,0,1,0
2,0,2,0
1,0,1,0
1,0,1,0
1,0,1,0
2,0,2,0
1,0,1,0
1,0,1,0
1,0,1,0
2,0,2,0
0,1,1,100
2,0,2,0
1,0,1,0
0,2,2,7
1,0,1,0
1,0,1,0
0,2,2,54
0,2,2,3
1,0,1,0
1,0,1,0
1,0,1,0
1,0,1,0
2,0,2,0
2,0,2,0
1,0,1,0
3,0,3,0
2,0,2,0
1,0,1,0
1,0,1,0
1,0,1,0
1,0,1,0
1,0,1,0
0,1,1,10
2,0,2,0
2,0,2,0
1,0,1,0
1,0,1,0
1,0,1,0
1,0,1,0
1,0,1,0
0,1,1,35
2,0,2,0
2,0,2,0
1,0,1,0
0,1,1,10
0,1,1,7
0,1,1,2
2,0,2,0
1,0,1,0
1,0,1,0
0,3,3,1
0,1,1,3
1,0,1,0
1,0,1,0
1,0,1,0
4,0,4,0
0,1,1,0
1,0,1,0
1,0,1,0
1,0,1,0
1,0,1,0
1,0,1,0
1,0,1,0
1,0,1,0
3,0,3,0
0,1,1,0
3,0,3,0
0,1,1,21
1,0,1,0
1,0,1,0
1,0,1,0
1,0,1,0
1,0,1,0
0,1,1,18
1,0,1,0
1,0,1,0
1,0,1,0
1,0,1,0
2,0,2,0
1,0,1,0
1,0,1,0
0,1,1,4
1,0,1,0
1,0,1,0
1,0,1,0
1,0,1,0
1,0,1,0
1,0,1,0
1,0,1,0
0,2,2,8
1,0,1,0
1,0,1,0
1,0,1,0
0,1,1,42
1,0,1,0
1,0,1,0
1,0,1,0
1,0,1,0
1,0,1,0
2,0,2,0
2,0,2,0
1,0,1,0
2,0,2,0
1,0,1,0
1,0,1,0
1,0,1,0
1,0,1,0
1,0,1,0
1,0,1,0
1,0,1,0
0,1,1,7
1,0,1,0
0,2,2,53
1,0,1,0
1,0,1,0
1,0,1,0
1,0,1,0
2,0,2,0
0,1,1,13
4,0,4,0
1,0,1,0
2,0,2,0
1,0,1,0
2,0,2,0
1,0,1,0
2,0,2,0
0,2,2,47
1,0,1,0
1,0,1,0
1,0,1,0
0,2,2,101
1,0,1,0
1,0,1,0
2,0,2,0
1,0,1,0
0,1,1,10
1,0,1,0
2,0,2,0
2,0,2,0
1,0,1,0
1,0,1,0
1,0,1,0
1,0,1,0
0,1,1,17
1,0,1,0
0,2,2,28
1,0,1,0
1,0,1,0
2,0,2,0
0,1,1,3
1,0,1,0
0,1,1,1
1,0,1,0
2,0,2,0
2,0,2,0
1,0,1,0
1,0,1,0
1,0,1,0
2,0,2,0
1,0,1,0
1,0,1,0
1,0,1,0
1,0,1,0
1,0,1,0
1,0,1,0
1,0,1,0
2,0,2,0
1,0,1,0
1,0,1,0
1,0,1,0
3,0,3,0
1,0,1,0
1,0,1,0
2,0,2,0
0,1,1,40
1,0,1,0
1,0,1,0
1,0,1,0
1,0,1,0
2,0,2,0
1,0,1,0
2,0,2,0
0,1,1,2
0,1,1,0
1,0,1,0
0,1,1,9
2,0,2,0
1,0,1,0
1,0,1,0
0,3,3,33
2,0,2,0
0,1,1,39
1,0,1,0
1,0,1,0
1,0,1,0
1,0,1,0
1,0,1,0
0,1,1,1
1,0,1,0
1,0,1,0
2,0,2,0
1,0,1,0
1,0,1,0
3,0,3,0
1,0,1,0
1,0,1,0
0,1,1,30
6,0,6,0
1,0,1,0
1,0,1,0
2,0,2,0
1,0,1,0
0,1,1,16
0,1,1,0
2,0,2,0
2,0,2,0
1,0,1,0
1,0,1,0
1,0,1,0
2,0,2,0
1,0,1,0
0,1,1,18
1,0,1,0
1,0,1,0
1,0,1,0
1,0,1,0
1,0,1,0
3,0,3,0
1,0,1,0
1,0,1,0
1,0,1,0
1,0,1,0
1,0,1,0
1,0,1,0
1,0,1,0
1,0,1,0
1,0,1,0
0,1,1,8
1,0,1,0
0,1,1,4
1,0,1,0
1,0,1,0
1,0,1,0
1,0,1,0
0,1,1,6
1,0,1,0
1,0,1,0
1,0,1,0
0,1,1,22
1,0,1,0
2,0,2,0
1,0,1,0
1,0,1,0
3,0,3,0
1,0,1,0
1,0,1,0
1,0,1,0
2,0,2,0
1,0,1,0
1,0,1,0
1,0,1,0
0,1,1,2
3,0,3,0
1,0,1,0
1,0,1,0
2,0,2,0
1,0,1,0
1,0,1,0
1,0,1,0
1,0,1,0
1,0,1,0
4,0,4,0
0,1,1,77
0,1,1,4
1,0,1,0
1,0,1,0
1,0,1,0
0,1,1,12
2,0,2,0
1,0,1,0
1,0,1,0
2,0,2,0
0,1,1,10
1,0,1,0
2,0,2,0
1,0,1,0
0,1,1,2
1,0,1,0
1,0,1,0
1,0,1,0
1,0,1,0
1,0,1,0
1,0,1,0
1,0,1,0
0,1,1,32
1,0,1,0
1,0,1,0
0,2,2,0
0,1,1,0
1,0,1,0
0,1,1,3
0,1,1,4
1,0,1,0
0,1,1,3
1,0,1,0
1,0,1,0
0,1,1,1
1,0,1,0
1,0,1,0
1,0,1,0
3,0,3,0
1,0,1,0
0,1,1,0
1,0,1,0
1,0,1,0
1,0,1,0
1,0,1,0
2,0,2,0
1,0,1,0
0,1,1,6
0,1,1,18
1,0,1,0
2,0,2,0
1,0,1,0
1,0,1,0
1,0,1,0
1,0,1,0
1,0,1,0
3,0,3,0
3,0,3,0
1,0,1,0
1,0,1,0
1,0,1,0
2,0,2,0
1,0,1,0
0,2,2,11
1,0,1,0
1,0,1,0
1,0,1,0
1,0,1,0
1,0,1,0
1,0,1,0
1,0,1,0
1,0,1,0
0,2,2,5
1,0,1,0
2,0,2,0
2,0,2,0
1,0,1,0
1,0,1,0
0,1,1,110
5,0,5,0
1,0,1,0
2,0,2,0
1,0,1,0
1,0,1,0
1,0,1,0
1,0,1,0
1,0,1,0
0,2,2,93
1,0,1,0
1,0,1,0
1,0,1,0
0,1,1,21
1,0,1,0
1,0,1,0
1,0,1,0
1,0,1,0
1,0,1,0
1,0,1,0
1,0,1,0
1,0,1,0
1,0,1,0
1,0,1,1
1,0,1,0
2,0,2,0
1,0,1,0
1,0,1,0
1,0,1,0
1,0,1,0
0,1,1,0
1,0,1,0
2,0,2,0
1,0,1,0
1,0,1,0
2,0,2,0
1,0,1,0
1,0,1,0
1,0,1,0
1,0,1,0
1,0,1,0
2,0,2,0
1,0,1,0
1,0,1,0
1,0,1,0
2,0,2,0
0,1,1,18
1,0,1,0
1,0,1,0
0,1,1,223
1,0,1,0
0,1,1,12
1,0,1,0
3,0,3,0
3,0,3,0
0,2,2,13
2,0,2,0
1,0,1,0
1,0,1,0
4,0,4,0
1,0,1,0
1,0,1,0
1,0,1,0
0,1,1,12
0,1,1,2
1,0,1,0
1,0,1,0
1,0,1,0
0,1,1,9
1,0,1,0
1,0,1,0
1,0,1,0
1,0,1,0
1,0,1,0
0,2,2,9
1,0,1,0
1,0,1,0
1,0,1,0
1,0,1,0
3,0,3,0
1,0,1,0
1,0,1,0
2,0,2,0
0,1,1,3
1,0,1,0
1,0,1,0
1,0,1,0
2,0,2,0
1,0,1,0
1,0,1,0
0,2,2,0
1,0,1,0
0,1,1,107
0,2,2,1
3,0,3,0
1,0,1,0
1,0,1,0
1,0,1,0
1,0,1,0
1,0,1,0
2,0,2,0
0,2,2,0
0,1,1,37
1,0,1,0
1,0,1,0
1,0,1,0
1,0,1,0
1,0,1,0
1,0,1,0
1,0,1,0
0,1,1,48
0,3,3,0
2,0,2,0
3,0,3,0
0,1,1,3
1,0,1,0
0,1,1,2
1,0,1,0
6,0,6,0
1,0,1,0
1,0,1,0
1,0,1,0
1,0,1,0
1,0,1,0
0,1,1,0
0,1,1,12
1,0,1,0
1,0,1,0
1,0,1,0
1,0,1,0
0,1,1,0
1,0,1,0
0,3,3,3
1,0,1,0
1,0,1,0
1,0,1,0
1,0,1,0
1,0,1,0
1,0,1,0
0,1,1,1
1,0,1,0
1,0,1,0
0,1,1,1
2,0,2,0
0,1,1,8
1,0,1,0
1,0,1,0
1,0,1,0
1,0,1,0
1,0,1,0
1,0,1,0
0,1,1,0
1,0,1,0
1,0,1,0
1,0,1,0
1,0,1,0
1,0,1,0
1,0,1,0
1,0,1,0
2,0,2,0
1,0,1,0
2,0,2,0
1,0,1,0
1,0,1,0
1,0,1,0
1,0,1,0
0,1,1,23
0,1,1,62
1,0,1,0
1,0,1,0
1,0,1,0
1,0,1,0
0,1,1,7
2,0,2,0
1,0,1,0
1,0,1,0
1,0,1,0
0,1,1,14
1,0,1,0
1,0,1,0
1,0,1,0
0,4,4,72
1,0,1,0
4,0,4,0
1,0,1,0
1,0,1,0
1,0,1,0
1,0,1,0
1,0,1,0
0,1,1,6
1,0,1,0
1,0,1,0
0,2,2,9
1,0,1,0
0,1,1,2
2,0,2,0
1,0,1,0
2,0,2,0
1,0,1,0
2,0,2,0
1,0,1,0
1,0,1,0
1,0,1,0
1,0,1,0
0,3,3,2
1,0,1,0
1,0,1,0
1,0,1,0
1,0,1,0
1,0,1,0
3,0,3,0
1,0,1,0
2,0,2,0
1,0,1,0
1,0,1,0
0,1,1,3
1,0,1,0
1,0,1,0
1,0,1,0
1,0,1,0
2,0,2,0
1,0,1,0
1,0,1,0
1,0,1,0
1,0,1,0
1,0,1,0
1,0,1,0
0,1,1,13
1,0,1,0
1,0,1,0
1,0,1,0
1,0,1,0
1,0,1,0
1,0,1,0
0,1,1,0
1,0,1,0
1,0,1,0
1,0,1,0
0,2,2,17
1,0,1,0
1,0,1,0
2,0,2,0
1,0,1,0
1,0,1,0
2,0,2,0
2,0,2,0
1,0,1,0
1,0,1,0
1,0,1,0
1,0,1,0
1,0,1,0
1,0,1,0
2,0,2,0
0,1,1,1
1,0,1,0
1,0,1,0
0,1,1,10
1,0,1,0
1,0,1,0
1,0,1,0
1,0,1,0
0,1,1,11
3,0,3,0
0,1,1,2
1,0,1,0
1,0,1,0
0,1,1,24
1,0,1,0
1,0,1,0
0,2,2,1
0,1,1,31
4,0,4,0
1,0,1,0
1,0,1,0
1,0,1,0
1,0,1,0
0,1,1,0
1,0,1,0
2,0,2,0
0,1,1,2
1,0,1,0
0,1,1,1
1,0,1,0
1,0,1,0
1,0,1,0
2,0,2,0
1,0,1,0
1,0,1,0
2,0,2,0
1,0,1,0
1,0,1,0
0,2,2,0
1,0,1,0
1,0,1,0
0,1,1,49
2,0,2,0
1,0,1,0
1,0,1,0
3,0,3,0
0,2,2,22
0,1,1,0
0,1,1,21
2,0,2,0
1,0,1,0
0,1,1,0
1,0,1,0
1,0,1,0
1,0,1,0
1,0,1,0
1,0,1,0
3,0,3,0
3,0,3,0
1,0,1,0
0,1,1,8
0,1,1,8
0,2,2,32
1,0,1,0
1,0,1,0
1,0,1,0
1,0,1,0
0,1,1,17
1,0,1,0
1,0,1,0
1,0,1,0
1,0,1,0
1,0,1,0
3,0,3,0
1,0,1,0
1,0,1,0
0,1,1,63
0,1,1,38
1,0,1,0
3,0,3,0
1,0,1,0
1,0,1,0
1,0,1,0
1,0,1,0
1,0,1,0
1,0,1,0
1,0,1,0
0,2,2,0
1,0,1,0
1,0,1,0
1,0,1,0
1,0,1,0
2,0,2,0
2,0,2,0
2,0,2,0
1,0,1,0
2,0,2,0
1,0,1,0
1,0,1,0
1,0,1,0
1,0,1,0
1,0,1,0
2,0,2,0
1,0,1,0
1,0,1,0
0,1,1,43
2,0,2,0
2,0,2,0
1,0,1,0
2,0,2,0
1,0,1,0
1,0,1,0
1,0,1,0
1,0,1,0
2,0,2,0
1,0,1,0
2,0,2,0
1,0,1,0
1,0,1,0
1,0,1,0
1,0,1,0
1,0,1,0
1,0,1,0
2,0,2,0
1,0,1,0
1,0,1,0
1,0,1,0
2,0,2,0
1,0,1,0
1,0,1,0
1,0,1,0
1,0,1,0
1,0,1,0
2,0,2,0
0,6,6,10
1,0,1,0
2,0,2,0
1,0,1,0
1,0,1,0
1,0,1,0
1,0,1,0
1,0,1,0
1,0,1,0
1,0,1,0
1,0,1,0
0,1,1,16
0,1,1,0
1,0,1,0
1,0,1,0
3,0,3,0
1,0,1,0
0,1,1,6
0,1,1,36
1,0,1,0
1,0,1,0
1,0,1,0
0,1,1,0
4,0,4,0
1,0,1,0
5,0,5,0
1,0,1,0
1,0,1,0
1,0,1,0
0,1,1,3
1,0,1,0
1,0,1,0
0,1,1,2
1,0,1,0
1,0,1,0
1,0,1,0
1,0,1,0
1,0,1,0
1,0,1,0
1,0,1,0
2,0,2,0
1,0,1,0
1,0,1,0
1,0,1,0
2,0,2,0
0,1,1,14
1,0,1,0
1,0,1,0
1,0,1,0
0,2,2,25
0,4,4,5
1,0,1,0
2,0,2,0
0,5,5,18
1,0,1,0
0,1,1,56
1,0,1,0
1,0,1,0
1,0,1,0
1,0,1,0
1,0,1,0
0,3,3,8
1,0,1,0
1,0,1,0
0,2,2,67
0,1,1,2
1,0,1,0
1,0,1,0
1,0,1,0
1,0,1,0
0,4,4,1
2,0,2,0
1,0,1,0
1,0,1,0
1,0,1,0
1,0,1,0
1,0,1,0
1,0,1,0
1,0,1,0
0,2,2,12
1,0,1,0
1,0,1,0
1,0,1,0
1,0,1,0
1,0,1,0
0,1,1,67
0,1,1,4
1,0,1,0
1,0,1,0
1,0,1,0
0,1,1,2
1,0,1,0
1,0,1,0
0,1,1,2
1,0,1,0
1,0,1,0
1,0,1,0
1,0,1,0
0,1,1,1
1,0,1,0
1,0,1,0
1,0,1,0
0,1,1,10
0,1,1,8
1,0,1,0
1,0,1,0
1,0,1,0
0,1,1,0
1,0,1,0
1,0,1,0
1,0,1,0
1,0,1,0
1,0,1,0
1,0,1,0
1,0,1,0
1,0,1,0
1,0,1,0
1,0,1,0
1,0,1,0
0,2,2,7
2,0,2,0
1,0,1,0
1,0,1,0
1,0,1,0
3,0,3,0
1,0,1,0
4,0,4,0
1,0,1,0
0,2,2,0
0,1,1,3
1,0,1,0
2,0,2,0
1,0,1,0
1,0,1,0
0,1,1,2
1,0,1,0
1,0,1,0
1,0,1,0
0,1,1,55
0,1,1,1
0,1,1,10
1,0,1,0
1,0,1,0
1,0,1,0
1,0,1,0
0,2,2,1
1,0,1,0
1,0,1,0
1,0,1,0
4,0,4,0
1,0,1,0
1,0,1,0
1,0,1,0
1,0,1,0
1,0,1,0
1,0,1,0
1,0,1,0
1,0,1,0
1,0,1,0
1,0,1,0
1,0,1,0
4,0,4,0
1,0,1,0
1,0,1,0
1,0,1,0
3,0,3,0
1,0,1,0
1,0,1,0
0,1,1,0
1,0,1,0
1,0,1,0
1,0,1,0
2,0,2,0
0,1,1,45
4,0,4,0
1,0,1,0
2,0,2,0
0,1,1,20
1,0,1,0
0,1,1,0
2,0,2,0
2,0,2,0
1,0,1,0
1,0,1,0
1,0,1,0
0,1,1,1
2,0,2,0
1,0,1,0
1,0,1,0
1,0,1,0
1,0,1,0
1,0,1,0
2,0,2,0
1,0,1,0
1,0,1,0
1,0,1,0
1,0,1,0
1,0,1,0
1,0,1,0
1,0,1,0
1,0,1,0
1,0,1,0
1,0,1,0
1,0,1,0
1,0,1,0
1,0,1,0
3,0,3,0
1,0,1,0
2,0,2,0
1,0,1,0
1,0,1,0
1,0,1,0
1,0,1,0
1,0,1,0
1,0,1,0
1,0,1,0
2,0,2,0
1,0,1,0
1,0,1,0
1,0,1,0
1,0,1,0
0,1,1,8
1,0,1,0
1,0,1,0
1,0,1,0
1,0,1,0
1,0,1,0
1,0,1,0
0,1,1,12
3,0,3,0
1,0,1,0
1,0,1,0
1,0,1,0
1,0,1,0
1,0,1,0
0,1,1,0
1,0,1,0
1,0,1,0
0,1,1,31
3,0,3,0
1,0,1,0
0,2,2,30
1,0,1,0
1,0,1,0
3,0,3,0
0,1,1,0
1,0,1,0
1,0,1,0
1,0,1,0
2,0,2,0
2,0,2,0
1,0,1,0
1,0,1,0
1,0,1,0
1,0,1,0
0,3,3,46
1,0,1,0
1,0,1,0
1,0,1,0
1,0,1,0
1,0,1,0
1,0,1,0
0,1,1,17
1,0,1,0
1,0,1,0
1,0,1,0
1,0,1,0
1,0,1,0
1,0,1,0
1,0,1,0
4,0,4,0
2,0,2,0
2,0,2,0
1,0,1,0
1,0,1,0
1,0,1,0
0,1,1,4
0,2,2,3
0,1,1,7
1,0,1,0
0,1,1,8
1,0,1,0
1,0,1,0
0,1,1,0
1,0,1,0
1,0,1,0
1,0,1,0
1,0,1,0
1,0,1,0
1,0,1,0
1,0,1,0
1,0,1,0
1,0,1,0
1,0,1,0
2,0,2,0
1,0,1,0
1,0,1,0
3,0,3,0
1,0,1,0
0,2,2,35
2,0,2,0
1,0,1,0
1,0,1,0
5,0,5,0
1,0,1,0
1,0,1,0
1,0,1,0
1,0,1,0
0,1,1,3
0,2,2,1
1,0,1,0
1,0,1,0
1,0,1,0
1,0,1,0
1,0,1,0
1,0,1,0
1,0,1,0
1,0,1,0
1,0,1,0
1,0,1,0
1,0,1,0
1,0,1,0
1,0,1,0
1,0,1,0
0,1,1,4
0,2,2,0
2,0,2,0
0,2,2,4
1,0,1,0
1,0,1,0
1,0,1,0
2,0,2,0
1,0,1,0
1,0,1,0
1,0,1,0
1,0,1,0
1,0,1,0
2,0,2,0
1,0,1,0
1,0,1,0
1,0,1,0
2,0,2,0
1,0,1,0
1,0,1,0
0,1,1,13
0,6,6,8
1,0,1,0
0,1,1,11
1,0,1,0
1,0,1,0
1,0,1,0
1,0,1,0
2,0,2,0
1,0,1,0
1,0,1,0
1,0,1,0
2,0,2,0
1,0,1,0
1,0,1,0
1,0,1,0
1,0,1,0
1,0,1,0
0,1,1,33
1,0,1,0
1,0,1,0
2,0,2,0
1,0,1,0
2,0,2,0
0,1,1,15
1,0,1,0
1,0,1,0
1,0,1,0
1,0,1,0
0,1,1,4
1,0,1,0
0,1,1,71
1,0,1,0
1,0,1,0
1,0,1,0
0,1,1,7
1,0,1,0
0,1,1,1
1,0,1,0
0,1,1,0
1,0,1,0
1,0,1,0
0,1,1,45
1,0,1,0
0,1,1,43
1,0,1,0
1,0,1,0
1,0,1,0
1,0,1,0
1,0,1,0
1,0,1,0
3,0,3,0
1,0,1,0
1,0,1,0
1,0,1,0
2,0,2,0
1,0,1,0
1,0,1,0
0,1,1,13
1,0,1,0
1,0,1,0
3,0,3,0
1,0,1,0
2,0,2,0
1,0,1,0
1,0,1,0
1,0,1,0
0,2,2,0
1,0,1,0
1,0,1,0
0,1,1,2
1,0,1,0
1,0,1,0
1,0,1,0
1,0,1,0
1,0,1,0
2,0,2,0
1,0,1,0
1,0,1,0
1,0,1,0
2,0,2,0
1,0,1,0
1,0,1,0
1,0,1,0
1,0,1,0
1,0,1,0
1,0,1,0
1,0,1,0
0,1,1,12
1,0,1,0
2,0,2,0
1,0,1,0
1,0,1,0
1,0,1,0
0,1,1,3
2,0,2,14
3,0,3,0
0,1,1,50
1,0,1,0
1,0,1,0
1,0,1,0
2,0,2,0
1,0,1,0
2,0,2,0
1,0,1,0
1,0,1,0
1,0,1,0
1,0,1,0
0,2,2,17
0,1,1,7
1,0,1,0
2,0,2,0
1,0,1,0
1,0,1,0
1,0,1,0
0,1,1,39
1,0,1,0
2,0,2,0
1,0,1,0
2,0,2,0
2,0,2,0
1,0,1,0
0,1,1,25
1,0,1,0
0,1,1,92
1,0,1,0
2,0,2,0
1,0,1,0
0,1,1,5
3,0,3,0
1,0,1,0
0,1,1,131
1,0,1,0
1,0,1,0
1,0,1,0
2,0,2,0
2,0,2,0
1,0,1,0
1,0,1,0
1,0,1,0
1,0,1,0
1,0,1,0
1,0,1,0
1,0,1,0
1,0,1,0
3,0,3,0
2,0,2,0
1,0,1,0
2,0,2,0
1,0,1,0
1,0,1,0
1,0,1,0
1,0,1,0
2,0,2,0
1,0,1,0
1,0,1,0
3,0,3,0
1,0,1,0
1,0,1,0
1,0,1,0
1,0,1,0
1,0,1,0
0,1,1,0
1,0,1,0
0,1,1,4
2,0,2,0
1,0,1,0
1,0,1,0
1,0,1,0
3,0,3,0
0,1,1,108
0,1,1,2
1,0,1,0
1,0,1,0
1,0,1,0
1,0,1,0
1,0,1,0
2,0,2,0
1,0,1,0
2,0,2,0
0,1,1,5
1,0,1,0
1,0,1,0
1,0,1,0
1,0,1,0
1,0,1,0
1,0,1,0
3,0,3,0
0,1,1,0
1,0,1,0
1,0,1,0
0,1,1,7
0,2,2,48
2,0,2,0
1,0,1,0
3,0,3,0
1,0,1,0
1,0,1,0
1,0,1,0
1,0,1,0
1,0,1,0
2,0,2,0
1,0,1,0
0,1,1,4
1,0,1,0
1,0,1,0
1,0,1,0
0,1,1,36
1,0,1,0
1,0,1,0
1,0,1,0
0,2,2,2
1,0,1,0
1,0,1,0
1,0,1,0
0,1,1,23
1,0,1,0
1,0,1,0
1,0,1,0
1,0,1,0
1,0,1,0
2,0,2,0
2,0,2,0
0,1,1,3
2,0,2,0
2,0,2,0
1,0,1,0
0,1,1,30
0,1,1,30
1,0,1,0
1,0,1,0
1,0,1,0
1,0,1,0
1,0,1,0
1,0,1,0
1,0,1,0
1,0,1,0
1,0,1,0
0,1,1,0
0,1,1,29
0,2,2,1
1,0,1,0
2,0,2,0
1,0,1,0
1,0,1,0
1,0,1,0
1,0,1,0
0,3,3,0
1,0,1,0
0,1,1,20
1,0,1,0
0,1,1,4
1,0,1,0
1,0,1,0
1,0,1,0
1,0,1,0
3,0,3,0
1,0,1,0
1,0,1,0
1,0,1,0
1,0,1,0
1,0,1,0
1,0,1,0
2,0,2,0
1,0,1,0
4,0,4,0
2,0,2,0
0,1,1,57
1,0,1,0
1,0,1,0
1,0,1,0
1,0,1,0
1,0,1,0
1,0,1,0
2,0,2,0
1,0,1,0
1,0,1,0
1,0,1,0
1,0,1,0
0,1,1,71
1,0,1,0
2,0,2,0
1,0,1,0
1,0,1,0
2,0,2,0
1,0,1,0
0,1,1,3
1,0,1,0
1,0,1,0
1,0,1,0
3,0,3,0
1,0,1,0
1,0,1,0
1,0,1,0
1,0,1,0
1,0,1,0
0,1,1,68
1,0,1,0
1,0,1,0
0,2,2,22
0,1,1,17
2,0,2,0
1,0,1,0
1,0,1,0
0,1,1,15
3,0,3,0
1,0,1,0
1,0,1,0
4,0,4,0
0,1,1,1
1,0,1,0
1,0,1,0
0,3,3,56
1,0,1,0
1,0,1,0
2,0,2,0
1,0,1,0
3,0,3,0
3,0,3,0
1,0,1,0
1,0,1,0
1,0,1,0
0,5,5,2
0,1,1,2
2,0,2,0
0,1,1,32
2,0,2,0
1,0,1,0
1,0,1,0
2,0,2,0
2,0,2,0
1,0,1,0
1,0,1,0
1,0,1,0
1,0,1,0
1,0,1,0
1,0,1,0
1,0,1,0
1,0,1,0
1,0,1,0
0,1,1,11
0,1,1,28
0,1,1,19
1,0,1,0
1,0,1,0
2,0,2,0
0,1,1,39
1,0,1,0
1,0,1,0
1,0,1,0
1,0,1,0
2,0,2,0
2,0,2,0
1,0,1,0
1,0,1,0
1,0,1,0
1,0,1,0
2,0,2,0
0,1,1,0
1,0,1,0
2,0,2,0
0,1,1,18
0,1,1,1
0,1,1,18
1,0,1,0
1,0,1,0
1,0,1,0
1,0,1,0
1,0,1,0
1,0,1,0
1,0,1,0
1,0,1,0
1,0,1,0
1,0,1,0
2,0,2,0
1,0,1,0
1,0,1,0
3,0,3,0
1,0,1,0
1,0,1,0
0,1,1,2
0,1,1,17
2,0,2,0
1,0,1,0
1,0,1,0
3,0,3,0
0,1,1,3
1,0,1,0
1,0,1,0
0,1,1,33
1,0,1,0
1,0,1,0
0,2,2,4
3,0,3,0
1,0,1,0
1,0,1,0
0,1,1,10
0,1,1,12
1,0,1,0
0,1,1,9
0,1,1,0
2,0,2,0
4,0,4,0
1,0,1,0
1,0,1,0
1,0,1,0
0,1,1,17
1,0,1,0
0,2,2,5
1,0,1,0
2,0,2,0
1,0,1,0
1,0,1,0
0,2,2,41
1,0,1,0
0,1,1,1
1,0,1,0
0,1,1,17
1,0,1,0
1,0,1,0
0,1,1,96
1,0,1,0
1,0,1,0
1,0,1,0
1,0,1,0
1,0,1,0
0,1,1,65
2,0,2,0
2,0,2,0
1,0,1,0
1,0,1,0
2,0,2,0
1,0,1,0
1,0,1,0
1,0,1,0
1,0,1,0
1,0,1,0
1,0,1,0
1,0,1,0
2,0,2,0
2,0,2,0
1,0,1,0
0,1,1,35
1,0,1,0
0,1,1,6
1,0,1,0
2,0,2,0
1,0,1,0
2,0,2,0
1,0,1,0
0,1,1,20
0,1,1,55
1,0,1,0
1,0,1,0
1,0,1,0
1,0,1,0
1,0,1,0
0,1,1,2
0,1,1,0
1,0,1,0
3,0,3,0
2,0,2,0
1,0,1,0
1,0,1,0
1,0,1,0
1,0,1,0
1,0,1,0
1,0,1,0
1,0,1,0
1,0,1,0
1,0,1,0
1,0,1,0
1,0,1,0
0,1,1,0
1,0,1,0
1,0,1,0
1,0,1,0
1,0,1,0
1,0,1,0
1,0,1,0
1,0,1,0
1,0,1,0
2,0,2,0
2,0,2,0
0,2,2,1
1,0,1,0
1,0,1,0
1,0,1,0
1,0,1,0
1,0,1,0
2,0,2,0
1,0,1,0
1,0,1,0
1,0,1,0
0,2,2,2
1,0,1,0
1,0,1,0
1,0,1,0
2,0,2,0
1,0,1,0
0,1,1,62
1,0,1,0
2,0,2,0
1,0,1,0
1,0,1,0
3,0,3,0
1,0,1,0
1,0,1,0
1,0,1,0
1,0,1,0
0,1,1,0
1,0,1,0
1,0,1,0
1,0,1,0
1,0,1,0
1,0,1,0
1,0,1,0
1,0,1,0
1,0,1,0
1,0,1,0
1,0,1,0
1,0,1,0
1,0,1,0
1,0,1,0
1,0,1,0
1,0,1,0
1,0,1,0
1,0,1,0
3,0,3,0
1,0,1,0
1,0,1,0
0,1,1,8
1,0,1,0
1,0,1,0
1,0,1,0
2,0,2,0
1,0,1,0
1,0,1,0
1,0,1,0
1,0,1,0
1,0,1,0
1,0,1,0
1,0,1,0
4,0,4,0
2,0,2,0
2,0,2,0
2,0,2,0
0,1,1,0
0,1,1,1
6,0,6,0
0,1,1,14
1,0,1,0
1,0,1,0
0,1,1,91
1,0,1,0
1,0,1,0
1,0,1,0
1,0,1,0
1,0,1,0
1,0,1,0
1,0,1,0
1,0,1,0
0,1,1,14
1,0,1,0
1,0,1,0
1,0,1,0
1,0,1,0
1,0,1,0
1,0,1,0
1,0,1,0
1,0,1,0
0,1,1,9
1,0,1,0
1,0,1,0
0,1,1,0
1,0,1,0
1,0,1,0
1,0,1,0
1,0,1,0
1,0,1,0
1,0,1,0
2,0,2,0
1,0,1,0
1,0,1,0
1,0,1,0
1,0,1,0
1,0,1,0
1,0,1,0
4,0,4,0
1,0,1,0
1,0,1,0
0,2,2,1
0,1,1,0
0,1,1,22
1,0,1,0
1,0,1,0
1,0,1,0
1,0,1,0
1,0,1,0
1,0,1,0
1,0,1,0
1,0,1,0
1,0,1,0
1,0,1,0
1,0,1,0
1,0,1,0
1,0,1,0
1,0,1,0
2,0,2,0
1,0,1,0
1,0,1,0
1,0,1,0
4,0,4,0
1,0,1,0
1,0,1,0
1,0,1,0
0,1,1,109
0,1,1,5
1,0,1,0
1,0,1,0
1,0,1,0
0,1,1,3
1,0,1,0
1,0,1,0
1,0,1,0
1,0,1,0
3,0,3,0
1,0,1,0
1,0,1,0
1,0,1,0
0,2,2,1
1,0,1,0
1,0,1,0
1,0,1,0
1,0,1,0
2,0,2,0
1,0,1,0
0,1,1,77
1,0,1,0
2,0,2,0
1,0,1,0
2,0,2,0
1,0,1,0
1,0,1,0
1,0,1,0
4,0,4,0
5,0,5,0
1,0,1,0
0,1,1,2
2,0,2,0
2,0,2,0
1,0,1,0
0,3,3,1
2,0,2,0
1,0,1,0
0,3,3,18
1,0,1,0
1,0,1,0
1,0,1,0
1,0,1,0
1,0,1,0
1,0,1,0
0,3,3,43
1,0,1,0
0,1,1,9
0,1,1,5
0,1,1,6
1,0,1,0
1,0,1,0
1,0,1,0
0,1,1,28
0,2,2,5
2,0,2,0
1,0,1,0
0,1,1,24
1,0,1,0
1,0,1,0
0,1,1,9
1,0,1,0
2,0,2,0
1,0,1,0
2,0,2,0
1,0,1,0
0,1,1,10
5,0,5,0
3,0,3,0
2,0,2,0
1,0,1,0
1,0,1,0
1,0,1,0
1,0,1,0
1,0,1,0
2,0,2,0
1,0,1,0
0,1,1,23
1,0,1,0
1,0,1,0
1,0,1,0
1,0,1,0
0,3,3,12
1,0,1,0
1,0,1,0
1,0,1,0
1,0,1,0
1,0,1,0
1,0,1,0
0,1,1,0
2,0,2,0
0,1,1,9
0,1,1,63
1,0,1,0
1,0,1,0
1,0,1,0
1,0,1,0
2,0,2,0
2,0,2,0
1,0,1,0
1,0,1,0
2,0,2,0
1,0,1,0
1,0,1,0
2,0,2,0
1,0,1,0
1,0,1,0
1,0,1,0
1,0,1,0
1,0,1,0
0,1,1,0
2,0,2,0
1,0,1,0
1,0,1,0
1,0,1,0
3,0,3,0
1,0,1,0
1,0,1,0
2,0,2,0
1,0,1,0
1,0,1,0
3,0,3,0
1,0,1,0
1,0,1,0
3,0,3,0
1,0,1,0
1,0,1,0
1,0,1,0
1,0,1,0
2,0,2,0
1,0,1,0
0,2,2,0
1,0,1,0
1,0,1,0
2,0,2,0
1,0,1,0
1,0,1,0
1,0,1,0
1,0,1,0
1,0,1,0
1,0,1,0
1,0,1,0
1,0,1,0
1,0,1,0
1,0,1,0
1,0,1,0
1,0,1,0
1,0,1,0
1,0,1,0
1,0,1,0
1,0,1,0
8,0,8,0
1,0,1,0
1,0,1,0
1,0,1,0
1,0,1,0
1,0,1,0
1,0,1,0
1,0,1,0
1,0,1,0
0,1,1,19
1,0,1,0
1,0,1,0
1,0,1,0
1,0,1,0
1,0,1,0
1,0,1,0
1,0,1,0
1,0,1,0
1,0,1,0
0,2,2,2
1,0,1,0
2,0,2,0
1,0,1,0
1,0,1,0
2,0,2,0
1,0,1,0
1,0,1,0
2,0,2,0
0,3,3,115
0,1,1,9
1,0,1,0
1,0,1,0
1,0,1,0
1,0,1,0
1,0,1,0
1,0,1,0
0,1,1,32
1,0,1,0
2,0,2,0
1,0,1,0
1,0,1,0
1,0,1,0
1,0,1,0
1,0,1,0
1,0,1,0
1,0,1,0
1,0,1,0
1,0,1,0
1,0,1,0
0,2,2,8
1,0,1,0
1,0,1,0
3,0,3,0
1,0,1,0
1,0,1,0
1,0,1,0
1,0,1,0
1,0,1,0
0,1,1,73
0,1,1,14
1,0,1,0
2,0,2,0
2,0,2,0
2,0,2,0
1,0,1,0
1,0,1,0
1,0,1,0
1,0,1,0
1,0,1,0
2,0,2,0
1,0,1,0
1,0,1,0
1,0,1,0
1,0,1,0
1,0,1,0
1,0,1,0
1,0,1,0
1,0,1,0
1,0,1,0
2,0,2,0
1,0,1,0
1,0,1,0
1,0,1,0
1,0,1,0
1,0,1,0
1,0,1,0
0,1,1,14
1,0,1,0
1,0,1,0
1,0,1,0
1,0,1,0
0,1,1,3
0,2,2,4
1,0,1,0
1,0,1,0
1,0,1,0
2,0,2,0
0,1,1,3
1,0,1,0
1,0,1,0
1,0,1,0
1,0,1,0
1,0,1,0
1,0,1,0
0,2,2,36
1,0,1,0
1,0,1,0
1,0,1,0
1,0,1,0
1,0,1,0
1,0,1,0
0,1,1,8
0,1,1,10
1,0,1,0
1,0,1,0
1,0,1,0
0,2,2,1
1,0,1,0
1,0,1,0
0,1,1,0
1,0,1,0
1,0,1,0
1,0,1,0
1,0,1,0
0,1,1,5
1,0,1,0
1,0,1,0
2,0,2,0
0,1,1,69
1,0,1,0
0,2,2,29
1,0,1,0
0,1,1,10
1,0,1,0
1,0,1,0
1,0,1,0
1,0,1,0
1,0,1,0
1,0,1,0
1,0,1,0
1,0,1,0
1,0,1,0
1,0,1,0
1,0,1,0
1,0,1,0
1,0,1,0
1,0,1,0
1,0,1,0
2,0,2,0
0,1,1,5
1,0,1,0
0,1,1,3
1,0,1,0
1,0,1,0
2,0,2,0
1,0,1,0
1,0,1,0
1,0,1,0
2,0,2,0
0,1,1,11
1,0,1,0
1,0,1,0
1,0,1,0
1,0,1,0
1,0,1,0
2,0,2,0
1,0,1,0
1,0,1,0
1,0,1,0
1,0,1,0
1,0,1,0
1,0,1,0
1,0,1,0
1,0,1,0
2,0,2,0
1,0,1,0
0,2,2,31
1,0,1,0
1,0,1,0
0,1,1,20
2,0,2,0
1,0,1,0
2,0,2,0
1,0,1,0
0,1,1,3
0,1,1,59
1,0,1,0
1,0,1,0
1,0,1,0
1,0,1,0
0,1,1,10
2,0,2,0
2,0,2,0
0,1,1,24
1,0,1,0
1,0,1,0
1,0,1,0
2,0,2,0
1,0,1,0
1,0,1,0
0,1,1,15
1,0,1,0
1,0,1,0
1,0,1,0
0,2,2,31
1,0,1,0
1,0,1,0
2,0,2,0
1,0,1,0
1,0,1,0
1,0,1,0
1,0,1,0
1,0,1,0
1,0,1,0
1,0,1,0
0,1,1,15
1,0,1,0
1,0,1,0
1,0,1,0
1,0,1,0
0,1,1,77
0,1,1,0
1,0,1,0
0,1,1,21
1,0,1,0
1,0,1,0
1,0,1,0
2,0,2,0
2,0,2,0
1,0,1,0
1,0,1,0
4,0,4,0
4,0,4,0
1,0,1,0
1,0,1,0
1,0,1,0
1,0,1,0
1,0,1,0
1,0,1,0
1,0,1,0
2,0,2,0
0,2,2,18
1,0,1,0
1,0,1,0
0,1,1,9
0,5,5,11
1,0,1,0
0,1,1,13
1,0,1,0
1,0,1,0
3,0,3,0
0,1,1,6
1,0,1,0
1,0,1,0
1,0,1,0
1,0,1,0
1,0,1,0
1,0,1,0
1,0,1,0
0,1,1,5
1,0,1,0
1,0,1,0
1,0,1,0
2,0,2,0
2,0,2,0
2,0,2,0
1,0,1,0
1,0,1,0
1,0,1,0
1,0,1,0
0,1,1,15
0,2,2,33
1,0,1,0
1,0,1,0
1,0,1,0
2,0,2,0
1,0,1,0
1,0,1,0
0,2,2,0
1,0,1,0
1,0,1,0
1,0,1,0
1,0,1,0
2,0,2,0
1,0,1,0
1,0,1,0
1,0,1,0
1,0,1,0
1,0,1,0
1,0,1,0
4,0,4,0
1,0,1,0
1,0,1,0
3,0,3,0
1,0,1,0
1,0,1,0
1,0,1,0
1,0,1,0
1,0,1,0
1,0,1,0
1,0,1,0
0,1,1,44
1,0,1,0
0,1,1,0
1,0,1,0
2,0,2,0
1,0,1,0
1,0,1,0
2,0,2,0
1,0,1,0
1,0,1,0
1,0,1,0
1,0,1,0
1,0,1,0
0,2,2,2
1,0,1,0
1,0,1,0
1,0,1,0
0,1,1,4
2,0,2,0
1,0,1,0
1,0,1,0
1,0,1,0
1,0,1,0
2,0,2,0
0,1,1,8
1,0,1,0
1,0,1,0
1,0,1,0
1,0,1,0
1,0,1,0
1,0,1,0
0,1,1,10
1,0,1,0
1,0,1,0
0,1,1,1
1,0,1,0
1,0,1,0
1,0,1,0
0,1,1,9
2,0,2,0
1,0,1,0
0,1,1,19
1,0,1,0
1,0,1,0
0,1,1,79
2,0,2,0
1,0,1,0
2,0,2,0
1,0,1,0
1,0,1,0
1,0,1,0
5,0,5,0
1,0,1,0
0,2,2,4
1,0,1,0
1,0,1,0
1,0,1,0
2,0,2,0
0,1,1,1
1,0,1,0
0,1,1,6
1,0,1,0
1,0,1,0
1,0,1,0
1,0,1,0
0,1,1,9
1,0,1,0
3,0,3,0
0,1,1,0
1,0,1,0
0,1,1,2
1,0,1,0
1,0,1,0
1,0,1,0
1,0,1,0
1,0,1,0
1,0,1,0
1,0,1,0
1,0,1,0
0,1,1,17
1,0,1,0
1,0,1,0
1,0,1,0
1,0,1,0
0,5,5,6
1,0,1,0
1,0,1,0
1,0,1,0
1,0,1,0
2,0,2,0
1,0,1,0
2,0,2,0
1,0,1,0
1,0,1,0
0,2,2,0
11,0,11,0
2,0,2,0
0,1,1,21
1,0,1,0
1,0,1,0
1,0,1,0
1,0,1,0
0,1,1,1
1,0,1,0
1,0,1,0
1,0,1,0
1,0,1,0
1,0,1,0
2,0,2,0
1,0,1,0
1,0,1,0
1,0,1,0
3,0,3,0
4,0,4,0
1,0,1,0
2,0,2,0
1,0,1,0
0,1,1,88
1,0,1,0
1,0,1,0
0,1,1,19
1,0,1,0
1,0,1,0
1,0,1,0
1,0,1,0
2,0,2,0
1,0,1,0
1,0,1,0
1,0,1,0
0,1,1,7
1,0,1,0
1,0,1,0
0,1,1,7
1,0,1,0
1,0,1,0
1,0,1,0
5,0,5,0
1,0,1,0
2,0,2,0
4,0,4,0
1,0,1,0
1,0,1,0
1,0,1,0
1,0,1,0
1,0,1,0
1,0,1,0
1,0,1,0
0,2,2,5
2,0,2,0
1,0,1,0
4,0,4,0
0,2,2,15
1,0,1,0
2,0,2,0
0,1,1,29
1,0,1,0
1,0,1,0
1,0,1,0
0,4,4,26
1,0,1,0
2,0,2,0
1,0,1,0
1,0,1,0
1,0,1,0
1,0,1,0
1,0,1,0
1,0,1,0
2,0,2,0
1,0,1,0
2,0,2,0
3,0,3,0
1,0,1,0
0,1,1,70
1,0,1,0
1,0,1,0
1,0,1,0
0,2,2,2
1,0,1,0
1,0,1,0
1,0,1,0
0,1,1,5
0,1,1,156
1,0,1,0
1,0,1,0
1,0,1,0
3,0,3,0
1,0,1,0
0,1,1,1
1,0,1,0
0,1,1,1
1,0,1,0
1,0,1,0
1,0,1,0
0,2,2,26
1,0,1,0
1,0,1,0
0,1,1,6
1,0,1,0
0,1,1,25
1,0,1,0
2,0,2,0
1,0,1,0
1,0,1,0
1,0,1,0
1,0,1,0
0,3,3,13
1,0,1,0
0,1,1,0
0,1,1,18
1,0,1,0
2,0,2,0
1,0,1,0
1,0,1,0
1,0,1,0
1,0,1,0
1,0,1,0
1,0,1,0
1,0,1,0
1,0,1,0
1,0,1,0
0,2,2,11
1,0,1,0
1,0,1,0
1,0,1,0
1,0,1,0
1,0,1,0
1,0,1,0
1,0,1,0
1,0,1,0
1,0,1,0
1,0,1,0
1,0,1,0
0,2,2,21
2,0,2,0
1,0,1,0
1,0,1,0
0,1,1,2
0,2,2,16
1,0,1,0
1,0,1,0
1,0,1,0
1,0,1,0
1,0,1,0
1,0,1,0
1,0,1,0
3,0,3,0
1,0,1,0
1,0,1,0
1,0,1,0
1,0,1,0
1,0,1,0
1,0,1,0
0,1,1,2
1,0,1,0
1,0,1,0
1,0,1,0
1,0,1,0
0,1,1,15
1,0,1,0
0,2,2,5
0,1,1,37
1,0,1,0
1,0,1,0
2,0,2,0
0,1,1,62
2,0,2,0
0,1,1,18
1,0,1,0
1,0,1,0
1,0,1,0
1,0,1,0
0,1,1,9
1,0,1,0
1,0,1,0
2,0,2,0
1,0,1,0
1,0,1,0
1,0,1,0
1,0,1,0
0,1,1,3
1,0,1,0
1,0,1,0
1,0,1,0
2,0,2,0
1,0,1,0
0,4,4,21
0,1,1,0
3,0,3,0
1,0,1,0
1,0,1,0
2,0,2,0
1,0,1,0
1,0,1,0
2,0,2,0
1,0,1,0
1,0,1,0
1,0,1,0
0,2,2,0
1,0,1,0
0,1,1,8
2,0,2,0
1,0,1,0
2,0,2,0
1,0,1,0
3,0,3,0
1,0,1,0
1,0,1,0
0,1,1,17
0,3,3,4
1,0,1,0
1,0,1,0
1,0,1,0
1,0,1,0
1,0,1,0
0,3,3,5
1,0,1,0
2,0,2,0
0,1,1,1
1,0,1,0
1,0,1,0
1,0,1,0
2,0,2,0
1,0,1,0
1,0,1,0
1,0,1,0
1,0,1,0
0,1,1,69
2,0,2,0
1,0,1,0
1,0,1,0
1,0,1,0
2,0,2,0
1,0,1,0
0,1,1,7
2,0,2,0
1,0,1,0
1,0,1,0
1,0,1,0
2,0,2,0
1,0,1,0
1,0,1,0
1,0,1,0
1,0,1,0
1,0,1,0
2,0,2,0
1,0,1,0
1,0,1,0
0,1,1,7
1,0,1,0
0,1,1,17
2,0,2,0
1,0,1,0
1,0,1,0
0,1,1,58
2,0,2,0
1,0,1,0
1,0,1,0
1,0,1,0
2,0,2,0
2,0,2,0
1,0,1,0
0,2,2,0
1,0,1,0
1,0,1,0
1,0,1,0
1,0,1,0
2,0,2,0
1,0,1,0
1,0,1,0
0,1,1,1
2,0,2,0
1,0,1,0
1,0,1,0
1,0,1,0
1,0,1,0
1,0,1,0
1,0,1,0
1,0,1,0
1,0,1,0
1,0,1,0
1,0,1,0
1,0,1,0
1,0,1,0
1,0,1,0
1,0,1,0
1,0,1,0
0,1,1,9
1,0,1,0
1,0,1,0
1,0,1,0
1,0,1,0
1,0,1,0
0,3,3,11
2,0,2,0
1,0,1,0
1,0,1,0
0,1,1,56
0,1,1,61
1,0,1,0
1,0,1,0
2,0,2,0
1,0,1,0
1,0,1,0
1,0,1,0
1,0,1,0
1,0,1,0
1,0,1,0
1,0,1,0
0,2,2,78
1,0,1,0
1,0,1,0
1,0,1,0
1,0,1,0
1,0,1,0
1,0,1,0
1,0,1,0
1,0,1,0
1,0,1,0
2,0,2,0
1,0,1,0
3,0,3,0
1,0,1,0
1,0,1,0
1,0,1,0
1,0,1,0
0,1,1,49
1,0,1,0
1,0,1,0
1,0,1,0
1,0,1,0
0,2,2,12
1,0,1,0
1,0,1,0
1,0,1,0
1,0,1,0
2,0,2,0
0,1,1,5
1,0,1,0
1,0,1,0
1,0,1,0
2,0,2,0
1,0,1,0
1,0,1,0
1,0,1,0
1,0,1,0
0,1,1,6
2,0,2,0
2,0,2,0
1,0,1,0
0,1,1,14
0,1,1,6
1,0,1,0
1,0,1,0
1,0,1,0
1,0,1,0
0,1,1,0
1,0,1,0
1,0,1,0
2,0,2,0
0,1,1,0
0,1,1,0
1,0,1,0
1,0,1,0
1,0,1,0
1,0,1,0
0,1,1,93
4,0,4,0
2,0,2,0
2,0,2,0
4,0,4,0
1,0,1,0
1,0,1,0
1,0,1,0
1,0,1,0
1,0,1,0
0,1,1,2
1,0,1,0
3,0,3,0
1,0,1,0
1,0,1,0
2,0,2,0
1,0,1,0
0,1,1,18
1,0,1,0
1,0,1,0
1,0,1,0
1,0,1,0
1,0,1,0
2,0,2,0
1,0,1,0
1,0,1,0
2,0,2,0
1,0,1,0
0,2,2,0
0,1,1,15
2,0,2,0
1,0,1,0
2,0,2,0
1,0,1,0
2,0,2,0
1,0,1,0
1,0,1,0
1,0,1,0
1,0,1,0
2,0,2,0
1,0,1,0
3,0,3,0
1,0,1,0
1,0,1,0
1,0,1,0
1,0,1,0
2,0,2,0
0,1,1,5
1,0,1,0
1,0,1,0
1,0,1,0
2,0,2,0
1,0,1,0
3,0,3,0
1,0,1,0
1,0,1,0
1,0,1,0
2,0,2,0
1,0,1,0
1,0,1,0
1,0,1,0
1,0,1,0
2,0,2,0
1,0,1,0
1,0,1,0
1,0,1,0
0,1,1,1
1,0,1,0
0,1,1,4
1,0,1,0
1,0,1,0
0,1,1,7
2,0,2,0
1,0,1,0
1,0,1,0
0,1,1,2
1,0,1,0
1,0,1,0
0,2,2,4
1,0,1,0
1,0,1,0
1,0,1,0
1,0,1,0
0,1,1,16
1,0,1,0
3,0,3,0
1,0,1,0
0,2,2,5
1,0,1,0
1,0,1,0
0,1,1,3
1,0,1,0
1,0,1,0
1,0,1,0
1,0,1,0
1,0,1,0
0,1,1,8
1,0,1,0
1,0,1,0
1,0,1,0
1,0,1,0
1,0,1,0
1,0,1,0
1,0,1,0
1,0,1,0
1,0,1,0
1,0,1,0
0,1,1,38
1,0,1,0
3,0,3,0
0,2,2,8
1,0,1,0
1,0,1,0
1,0,1,0
1,0,1,0
1,0,1,0
0,1,1,7
1,0,1,0
2,0,2,0
1,0,1,0
1,0,1,0
0,1,1,36
1,0,1,0
0,2,2,16
1,0,1,0
1,0,1,0
1,0,1,0
4,0,4,0
1,0,1,0
1,0,1,0
1,0,1,0
0,1,1,20
1,0,1,0
1,0,1,0
0,1,1,4
1,0,1,0
0,1,1,23
1,0,1,0
1,0,1,0
0,1,1,1
1,0,1,0
2,0,2,0
2,0,2,0
2,0,2,0
0,1,1,26
1,0,1,0
0,3,3,11
1,0,1,0
1,0,1,0
1,0,1,0
0,1,1,2
1,0,1,0
1,0,1,0
0,1,1,1
1,0,1,0
0,1,1,23
1,0,1,0
1,0,1,0
0,2,2,3
3,0,3,0
1,0,1,0
1,0,1,0
2,0,2,0
1,0,1,0
0,1,1,15
0,1,1,0
0,1,1,8
0,1,1,5
1,0,1,0
1,0,1,0
0,1,1,1
2,0,2,0
0,1,1,21
1,0,1,0
1,0,1,0
1,0,1,0
1,0,1,0
1,0,1,0
1,0,1,0
1,0,1,0
1,0,1,0
1,0,1,0
1,0,1,0
1,0,1,0
1,0,1,0
1,0,1,0
3,0,3,0
2,0,2,0
1,0,1,0
1,0,1,0
0,1,1,27
0,1,1,3
2,0,2,0
1,0,1,0
3,0,3,0
0,1,1,0
2,0,2,0
1,0,1,0
1,0,1,0
0,2,2,12
1,0,1,0
0,1,1,2
1,0,1,0
1,0,1,0
2,0,2,0
1,0,1,0
0,3,3,4
1,0,1,0
0,1,1,0
3,0,3,0
0,1,1,60
0,1,1,0
1,0,1,0
1,0,1,0
1,0,1,0
1,0,1,0
0,1,1,0
1,0,1,0
1,0,1,0
1,0,1,0
1,0,1,0
1,0,1,0
0,1,1,19
1,0,1,0
0,1,1,0
2,0,2,0
1,0,1,0
1,0,1,0
1,0,1,0
0,1,1,0
1,0,1,0
1,0,1,0
1,0,1,0
1,0,1,0
1,0,1,0
1,0,1,0
2,0,2,0
1,0,1,0
2,0,2,0
1,0,1,0
1,0,1,0
1,0,1,0
1,0,1,0
1,0,1,0
1,0,1,0
0,2,2,4
1,0,1,0
1,0,1,0
2,0,2,0
1,0,1,0
0,1,1,9
1,0,1,0
2,0,2,0
1,0,1,0
1,0,1,0
1,0,1,0
1,0,1,0
0,1,1,58
0,1,1,22
1,0,1,0
3,0,3,0
0,1,1,7
1,0,1,0
1,0,1,0
2,0,2,0
1,0,1,0
1,0,1,0
2,0,2,0
1,0,1,0
0,1,1,3
1,0,1,0
3,0,3,0
1,0,1,0
1,0,1,0
1,0,1,0
1,0,1,0
1,0,1,0
1,0,1,0
1,0,1,0
1,0,1,0
1,0,1,0
0,1,1,7
1,0,1,0
0,1,1,0
0,1,1,21
1,0,1,0
1,0,1,0
1,0,1,0
1,0,1,0
1,0,1,0
2,0,2,0
2,0,2,0
2,0,2,0
0,1,1,1
1,0,1,0
1,0,1,0
1,0,1,0
0,3,3,5
1,0,1,0
1,0,1,0
1,0,1,0
1,0,1,0
1,0,1,0
1,0,1,0
3,0,3,0
1,0,1,0
0,1,1,5
1,0,1,0
3,0,3,0
0,1,1,3
1,0,1,0
2,0,2,0
1,0,1,0
2,0,2,0
0,1,1,5
1,0,1,0
2,0,2,0
1,0,1,0
0,2,2,31
1,0,1,0
1,0,1,0
1,0,1,0
1,0,1,0
1,0,1,0
1,0,1,0
2,0,2,0
1,0,1,0
2,0,2,0
1,0,1,0
1,0,1,0
1,0,1,0
1,0,1,0
1,0,1,0
1,0,1,0
4,0,4,0
1,0,1,0
1,0,1,0
0,1,1,12
1,0,1,0
1,0,1,0
1,0,1,0
1,0,1,0
1,0,1,0
1,0,1,0
2,0,2,0
1,0,1,0
1,0,1,0
1,0,1,0
1,0,1,0
3,0,3,0
1,0,1,0
0,3,3,8
2,0,2,0
1,0,1,0
0,1,1,45
1,0,1,0
2,0,2,0
1,0,1,0
1,0,1,0
1,0,1,0
2,0,2,0
1,0,1,0
1,0,1,0
2,0,2,0
1,0,1,43
1,0,1,0
1,0,1,0
1,0,1,0
1,0,1,0
4,0,4,0
1,0,1,0
1,0,1,0
0,1,1,0
1,0,1,0
1,0,1,0
1,0,1,0
1,0,1,0
0,1,1,1
1,0,1,0
2,0,2,0
2,0,2,0
1,0,1,0
2,0,2,0
1,0,1,0
1,0,1,0
1,0,1,0
1,0,1,0
0,1,1,0
4,0,4,0
1,0,1,0
1,0,1,0
0,1,1,8
1,0,1,0
1,0,1,0
2,0,2,0
3,0,3,0
1,0,1,0
0,2,2,33
1,0,1,0
4,0,4,0
1,0,1,0
1,0,1,0
1,0,1,0
0,1,1,5
1,0,1,0
2,0,2,0
0,1,1,11
1,0,1,0
1,0,1,0
1,0,1,0
2,0,2,0
2,0,2,0
0,1,1,5
1,0,1,0
2,0,2,0
1,0,1,0
1,0,1,0
1,0,1,0
1,0,1,0
1,0,1,0
1,0,1,0
1,0,1,0
1,0,1,0
1,0,1,0
1,0,1,0
1,0,1,0
1,0,1,0
2,0,2,0
2,0,2,0
0,1,1,27
1,0,1,0
0,1,1,8
1,0,1,0
1,0,1,0
0,1,1,61
1,0,1,0
1,0,1,0
1,0,1,0
1,0,1,0
1,0,1,0
0,1,1,39
1,0,1,0
1,0,1,0
1,0,1,0
1,0,1,0
0,1,1,1
2,0,2,0
0,1,1,29
0,1,1,7
1,0,1,0
1,0,1,0
0,1,1,14
1,0,1,0
1,0,1,0
1,0,1,0
2,0,2,0
1,0,1,0
2,0,2,0
0,1,1,1
2,0,2,0
0,1,1,16
0,1,1,0
3,0,3,0
3,0,3,0
1,0,1,0
0,1,1,3
2,0,2,0
1,0,1,0
0,1,1,20
2,0,2,0
1,0,1,0
1,0,1,0
1,0,1,0
1,0,1,0
0,1,1,43
2,0,2,0
2,0,2,0
0,1,1,29
1,0,1,0
1,0,1,0
2,0,2,0
1,0,1,0
1,0,1,0
1,0,1,0
1,0,1,0
0,1,1,30
1,0,1,0
1,0,1,0
1,0,1,0
1,0,1,0
4,0,4,0
1,0,1,0
1,0,1,0
1,0,1,0
2,0,2,0
3,0,3,0
3,0,3,0
1,0,1,0
0,1,1,1
1,0,1,0
1,0,1,0
4,0,4,0
2,0,2,0
1,0,1,0
0,1,1,8
1,0,1,0
1,0,1,0
2,0,2,0
1,0,1,0
0,1,1,4
1,0,1,0
1,0,1,0
1,0,1,0
1,0,1,0
1,0,1,0
1,0,1,0
1,0,1,0
1,0,1,0
1,0,1,0
0,1,1,36
1,0,1,0
1,0,1,0
1,0,1,0
1,0,1,0
1,0,1,0
2,0,2,0
1,0,1,0
2,0,2,0
1,0,1,0
1,0,1,0
0,1,1,6
1,0,1,0
0,2,2,8
1,0,1,0
1,0,1,0
0,1,1,67
2,0,2,0
1,0,1,0
0,1,1,26
1,0,1,0
1,0,1,0
1,0,1,0
1,0,1,0
0,1,1,4
1,0,1,0
2,0,2,0
1,0,1,0
0,2,2,83
1,0,1,0
1,0,1,0
1,0,1,0
2,0,2,0
1,0,1,0
1,0,1,0
0,1,1,67
1,0,1,0
2,0,2,0
1,0,1,0
0,2,2,24
1,0,1,0
1,0,1,0
1,0,1,0
1,0,1,0
1,0,1,0
1,0,1,0
0,1,1,3
1,0,1,0
1,0,1,0
1,0,1,0
1,0,1,0
1,0,1,0
1,0,1,0
1,0,1,0
0,1,1,42
1,0,1,0
1,0,1,0
2,0,2,0
0,1,1,5
1,0,1,0
2,0,2,0
1,0,1,0
2,0,2,0
1,0,1,0
1,0,1,0
1,0,1,0
1,0,1,0
2,0,2,0
1,0,1,0
1,0,1,0
1,0,1,0
0,1,1,29
1,0,1,0
1,0,1,0
0,2,2,0
1,0,1,0
2,0,2,0
3,0,3,0
1,0,1,0
2,0,2,0
0,1,1,0
0,1,1,10
0,1,1,0
2,0,2,0
1,0,1,0
1,0,1,0
1,0,1,0
1,0,1,0
1,0,1,0
0,1,1,1
1,0,1,0
1,0,1,0
2,0,2,0
1,0,1,0
0,1,1,0
1,0,1,0
2,0,2,0
0,1,1,49
0,1,1,63
1,0,1,0
1,0,1,0
1,0,1,0
0,1,1,3
0,2,2,2
1,0,1,0
1,0,1,0
1,0,1,0
1,0,1,0
1,0,1,0
0,1,1,7
2,0,2,0
1,0,1,0
1,0,1,0
1,0,1,0
1,0,1,0
1,0,1,0
1,0,1,0
0,1,1,2
1,0,1,0
2,0,2,0
1,0,1,0
1,0,1,0
1,0,1,0
1,0,1,0
1,0,1,0
1,0,1,0
1,0,1,0
0,1,1,11
1,0,1,0
1,0,1,0
0,1,1,5
0,1,1,8
1,0,1,0
0,1,1,40
0,1,1,21
0,1,1,13
1,0,1,0
1,0,1,0
1,0,1,0
1,0,1,0
1,0,1,0
1,0,1,0
2,0,2,0
1,0,1,0
1,0,1,0
3,0,3,0
1,0,1,0
1,0,1,0
2,0,2,0
1,0,1,0
1,0,1,0
1,0,1,0
0,1,1,65
4,0,4,0
2,0,2,0
2,0,2,0
3,0,3,0
1,0,1,0
1,0,1,0
1,0,1,0
1,0,1,0
1,0,1,0
1,0,1,0
1,0,1,0
0,1,1,15
0,1,1,5
1,0,1,0
1,0,1,0
2,0,2,0
0,1,1,0
1,0,1,0
1,0,1,0
0,1,1,10
1,0,1,0
1,0,1,0
1,0,1,0
1,0,1,0
1,0,1,0
1,0,1,0
1,0,1,0
3,0,3,0
1,0,1,0
0,2,2,2
1,0,1,0
1,0,1,0
1,0,1,0
3,0,3,0
1,0,1,0
1,0,1,0
1,0,1,0
1,0,1,0
2,0,2,0
1,0,1,0
0,1,1,0
1,0,1,0
1,0,1,0
1,0,1,0
1,0,1,0
2,0,2,0
1,0,1,0
1,0,1,0
1,0,1,0
2,0,2,0
0,1,1,7
1,0,1,0
0,1,1,14
1,0,1,0
2,0,2,0
1,0,1,0
1,0,1,0
0,1,1,1
0,1,1,24
1,0,1,0
1,0,1,0
1,0,1,0
1,0,1,0
1,0,1,0
1,0,1,0
1,0,1,0
1,0,1,0
1,0,1,0
1,0,1,0
1,0,1,0
1,0,1,0
2,0,2,0
1,0,1,0
2,0,2,0
1,0,1,0
1,0,1,0
2,0,2,0
1,0,1,0
1,0,1,0
0,1,1,40
0,1,1,36
1,0,1,0
1,0,1,0
1,0,1,0
1,0,1,0
2,0,2,0
0,1,1,8
1,0,1,0
1,0,1,0
1,0,1,0
0,1,1,3
0,1,1,1
1,0,1,0
0,1,1,2
0,1,1,4
1,0,1,0
1,0,1,0
1,0,1,0
1,0,1,0
1,0,1,0
2,0,2,0
1,0,1,0
1,0,1,0
0,1,1,6
1,0,1,0
1,0,1,0
1,0,1,0
1,0,1,0
0,3,3,45
1,0,1,0
1,0,1,0
1,0,1,0
1,0,1,0
0,1,1,0
1,0,1,0
2,0,2,0
1,0,1,0
0,2,2,28
1,0,1,0
2,0,2,0
3,0,3,0
1,0,1,0
1,0,1,0
1,0,1,0
1,0,1,0
1,0,1,0
2,0,2,0
0,1,1,0
3,0,3,0
1,0,1,0
2,0,2,0
3,0,3,0
1,0,1,0
1,0,1,0
1,0,1,0
1,0,1,0
1,0,1,0
1,0,1,0
1,0,1,0
1,0,1,0
1,0,1,0
2,0,2,0
1,0,1,0
1,0,1,0
1,0,1,0
1,0,1,0
0,1,1,2
1,0,1,0
1,0,1,0
3,0,3,0
1,0,1,0
1,0,1,0
1,0,1,0
1,0,1,0
1,0,1,0
0,1,1,8
1,0,1,0
1,0,1,0
2,0,2,0
1,0,1,0
1,0,1,0
2,0,2,0
1,0,1,0
1,0,1,0
0,2,2,61
1,0,1,0
1,0,1,0
2,0,2,0
0,1,1,52
1,0,1,0
3,0,3,0
3,0,3,0
0,1,1,33
1,0,1,0
2,0,2,0
1,0,1,0
1,0,1,0
0,1,1,1
1,0,1,0
0,1,1,3
1,0,1,0
0,1,1,7
1,0,1,0
1,0,1,0
0,3,3,2
1,0,1,0
1,0,1,0
1,0,1,0
1,0,1,0
1,0,1,0
0,1,1,8
1,0,1,0
1,0,1,0
1,0,1,0
1,0,1,0
0,1,1,12
1,0,1,0
1,0,1,0
1,0,1,0
1,0,1,0
2,0,2,0
1,0,1,0
1,0,1,0
1,0,1,0
1,0,1,0
1,0,1,0
1,0,1,0
0,1,1,28
1,0,1,0
2,0,2,0
1,0,1,0
1,0,1,0
0,1,1,1
2,0,2,0
1,0,1,0
1,0,1,0
0,2,2,15
1,0,1,0
2,0,2,0
0,1,1,3
1,0,1,0
1,0,1,0
0,1,1,12
0,1,1,1
1,0,1,0
1,0,1,0
2,0,2,0
0,1,1,21
1,0,1,0
1,0,1,0
1,0,1,0
2,0,2,0
2,0,2,0
1,0,1,0
1,0,1,0
1,0,1,0
6,0,6,0
1,0,1,0
1,0,1,0
2,0,2,0
1,0,1,0
1,0,1,0
1,0,1,0
1,0,1,0
1,0,1,0
1,0,1,0
0,1,1,1
0,1,1,3
0,1,1,2
1,0,1,0
1,0,1,0
1,0,1,0
1,0,1,0
1,0,1,0
1,0,1,0
1,0,1,0
3,0,3,0
1,0,1,0
1,0,1,0
2,0,2,0
1,0,1,0
1,0,1,0
1,0,1,0
2,0,2,0
1,0,1,0
1,0,1,0
3,0,3,0
2,0,2,0
1,0,1,0
0,1,1,0
1,0,1,0
1,0,1,0
0,1,1,3
1,0,1,0
1,0,1,0
1,0,1,0
1,0,1,0
1,0,1,0
1,0,1,0
1,0,1,0
2,0,2,0
2,0,2,0
1,0,1,0
1,0,1,0
1,0,1,0
2,0,2,0
2,0,2,0
1,0,1,0
1,0,1,0
1,0,1,0
1,0,1,0
0,1,1,33
1,0,1,0
0,1,1,12
0,1,1,8
1,0,1,0
1,0,1,0
1,0,1,0
1,0,1,0
1,0,1,0
1,0,1,0
1,0,1,0
1,0,1,0
1,0,1,0
1,0,1,0
1,0,1,0
4,0,4,0
1,0,1,0
1,0,1,0
2,0,2,0
1,0,1,0
1,0,1,0
1,0,1,0
1,0,1,0
4,0,4,0
1,0,1,0
1,0,1,0
0,1,1,1
1,0,1,0
1,0,1,0
1,0,1,0
0,1,1,4
1,0,1,0
1,0,1,0
1,0,1,0
0,1,1,2
0,1,1,6
0,2,2,62
2,0,2,0
0,3,3,10
1,0,1,0
0,1,1,22
1,0,1,0
1,0,1,0
0,1,1,22
1,0,1,0
1,0,1,0
2,0,2,0
1,0,1,0
1,0,1,0
1,0,1,0
1,0,1,0
2,0,2,0
1,0,1,0
2,0,2,0
1,0,1,0
0,1,1,13
3,0,3,0
1,0,1,0
1,0,1,0
0,1,1,64
1,0,1,0
1,0,1,0
2,0,2,0
1,0,1,0
1,0,1,0
2,0,2,0
0,2,2,13
1,0,1,0
3,0,3,0
1,0,1,0
0,1,1,1
1,0,1,0
2,0,2,0
2,0,2,0
1,0,1,0
1,0,1,0
1,0,1,0
1,0,1,0
1,0,1,0
1,0,1,0
0,1,1,91
1,0,1,0
1,0,1,0
2,0,2,0
0,1,1,20
1,0,1,0
0,1,1,8
1,0,1,0
1,0,1,0
1,0,1,0
1,0,1,0
1,0,1,0
1,0,1,0
0,1,1,9
0,1,1,0
1,0,1,0
2,0,2,0
1,0,1,0
1,0,1,0
1,0,1,0
1,0,1,0
1,0,1,0
0,4,4,1
0,1,1,48
3,0,3,0
1,0,1,0
1,0,1,0
1,0,1,0
1,0,1,0
1,0,1,0
1,0,1,0
1,0,1,0
0,1,1,2
1,0,1,0
1,0,1,0
1,0,1,0
1,0,1,0
2,0,2,0
1,0,1,0
1,0,1,0
1,0,1,0
0,2,2,3
1,0,1,0
1,0,1,0
1,0,1,0
1,0,1,0
2,0,2,21
1,0,1,0
0,1,1,5
1,0,1,0
1,0,1,0
1,0,1,0
0,1,1,32
1,0,1,0
1,0,1,0
1,0,1,0
1,0,1,0
0,1,1,38
1,0,1,0
1,0,1,0
1,0,1,0
1,0,1,0
0,1,1,12
2,0,2,0
0,2,2,10
1,0,1,0
3,0,3,0
1,0,1,0
1,0,1,0
2,0,2,0
0,1,1,22
0,1,1,6
1,0,1,0
1,0,1,0
1,0,1,0
2,0,2,0
1,0,1,0
1,0,1,0
2,0,2,0
1,0,1,0
1,0,1,0
2,0,2,0
1,0,1,0
1,0,1,0
0,1,1,15
1,0,1,0
1,0,1,0
1,0,1,0
1,0,1,0
0,1,1,10
1,0,1,0
0,1,1,18
1,0,1,0
0,1,1,10
1,0,1,0
1,0,1,0
1,0,1,0
0,2,2,31
2,0,2,0
1,0,1,0
1,0,1,0
1,0,1,0
1,0,1,0
2,0,2,0
1,0,1,0
1,0,1,0
1,0,1,38
2,0,2,0
0,2,2,2
2,0,2,0
1,0,1,0
2,0,2,0
0,1,1,3
1,0,1,0
1,0,1,0
1,0,1,0
1,0,1,0
1,0,1,0
1,0,1,0
1,0,1,0
0,3,3,20
0,1,1,19
1,0,1,0
1,0,1,0
1,0,1,0
1,0,1,0
1,0,1,0
1,0,1,0
1,0,1,6
1,0,1,0
1,0,1,0
1,0,1,0
2,0,2,0
1,0,1,0
2,0,2,0
1,0,1,0
1,0,1,0
2,0,2,0
0,1,1,4
1,0,1,0
1,0,1,0
0,2,2,5
0,3,3,1
1,0,1,0
1,0,1,0
1,0,1,0
1,0,1,0
2,0,2,0
1,0,1,0
6,0,6,0
1,0,1,0
1,0,1,0
1,0,1,0
0,1,1,53
1,0,1,0
1,0,1,0
1,0,1,0
1,0,1,0
0,4,4,59
1,0,1,0
1,0,1,0
1,0,1,0
1,0,1,0
1,0,1,0
0,1,1,27
1,0,1,0
1,0,1,0
1,0,1,0
1,0,1,0
1,0,1,0
1,0,1,0
1,0,1,0
1,0,1,0
2,0,2,0
0,1,1,1
2,0,2,0
1,0,1,0
1,0,1,0
0,1,1,6
1,0,1,0
1,0,1,0
0,1,1,34
1,0,1,0
4,0,4,0
0,1,1,0
1,0,1,0
1,0,1,0
2,0,2,0
1,0,1,0
1,0,1,0
1,0,1,0
1,0,1,0
2,0,2,0
0,1,1,5
1,0,1,0
0,2,2,1
1,0,1,0
2,0,2,0
0,3,3,5
1,0,1,0
2,0,2,0
2,0,2,0
1,0,1,0
0,1,1,61
1,0,1,0
2,0,2,0
1,0,1,0
1,0,1,0
1,0,1,0
1,0,1,0
2,0,2,0
2,0,2,0
1,0,1,0
0,1,1,18
1,0,1,0
2,0,2,0
2,0,2,0
0,2,2,3
0,2,2,1
1,0,1,0
1,0,1,0
1,0,1,0
1,0,1,0
1,0,1,0
1,0,1,0
0,1,1,28
1,0,1,0
3,0,3,0
1,0,1,0
1,0,1,0
1,0,1,0
1,0,1,0
2,0,2,0
2,0,2,0
1,0,1,0
1,0,1,0
1,0,1,0
0,1,1,23
2,0,2,0
1,0,1,0
4,0,4,0
0,2,2,10
1,0,1,0
1,0,1,0
1,0,1,0
1,0,1,0
1,0,1,0
2,0,2,0
1,0,1,0
1,0,1,0
1,0,1,0
3,0,3,0
1,0,1,0
0,1,1,39
0,1,1,54
3,0,3,0
1,0,1,0
1,0,1,0
1,0,1,0
1,0,1,0
1,0,1,0
2,0,2,0
1,0,1,0
5,0,5,0
1,0,1,0
1,0,1,0
1,0,1,0
1,0,1,0
0,1,1,0
2,0,2,0
1,0,1,0
1,0,1,0
1,0,1,0
1,0,1,0
1,0,1,0
1,0,1,0
1,0,1,0
1,0,1,0
1,0,1,0
1,0,1,0
1,0,1,0
0,2,2,2
1,0,1,0
1,0,1,0
1,0,1,0
0,1,1,11
1,0,1,0
0,1,1,26
2,0,2,0
0,1,1,38
0,1,1,9
0,1,1,5
0,1,1,0
2,0,2,0
1,0,1,0
0,1,1,20
2,0,2,0
0,1,1,63
1,0,1,0
0,1,1,24
0,1,1,18
2,0,2,0
1,0,1,0
0,2,2,7
2,0,2,0
1,0,1,0
1,0,1,0
1,0,1,0
1,0,1,0
1,0,1,0
1,0,1,0
1,0,1,0
2,0,2,0
1,0,1,0
1,0,1,0
0,2,2,2
1,0,1,0
0,1,1,24
0,1,1,62
1,0,1,0
2,0,2,0
1,0,1,0
1,0,1,0
1,0,1,0
0,1,1,1
0,1,1,47
1,0,1,0
0,2,2,0
1,0,1,0
1,0,1,0
1,0,1,0
1,0,1,0
1,0,1,0
0,3,3,11
2,0,2,0
1,0,1,0
1,0,1,0
1,0,1,0
1,0,1,0
1,0,1,0
0,1,1,35
2,0,2,0
1,0,1,0
0,1,1,0
1,0,1,0
0,1,1,3
0,1,1,72
1,0,1,0
0,1,1,24
1,0,1,0
1,0,1,0
2,0,2,0
1,0,1,0
1,0,1,0
2,0,2,0
1,0,1,0
1,0,1,0
1,0,1,0
1,0,1,0
1,0,1,0
1,0,1,0
1,0,1,0
2,0,2,0
1,0,1,0
1,0,1,0
2,0,2,0
0,1,1,0
1,0,1,0
3,0,3,0
1,0,1,0
1,0,1,0
1,0,1,0
1,0,1,0
1,0,1,0
0,1,1,3
0,1,1,2
2,0,2,0
1,0,1,0
2,0,2,0
2,0,2,0
1,0,1,0
1,0,1,0
1,0,1,0
2,0,2,0
1,0,1,0
1,0,1,0
1,0,1,0
1,0,1,0
1,0,1,0
1,0,1,0
1,0,1,0
1,0,1,0
0,1,1,10
1,0,1,0
1,0,1,0
1,0,1,0
2,0,2,0
0,1,1,90
1,0,1,0
1,0,1,0
1,0,1,0
1,0,1,0
2,0,2,0
0,1,1,18
0,1,1,2
5,0,5,0
0,1,1,0
1,0,1,0
1,0,1,0
0,2,2,77
1,0,1,0
2,0,2,0
1,0,1,0
1,0,1,0
1,0,1,0
1,0,1,0
1,0,1,0
1,0,1,0
1,0,1,0
1,0,1,0
2,0,2,0
1,0,1,0
2,0,2,0
0,2,2,14
1,0,1,0
1,0,1,0
1,0,1,0
0,2,2,2
1,0,1,0
1,0,1,0
4,0,4,0
2,0,2,0
2,0,2,0
1,0,1,0
0,4,4,3
1,0,1,0
1,0,1,0
1,0,1,0
0,1,1,12
1,0,1,0
1,0,1,0
1,0,1,0
1,0,1,0
1,0,1,0
1,0,1,0
1,0,1,0
1,0,1,0
3,0,3,0
1,0,1,0
2,0,2,0
2,0,2,0
1,0,1,0
1,0,1,0
2,0,2,0
1,0,1,0
5,0,5,0
1,0,1,0
1,0,1,0
1,0,1,0
1,0,1,0
0,3,3,25
1,0,1,0
1,0,1,0
1,0,1,0
0,2,2,0
0,1,1,11
1,0,1,0
1,0,1,0
1,0,1,0
1,0,1,0
0,1,1,14
1,0,1,0
0,1,1,48
1,0,1,0
0,1,1,37
1,0,1,0
1,0,1,0
0,1,1,4
1,0,1,0
1,0,1,0
1,0,1,0
1,0,1,0
1,0,1,0
0,1,1,0
1,0,1,0
1,0,1,0
1,0,1,0
1,0,1,0
1,0,1,0
1,0,1,0
0,1,1,7
0,1,1,6
1,0,1,0
1,0,1,0
1,0,1,0
1,0,1,0
1,0,1,0
0,1,1,70
1,0,1,0
1,0,1,12
1,0,1,0
0,1,1,9
1,0,1,0
1,0,1,0
1,0,1,0
3,0,3,0
1,0,1,0
1,0,1,0
1,0,1,0
1,0,1,0
1,0,1,0
1,0,1,0
1,0,1,0
1,0,1,0
2,0,2,0
1,0,1,0
0,1,1,8
1,0,1,0
1,0,1,0
2,0,2,0
2,0,2,0
1,0,1,0
1,0,1,0
2,0,2,0
1,0,1,0
1,0,1,0
1,0,1,0
1,0,1,0
3,0,3,0
1,0,1,0
1,0,1,0
1,0,1,0
1,0,1,0
1,0,1,0
1,0,1,0
1,0,1,0
1,0,1,0
1,0,1,0
3,0,3,0
2,0,2,0
3,0,3,0
2,0,2,0
1,0,1,0
1,0,1,0
0,1,1,4
1,0,1,0
1,0,1,0
1,0,1,0
1,0,1,0
1,0,1,0
1,0,1,0
1,0,1,0
1,0,1,0
1,0,1,0
1,0,1,0
1,0,1,0
1,0,1,0
1,0,1,0
1,0,1,0
1,0,1,0
1,0,1,0
1,0,1,0
0,1,1,2
1,0,1,0
1,0,1,0
1,0,1,0
1,0,1,0
1,0,1,0
0,3,3,2
1,0,1,0
1,0,1,0
3,0,3,0
2,0,2,0
0,1,1,0
1,0,1,0
1,0,1,0
1,0,1,0
1,0,1,0
1,0,1,0
1,0,1,0
2,0,2,0
0,1,1,0
0,1,1,7
1,0,1,0
1,0,1,0
2,0,2,0
1,0,1,0
3,0,3,0
1,0,1,0
0,1,1,0
1,0,1,0
2,0,2,0
1,0,1,0
2,0,2,0
2,0,2,0
1,0,1,0
1,0,1,0
2,0,2,0
1,0,1,0
1,0,1,0
0,2,2,25
1,0,1,0
2,0,2,0
1,0,1,0
1,0,1,0
0,1,1,39
1,0,1,0
1,0,1,0
1,0,1,0
1,0,1,0
0,1,1,38
1,0,1,0
2,0,2,0
0,1,1,24
1,0,1,0
1,0,1,0
1,0,1,0
1,0,1,0
2,0,2,0
1,0,1,0
1,0,1,0
1,0,1,0
2,0,2,0
0,2,2,34
1,0,1,0
1,0,1,0
3,0,3,0
1,0,1,0
0,1,1,2
0,1,1,6
0,1,1,7
1,0,1,0
0,3,3,15
1,0,1,0
1,0,1,0
2,0,2,0
2,0,2,0
1,0,1,0
1,0,1,0
1,0,1,0
1,0,1,0
1,0,1,0
1,0,1,0
0,1,1,7
1,0,1,0
1,0,1,0
1,0,1,0
1,0,1,0
1,0,1,0
1,0,1,0
1,0,1,0
1,0,1,0
1,0,1,0
1,0,1,0
1,0,1,0
1,0,1,0
1,0,1,0
1,0,1,0
0,1,1,13
1,0,1,0
3,0,3,0
1,0,1,0
1,0,1,0
3,0,3,0
1,0,1,0
1,0,1,0
0,1,1,30
1,0,1,0
2,0,2,0
1,0,1,0
1,0,1,0
1,0,1,0
2,0,2,0
1,0,1,0
1,0,1,0
1,0,1,0
1,0,1,0
1,0,1,0
0,1,1,0
3,0,3,0
2,0,2,0
1,0,1,0
2,0,2,0
1,0,1,0
1,0,1,0
1,0,1,0
1,0,1,0
1,0,1,0
0,1,1,51
1,0,1,0
1,0,1,0
1,0,1,0
1,0,1,0
1,0,1,0
0,1,1,8
1,0,1,0
1,0,1,0
1,0,1,0
1,0,1,0
1,0,1,0
1,0,1,0
1,0,1,0
1,0,1,0
0,1,1,30
1,0,1,0
1,0,1,0
1,0,1,0
1,0,1,0
1,0,1,0
0,2,2,22
1,0,1,0
1,0,1,0
1,0,1,0
1,0,1,0
2,0,2,0
2,0,2,0
2,0,2,0
1,0,1,0
1,0,1,0
1,0,1,0
1,0,1,0
1,0,1,0
2,0,2,0
1,0,1,0
2,0,2,0
0,4,4,23
1,0,1,0
1,0,1,0
1,0,1,0
3,0,3,0
1,0,1,0
1,0,1,0
1,0,1,0
1,0,1,0
0,2,2,0
2,0,2,0
1,0,1,0
1,0,1,0
2,0,2,0
2,0,2,0
1,0,1,0
0,1,1,25
0,1,1,4
1,0,1,0
2,0,2,0
1,0,1,0
1,0,1,0
0,2,2,80
1,0,1,0
1,0,1,0
1,0,1,0
0,2,2,1
1,0,1,0
1,0,1,0
0,1,1,13
1,0,1,0
1,0,1,0
2,0,2,0
1,0,1,0
0,2,2,168
1,0,1,0
2,0,2,0
3,0,3,0
1,0,1,0
2,0,2,0
0,1,1,2
1,0,1,0
1,0,1,0
1,0,1,0
1,0,1,0
1,0,1,0
2,0,2,0
1,0,1,0
1,0,1,0
0,1,1,20
1,0,1,0
4,0,4,0
1,0,1,0
1,0,1,0
0,1,1,55
0,1,1,3
0,1,1,0
1,0,1,0
1,0,1,0
2,0,2,0
1,0,1,0
1,0,1,0
1,0,1,0
0,2,2,0
0,1,1,0
1,0,1,0
1,0,1,0
1,0,1,0
0,1,1,48
1,0,1,0
1,0,1,0
1,0,1,0
1,0,1,0
1,0,1,0
0,1,1,54
1,0,1,0
1,0,1,0
1,0,1,0
2,0,2,0
1,0,1,0
1,0,1,0
2,0,2,0
1,0,1,0
1,0,1,0
2,0,2,0
0,1,1,0
1,0,1,0
1,0,1,0
1,0,1,0
2,0,2,0
1,0,1,0
1,0,1,0
1,0,1,0
1,0,1,0
1,0,1,0
0,2,2,159
2,0,2,0
1,0,1,0
0,1,1,2
1,0,1,0
0,1,1,2
1,0,1,0
1,0,1,0
1,0,1,0
1,0,1,0
1,0,1,0
1,0,1,0
1,0,1,0
1,0,1,0
1,0,1,0
0,1,1,19
2,0,2,0
2,0,2,0
1,0,1,0
1,0,1,0
0,1,1,1
1,0,1,0
0,1,1,14
1,0,1,0
1,0,1,0
0,2,2,2
1,0,1,0
1,0,1,0
1,0,1,0
1,0,1,0
1,0,1,0
1,0,1,0
2,0,2,0
1,0,1,0
1,0,1,0
1,0,1,0
1,0,1,0
1,0,1,0
1,0,1,0
1,0,1,0
1,0,1,0
1,0,1,0
1,0,1,0
1,0,1,0
1,0,1,0
0,1,1,17
0,1,1,5
2,0,2,0
1,0,1,0
1,0,1,0
2,0,2,0
1,0,1,0
1,0,1,0
0,1,1,9
0,1,1,250
3,0,3,0
1,0,1,0
1,0,1,0
1,0,1,0
1,0,1,0
2,0,2,0
1,0,1,0
1,0,1,0
1,0,1,0
1,0,1,0
1,0,1,0
1,0,1,0
1,0,1,0
2,0,2,0
1,0,1,0
1,0,1,0
1,0,1,0
2,0,2,0
1,0,1,0
1,0,1,0
0,1,1,3
1,0,1,0
3,0,3,0
3,0,3,0
1,0,1,0
1,0,1,0
0,1,1,22
1,0,1,0
1,0,1,0
1,0,1,0
1,0,1,0
1,0,1,0
1,0,1,0
1,0,1,0
0,1,1,8
1,0,1,0
1,0,1,0
0,1,1,1
0,1,1,0
1,0,1,0
0,1,1,7
2,0,2,0
2,0,2,0
1,0,1,0
1,0,1,0
1,0,1,0
2,0,2,0
2,0,2,0
2,0,2,0
1,0,1,0
1,0,1,0
1,0,1,0
1,0,1,0
1,0,1,0
2,0,2,0
1,0,1,0
3,0,3,0
1,0,1,0
1,0,1,0
1,0,1,0
0,1,1,7
1,0,1,0
1,0,1,0
1,0,1,0
2,0,2,0
2,0,2,0
1,0,1,0
1,0,1,0
1,0,1,0
3,0,3,0
4,0,4,0
1,0,1,0
1,0,1,0
1,0,1,0
2,0,2,0
1,0,1,0
0,1,1,3
1,0,1,0
2,0,2,0
1,0,1,0
0,1,1,5
0,1,1,23
1,0,1,0
1,0,1,0
1,0,1,0
1,0,1,0
1,0,1,0
2,0,2,0
1,0,1,0
1,0,1,0
2,0,2,0
1,0,1,4
2,0,2,0
1,0,1,0
0,3,3,2
1,0,1,0
1,0,1,0
1,0,1,0
0,1,1,9
0,1,1,6
1,0,1,0
1,0,1,0
1,0,1,0
5,0,5,0
1,0,1,0
0,1,1,67
2,0,2,0
1,0,1,0
0,1,1,30
3,0,3,0
1,0,1,0
1,0,1,0
1,0,1,0
1,0,1,0
1,0,1,0
0,1,1,0
1,0,1,0
1,0,1,0
1,0,1,0
1,0,1,0
1,0,1,0
0,3,3,23
0,1,1,5
1,0,1,0
1,0,1,0
1,0,1,0
0,1,1,0
1,0,1,0
1,0,1,0
1,0,1,0
1,0,1,0
1,0,1,0
1,0,1,0
1,0,1,0
2,0,2,0
2,0,2,0
1,0,1,0
1,0,1,0
1,0,1,0
1,0,1,0
2,0,2,0
1,0,1,0
0,1,1,6
0,1,1,13
5,0,5,0
4,0,4,0
1,0,1,0
0,3,3,17
0,1,1,205
3,0,3,0
2,0,2,0
1,0,1,0
3,0,3,0
1,0,1,0
1,0,1,0
1,0,1,0
1,0,1,0
1,0,1,0
1,0,1,0
1,0,1,0
1,0,1,0
1,0,1,0
0,1,1,16
1,0,1,0
1,0,1,0
0,1,1,2
1,0,1,0
1,0,1,0
2,0,2,0
0,1,1,18
0,1,1,12
1,0,1,0
3,0,3,0
1,0,1,0
1,0,1,0
1,0,1,0
1,0,1,0
1,0,1,0
0,1,1,8
0,3,3,17
1,0,1,0
1,0,1,0
1,0,1,0
1,0,1,0
1,0,1,0
1,0,1,0
1,0,1,0
1,0,1,0
1,0,1,0
0,1,1,0
1,0,1,0
1,0,1,0
1,0,1,0
2,0,2,0
1,0,1,0
1,0,1,0
1,0,1,0
1,0,1,0
0,1,1,0
1,0,1,0
1,0,1,0
1,0,1,0
0,1,1,0
0,1,1,2
1,0,1,0
1,0,1,0
2,0,2,0
2,0,2,0
2,0,2,0
1,0,1,0
0,1,1,30
1,0,1,0
1,0,1,0
1,0,1,0
2,0,2,0
1,0,1,0
1,0,1,0
1,0,1,0
1,0,1,0
1,0,1,0
2,0,2,0
1,0,1,0
1,0,1,0
1,0,1,0
2,0,2,0
1,0,1,0
1,0,1,0
1,0,1,0
3,0,3,0
1,0,1,0
1,0,1,0
1,0,1,0
1,0,1,0
1,0,1,0
1,0,1,0
1,0,1,0
1,0,1,0
5,0,5,0
0,1,1,2
1,0,1,0
1,0,1,0
2,0,2,0
2,0,2,0
0,1,1,15
1,0,1,0
2,0,2,0
1,0,1,0
1,0,1,0
1,0,1,0
0,3,3,9
1,0,1,0
1,0,1,0
0,1,1,1
1,0,1,0
0,2,2,20
1,0,1,0
1,0,1,0
1,0,1,0
1,0,1,0
0,3,3,2
2,0,2,0
1,0,1,0
1,0,1,0
2,0,2,0
1,0,1,0
0,1,1,5
0,1,1,145
2,0,2,0
2,0,2,0
1,0,1,0
1,0,1,0
1,0,1,0
1,0,1,0
1,0,1,0
1,0,1,0
0,1,1,8
0,1,1,1
1,0,1,0
1,0,1,0
2,0,2,0
1,0,1,0
1,0,1,0
1,0,1,0
1,0,1,0
0,1,1,0
1,0,1,0
2,0,2,0
1,0,1,0
1,0,1,0
1,0,1,0
1,0,1,0
1,0,1,0
0,1,1,41
0,1,1,2
1,0,1,0
1,0,1,0
1,0,1,0
2,0,2,0
0,1,1,9
0,1,1,6
0,2,2,48
0,2,2,11
3,0,3,0
3,0,3,0
1,0,1,0
0,3,3,5
3,0,3,0
1,0,1,0
1,0,1,0
1,0,1,0
1,0,1,0
2,0,2,0
1,0,1,0
2,0,2,0
1,0,1,0
2,0,2,0
0,1,1,4
1,0,1,0
2,0,2,0
0,1,1,3
0,1,1,1
1,0,1,0
0,1,1,2
0,1,1,15
0,1,1,14
2,0,2,0
0,1,1,18
2,0,2,0
1,0,1,0
1,0,1,0
1,0,1,0
1,0,1,0
2,0,2,0
0,1,1,0
1,0,1,0
1,0,1,0
0,1,1,15
1,0,1,0
1,0,1,0
1,0,1,0
1,0,1,0
1,0,1,0
1,0,1,0
1,0,1,0
0,1,1,5
1,0,1,0
2,0,2,0
1,0,1,0
1,0,1,0
1,0,1,0
2,0,2,0
0,1,1,3
1,0,1,0
1,0,1,0
0,1,1,22
2,0,2,0
0,1,1,1
0,1,1,19
1,0,1,0
1,0,1,0
1,0,1,0
1,0,1,0
1,0,1,0
2,0,2,0
1,0,1,0
1,0,1,0
1,0,1,0
2,0,2,0
0,1,1,29
1,0,1,0
1,0,1,0
1,0,1,0
1,0,1,0
1,0,1,0
1,0,1,0
4,0,4,0
2,0,2,0
1,0,1,0
1,0,1,0
1,0,1,0
1,0,1,0
1,0,1,0
1,0,1,0
3,0,3,0
1,0,1,0
1,0,1,0
1,0,1,0
1,0,1,0
0,1,1,0
1,0,1,0
1,0,1,0
1,0,1,0
1,0,1,0
1,0,1,0
0,1,1,0
1,0,1,0
1,0,1,0
1,0,1,0
0,1,1,20
2,0,2,0
1,0,1,0
1,0,1,0
1,0,1,0
1,0,1,0
0,2,2,6
1,0,1,0
1,0,1,0
2,0,2,0
1,0,1,0
1,0,1,0
0,1,1,3
0,1,1,1
1,0,1,0
1,0,1,0
1,0,1,0
1,0,1,0
1,0,1,0
0,6,6,0
1,0,1,0
1,0,1,0
2,0,2,0
1,0,1,0
1,0,1,0
1,0,1,0
2,0,2,0
1,0,1,0
1,0,1,0
4,0,4,0
1,0,1,0
0,1,1,1
1,0,1,0
2,0,2,0
2,0,2,0
1,0,1,0
1,0,1,0
1,0,1,0
2,0,2,0
3,0,3,0
1,0,1,0
0,1,1,11
1,0,1,0
1,0,1,0
0,1,1,22
3,0,3,0
1,0,1,0
1,0,1,0
1,0,1,0
1,0,1,0
1,0,1,0
1,0,1,0
0,1,1,7
6,0,6,0
1,0,1,0
1,0,1,0
1,0,1,0
0,1,1,27
1,0,1,0
0,2,2,4
1,0,1,0
2,0,2,0
1,0,1,0
1,0,1,0
1,0,1,0
1,0,1,0
1,0,1,0
2,0,2,0
1,0,1,0
1,0,1,0
1,0,1,0
0,2,2,24
1,0,1,0
1,0,1,0
1,0,1,0
1,0,1,0
1,0,1,0
0,1,1,17
0,1,1,3
1,0,1,0
1,0,1,0
0,3,3,13
1,0,1,0
1,0,1,0
2,0,2,0
0,2,2,53
1,0,1,0
1,0,1,0
1,0,1,0
1,0,1,0
1,0,1,0
0,1,1,0
2,0,2,0
1,0,1,0
1,0,1,0
2,0,2,0
1,0,1,0
1,0,1,0
2,0,2,0
1,0,1,0
2,0,2,0
1,0,1,0
4,0,4,0
1,0,1,0
1,0,1,0
1,0,1,0
1,0,1,0
0,1,1,28
1,0,1,0
1,0,1,0
1,0,1,0
0,1,1,77
1,0,1,0
1,0,1,0
2,0,2,0
0,2,2,16
2,0,2,0
0,1,1,0
1,0,1,0
1,0,1,0
1,0,1,0
1,0,1,0
0,1,1,0
1,0,1,0
1,0,1,0
2,0,2,0
1,0,1,0
2,0,2,0
1,0,1,0
0,1,1,9
0,1,1,0
0,1,1,6
1,0,1,0
0,1,1,4
3,0,3,0
1,0,1,0
1,0,1,0
1,0,1,0
0,2,2,4
1,0,1,0
2,0,2,0
1,0,1,0
1,0,1,0
0,1,1,2
1,0,1,0
1,0,1,0
1,0,1,0
1,0,1,0
2,0,2,0
1,0,1,0
1,0,1,0
0,1,1,23
1,0,1,0
2,0,2,0
1,0,1,0
1,0,1,0
1,0,1,0
0,1,1,0
1,0,1,0
1,0,1,0
0,2,2,9
1,0,1,0
1,0,1,0
2,0,2,0
1,0,1,0
1,0,1,0
1,0,1,0
2,0,2,0
1,0,1,0
2,0,2,0
1,0,1,0
1,0,1,0
1,0,1,0
0,1,1,48
1,0,1,0
0,3,3,3
1,0,1,0
2,0,2,0
2,0,2,0
2,0,2,0
1,0,1,0
1,0,1,0
0,3,3,14
1,0,1,0
1,0,1,0
0,1,1,29
1,0,1,0
1,0,1,0
3,0,3,0
1,0,1,0
1,0,1,0
1,0,1,0
1,0,1,0
3,0,3,0
0,1,1,23
1,0,1,0
1,0,1,0
1,0,1,0
1,0,1,0
1,0,1,0
0,1,1,176
1,0,1,0
1,0,1,0
3,0,3,0
1,0,1,0
5,0,5,0
0,1,1,1
1,0,1,0
1,0,1,0
1,0,1,0
2,0,2,0
1,0,1,0
1,0,1,0
1,0,1,0
1,0,1,0
0,1,1,1
1,0,1,0
1,0,1,0
1,0,1,0
1,0,1,0
0,1,1,20
1,0,1,0
1,0,1,0
1,0,1,0
1,0,1,0
1,0,1,0
1,0,1,0
2,0,2,0
1,0,1,0
1,0,1,0
1,0,1,0
1,0,1,0
1,0,1,0
1,0,1,0
0,1,1,42
0,1,1,0
3,0,3,0
1,0,1,0
1,0,1,0
0,2,2,8
0,1,1,0
1,0,1,0
1,0,1,0
0,1,1,1
0,1,1,8
1,0,1,0
1,0,1,0
1,0,1,0
1,0,1,0
1,0,1,0
1,0,1,0
1,0,1,0
1,0,1,0
1,0,1,0
1,0,1,0
1,0,1,0
1,0,1,0
0,2,2,3
2,0,2,0
0,1,1,0
0,1,1,25
1,0,1,0
1,0,1,0
1,0,1,0
1,0,1,0
0,2,2,40
1,0,1,0
1,0,1,0
1,0,1,0
4,0,4,0
0,1,1,75
2,0,2,0
1,0,1,0
2,0,2,0
1,0,1,0
2,0,2,0
1,0,1,0
0,1,1,49
1,0,1,0
0,2,2,12
1,0,1,0
1,0,1,0
1,0,1,0
1,0,1,0
1,0,1,0
0,2,2,10
1,0,1,0
1,0,1,0
1,0,1,0
0,2,2,7
1,0,1,0
2,0,2,0
0,2,2,0
1,0,1,0
1,0,1,0
0,1,1,12
1,0,1,0
0,1,1,0
2,0,2,0
1,0,1,0
1,0,1,0
1,0,1,0
1,0,1,0
1,0,1,0
1,0,1,0
1,0,1,0
0,2,2,18
1,0,1,0
0,1,1,9
2,0,2,0
0,1,1,1
1,0,1,0
0,1,1,1
4,0,4,0
0,1,1,14
1,0,1,0
1,0,1,0
1,0,1,0
1,0,1,0
2,0,2,0
1,0,1,0
1,0,1,0
0,2,2,3
1,0,1,0
2,0,2,0
0,1,1,3
0,1,1,50
1,0,1,0
1,0,1,0
1,0,1,0
1,0,1,0
1,0,1,0
1,0,1,0
1,0,1,0
1,0,1,0
1,0,1,0
1,0,1,0
1,0,1,0
5,0,5,0
1,0,1,0
0,1,1,7
1,0,1,0
4,0,4,0
1,0,1,0
2,0,2,0
1,0,1,0
2,0,2,0
1,0,1,0
1,0,1,0
2,0,2,0
1,0,1,0
1,0,1,0
1,0,1,0
1,0,1,0
1,0,1,0
0,2,2,3
1,0,1,1
2,0,2,0
0,1,1,30
1,0,1,0
1,0,1,0
1,0,1,0
2,0,2,0
3,0,3,0
0,2,2,2
1,0,1,0
3,0,3,0
1,0,1,0
1,0,1,0
2,0,2,0
1,0,1,0
1,0,1,0
2,0,2,0
1,0,1,0
1,0,1,0
0,1,1,1
0,1,1,20
2,0,2,0
1,0,1,0
1,0,1,0
1,0,1,0
1,0,1,0
1,0,1,0
1,0,1,0
2,0,2,0
1,0,1,0
1,0,1,0
0,1,1,5
1,0,1,0
1,0,1,0
1,0,1,0
1,0,1,0
0,1,1,22
1,0,1,0
1,0,1,0
1,0,1,0
1,0,1,0
0,1,1,152
0,1,1,53
1,0,1,0
1,0,1,0
1,0,1,0
1,0,1,0
3,0,3,0
1,0,1,0
1,0,1,0
0,1,1,263
1,0,1,0
1,0,1,0
1,0,1,0
1,0,1,0
1,0,1,0
3,0,3,0
1,0,1,0
1,0,1,0
1,0,1,0
1,0,1,0
1,0,1,0
0,1,1,0
1,0,1,0
1,0,1,0
1,0,1,0
0,2,2,35
1,0,1,0
1,0,1,0
1,0,1,0
0,1,1,32
1,0,1,0
1,0,1,0
1,0,1,0
1,0,1,0
1,0,1,0
1,0,1,0
0,2,2,14
1,0,1,0
1,0,1,0
1,0,1,0
1,0,1,0
1,0,1,0
0,1,1,40
1,0,1,0
1,0,1,0
0,2,2,3
1,0,1,0
2,0,2,0
2,0,2,0
1,0,1,0
1,0,1,0
2,0,2,0
0,1,1,8
2,0,2,0
1,0,1,0
1,0,1,0
1,0,1,0
1,0,1,0
1,0,1,0
1,0,1,0
0,1,1,17
3,0,3,0
1,0,1,0
0,1,1,3
3,0,3,0
1,0,1,0
1,0,1,0
1,0,1,0
4,0,4,0
1,0,1,0
0,1,1,13
1,0,1,0
1,0,1,0
4,0,4,0
1,0,1,0
2,0,2,0
1,0,1,0
1,0,1,0
0,2,2,5
2,0,2,0
0,1,1,5
1,0,1,0
2,0,2,0
1,0,1,0
1,0,1,0
1,0,1,0
1,0,1,0
1,0,1,0
1,0,1,0
1,0,1,0
3,0,3,0
2,0,2,0
5,0,5,0
1,0,1,0
1,0,1,0
1,0,1,0
0,1,1,14
1,0,1,0
0,1,1,96
1,0,1,0
0,1,1,28
1,0,1,0
1,0,1,0
1,0,1,0
1,0,1,0
1,0,1,0
1,0,1,0
1,0,1,0
0,1,1,22
1,0,1,0
1,0,1,0
1,0,1,0
1,0,1,0
1,0,1,0
1,0,1,0
1,0,1,0
1,0,1,0
1,0,1,0
1,0,1,0
0,1,1,4
2,0,2,0
3,0,3,0
2,0,2,0
1,0,1,0
1,0,1,0
3,0,3,0
1,0,1,0
1,0,1,0
1,0,1,0
1,0,1,0
1,0,1,0
1,0,1,0
1,0,1,0
4,0,4,0
1,0,1,0
0,1,1,29
1,0,1,0
1,0,1,0
1,0,1,0
1,0,1,0
1,0,1,0
0,1,1,13
4,0,4,0
1,0,1,0
1,0,1,0
0,1,1,1
1,0,1,0
1,0,1,0
1,0,1,0
1,0,1,0
3,0,3,0
1,0,1,0
1,0,1,0
1,0,1,0
1,0,1,0
1,0,1,0
1,0,1,0
3,0,3,0
0,1,1,48
1,0,1,0
2,0,2,0
1,0,1,0
1,0,1,0
1,0,1,0
1,0,1,0
1,0,1,0
1,0,1,0
1,0,1,0
1,0,1,0
2,0,2,0
3,0,3,0
1,0,1,0
1,0,1,0
0,1,1,13
0,1,1,86
0,1,1,8
3,0,3,0
3,0,3,0
1,0,1,0
1,0,1,0
2,0,2,0
1,0,1,0
0,1,1,62
0,1,1,4
1,0,1,0
3,0,3,0
1,0,1,0
1,0,1,0
3,0,3,0
1,0,1,0
1,0,1,0
2,0,2,0
0,1,1,0
2,0,2,0
2,0,2,0
2,0,2,0
1,0,1,0
2,0,2,0
0,1,1,13
1,0,1,0
4,0,4,0
1,0,1,0
1,0,1,0
1,0,1,0
1,0,1,0
1,0,1,0
0,1,1,5
1,0,1,0
0,1,1,1
1,0,1,0
1,0,1,0
0,1,1,18
1,0,1,0
2,0,2,0
1,0,1,0
0,2,2,156
2,0,2,0
2,0,2,0
1,0,1,0
0,1,1,1
3,0,3,0
2,0,2,0
0,1,1,2
1,0,1,0
1,0,1,0
1,0,1,0
1,0,1,0
1,0,1,0
2,0,2,0
1,0,1,0
1,0,1,0
2,0,2,0
1,0,1,0
1,0,1,0
1,0,1,0
1,0,1,0
1,0,1,0
4,0,4,0
1,0,1,0
1,0,1,0
1,0,1,0
1,0,1,0
1,0,1,0
1,0,1,0
1,0,1,0
1,0,1,0
0,1,1,14
1,0,1,0
1,0,1,0
1,0,1,0
1,0,1,0
1,0,1,0
1,0,1,0
0,2,2,4
1,0,1,0
1,0,1,0
1,0,1,0
1,0,1,0
0,1,1,0
2,0,2,0
0,1,1,0
1,0,1,0
0,1,1,5
2,0,2,0
2,0,2,0
1,0,1,0
1,0,1,0
1,0,1,0
2,0,2,0
1,0,1,0
1,0,1,0
0,1,1,6
0,1,1,7
2,0,2,0
2,0,2,0
0,4,4,6
1,0,1,0
1,0,1,0
3,0,3,0
1,0,1,0
1,0,1,0
0,1,1,1
1,0,1,0
1,0,1,0
0,1,1,3
2,0,2,0
1,0,1,0
2,0,2,0
2,0,2,0
0,1,1,3
1,0,1,0
1,0,1,0
0,1,1,1
2,0,2,0
4,0,4,0
1,0,1,0
2,0,2,0
1,0,1,0
0,1,1,39
0,1,1,0
1,0,1,0
1,0,1,0
1,0,1,0
1,0,1,0
1,0,1,0
1,0,1,0
1,0,1,0
0,2,2,40
1,0,1,0
1,0,1,0
2,0,2,0
0,1,1,30
0,1,1,96
1,0,1,0
1,0,1,0
1,0,1,0
1,0,1,0
0,1,1,9
1,0,1,0
0,1,1,1
1,0,1,0
1,0,1,0
1,0,1,0
2,0,2,0
1,0,1,0
1,0,1,0
1,0,1,0
0,1,1,0
1,0,1,0
0,1,1,9
1,0,1,0
1,0,1,0
1,0,1,0
1,0,1,0
1,0,1,0
3,0,3,0
1,0,1,0
0,1,1,3
1,0,1,0
4,0,4,0
0,1,1,5
1,0,1,0
1,0,1,0
1,0,1,0
1,0,1,0
1,0,1,0
1,0,1,0
0,1,1,3
1,0,1,0
1,0,1,0
1,0,1,0
1,0,1,0
1,0,1,0
2,0,2,0
1,0,1,0
0,1,1,21
0,1,1,31
1,0,1,0
1,0,1,0
0,1,1,5
0,1,1,42
1,0,1,0
1,0,1,0
1,0,1,0
1,0,1,0
1,0,1,0
2,0,2,0
1,0,1,0
1,0,1,0
1,0,1,0
2,0,2,0
2,0,2,0
1,0,1,0
1,0,1,0
1,0,1,0
1,0,1,0
1,0,1,0
1,0,1,0
1,0,1,0
1,0,1,0
1,0,1,0
1,0,1,0
1,0,1,0
2,0,2,0
1,0,1,0
1,0,1,0
1,0,1,0
1,0,1,0
1,0,1,0
1,0,1,0
2,0,2,0
1,0,1,0
1,0,1,0
0,1,1,24
1,0,1,0
1,0,1,0
1,0,1,0
3,0,3,0
1,0,1,0
1,0,1,0
0,2,2,0
1,0,1,0
3,0,3,0
1,0,1,0
1,0,1,0
1,0,1,0
1,0,1,0
2,0,2,0
1,0,1,0
0,1,1,4
1,0,1,0
1,0,1,0
1,0,1,0
1,0,1,0
1,0,1,0
1,0,1,0
1,0,1,0
1,0,1,0
1,0,1,0
1,0,1,0
2,0,2,0
1,0,1,0
1,0,1,0
0,2,2,24
1,0,1,0
0,1,1,6
1,0,1,0
1,0,1,0
0,1,1,45
2,0,2,0
1,0,1,0
1,0,1,0
1,0,1,0
1,0,1,0
1,0,1,0
1,0,1,0
0,1,1,13
1,0,1,0
2,0,2,0
1,0,1,0
0,1,1,18
1,0,1,0
0,1,1,0
1,0,1,0
1,0,1,0
2,0,2,0
1,0,1,0
0,1,1,46
1,0,1,0
1,0,1,0
1,0,1,0
1,0,1,0
2,0,2,0
3,0,3,0
0,3,3,9
0,1,1,10
1,0,1,0
1,0,1,0
1,0,1,0
0,1,1,40
1,0,1,0
1,0,1,0
1,0,1,0
1,0,1,0
1,0,1,0
2,0,2,0
1,0,1,0
1,0,1,0
2,0,2,0
1,0,1,0
1,0,1,0
1,0,1,0
2,0,2,0
1,0,1,0
1,0,1,0
1,0,1,0
1,0,1,0
1,0,1,0
1,0,1,0
1,0,1,0
2,0,2,0
0,1,1,8
1,0,1,0
1,0,1,0
1,0,1,0
1,0,1,0
1,0,1,0
1,0,1,0
1,0,1,0
0,2,2,11
1,0,1,0
1,0,1,0
1,0,1,0
0,1,1,30
1,0,1,0
2,0,2,0
3,0,3,0
0,2,2,55
2,0,2,0
1,0,1,0
1,0,1,0
1,0,1,0
3,0,3,0
1,0,1,0
1,0,1,0
1,0,1,0
0,1,1,171
1,0,1,0
2,0,2,0
3,0,3,0
1,0,1,0
1,0,1,0
2,0,2,0
1,0,1,0
1,0,1,0
1,0,1,0
1,0,1,0
1,0,1,0
1,0,1,0
1,0,1,0
1,0,1,0
1,0,1,0
0,1,1,1
0,1,1,29
2,0,2,0
0,1,1,24
1,0,1,0
2,0,2,0
1,0,1,0
0,1,1,0
0,1,1,14
1,0,1,0
0,1,1,1
1,0,1,0
1,0,1,0
0,1,1,20
1,0,1,0
0,1,1,12
0,1,1,0
1,0,1,0
1,0,1,0
1,0,1,0
0,1,1,28
1,0,1,0
1,0,1,0
1,0,1,0
2,0,2,0
1,0,1,0
0,1,1,42
1,0,1,0
1,0,1,0
1,0,1,0
1,0,1,0
1,0,1,0
1,0,1,0
1,0,1,0
1,0,1,0
0,1,1,17
1,0,1,0
1,0,1,0
1,0,1,0
1,0,1,0
1,0,1,0
1,0,1,0
1,0,1,0
1,0,1,0
1,0,1,0
1,0,1,0
1,0,1,0
1,0,1,0
0,1,1,0
1,0,1,0
1,0,1,0
1,0,1,0
2,0,2,0
1,0,1,0
0,1,1,2
1,0,1,0
1,0,1,0
0,1,1,0
1,0,1,0
4,0,4,0
1,0,1,0
1,0,1,0
1,0,1,0
0,1,1,0
0,1,1,9
1,0,1,0
1,0,1,0
1,0,1,0
1,0,1,0
2,0,2,0
1,0,1,0
1,0,1,0
1,0,1,0
1,0,1,0
1,0,1,0
1,0,1,0
1,0,1,0
1,0,1,0
2,0,2,0
1,0,1,0
2,0,2,0
1,0,1,0
1,0,1,0
1,0,1,0
0,1,1,68
2,0,2,0
2,0,2,0
2,0,2,0
1,0,1,0
1,0,1,0
1,0,1,0
1,0,1,0
2,0,2,0
1,0,1,0
1,0,1,0
0,1,1,0
1,0,1,0
1,0,1,0
1,0,1,0
3,0,3,0
1,0,1,0
2,0,2,0
2,0,2,0
2,0,2,0
0,1,1,1
2,0,2,0
1,0,1,0
1,0,1,0
1,0,1,0
1,0,1,0
1,0,1,0
1,0,1,0
0,1,1,3
1,0,1,0
2,0,2,0
1,0,1,0
1,0,1,0
0,1,1,5
1,0,1,0
1,0,1,0
2,0,2,0
3,0,3,0
6,0,6,0
1,0,1,0
3,0,3,0
1,0,1,0
1,0,1,0
1,0,1,0
1,0,1,0
1,0,1,0
1,0,1,0
1,0,1,0
1,0,1,0
1,0,1,0
1,0,1,0
1,0,1,0
4,0,4,0
1,0,1,0
0,1,1,25
3,0,3,0
1,0,1,0
2,0,2,0
1,0,1,0
3,0,3,0
1,0,1,0
2,0,2,0
1,0,1,0
1,0,1,0
7,0,7,0
2,0,2,0
1,0,1,0
1,0,1,0
2,0,2,0
2,0,2,0
1,0,1,0
1,0,1,0
0,1,1,6
1,0,1,0
0,1,1,6
0,1,1,28
1,0,1,0
1,0,1,0
0,1,1,0
1,0,1,0
1,0,1,0
1,0,1,0
1,0,1,0
2,0,2,0
1,0,1,0
1,0,1,0
1,0,1,0
1,0,1,0
1,0,1,0
0,1,1,10
1,0,1,0
0,1,1,6
1,0,1,0
1,0,1,0
1,0,1,0
1,0,1,0
1,0,1,0
1,0,1,0
1,0,1,0
0,2,2,37
1,0,1,0
4,0,4,0
1,0,1,0
1,0,1,0
1,0,1,0
2,0,2,0
1,0,1,0
1,0,1,0
0,1,1,30
0,1,1,117
1,0,1,0
1,0,1,0
1,0,1,0
1,0,1,0
1,0,1,0
1,0,1,0
1,0,1,0
2,0,2,0
1,0,1,0
1,0,1,0
1,0,1,0
1,0,1,0
1,0,1,0
3,0,3,0
1,0,1,0
0,1,1,2
1,0,1,0
1,0,1,0
0,1,1,10
1,0,1,0
5,0,5,0
0,2,2,4
3,0,3,0
1,0,1,0
1,0,1,0
2,0,2,0
0,1,1,0
0,1,1,3
0,1,1,4
1,0,1,0
1,0,1,0
1,0,1,0
1,0,1,0
1,0,1,0
1,0,1,0
1,0,1,0
1,0,1,0
1,0,1,0
1,0,1,0
1,0,1,0
2,0,2,0
1,0,1,0
2,0,2,0
0,3,3,0
0,2,2,39
0,1,1,11
1,0,1,0
1,0,1,0
1,0,1,0
1,0,1,0
2,0,2,0
1,0,1,0
1,0,1,0
1,0,1,0
0,1,1,3
1,0,1,0
0,1,1,4
1,0,1,0
1,0,1,0
2,0,2,0
2,0,2,0
2,0,2,0
1,0,1,0
4,0,4,0
0,2,2,2
2,0,2,0
1,0,1,0
1,0,1,0
1,0,1,0
0,1,1,2
2,0,2,0
1,0,1,0
0,1,1,36
1,0,1,0
2,0,2,0
1,0,1,0
1,0,1,0
1,0,1,0
1,0,1,0
1,0,1,0
1,0,1,0
1,0,1,0
1,0,1,0
1,0,1,0
1,0,1,0
2,0,2,0
0,2,2,23
2,0,2,0
0,1,1,3
0,1,1,1
1,0,1,0
2,0,2,0
1,0,1,0
3,0,3,0
1,0,1,0
0,1,1,18
0,1,1,4
2,0,2,0
2,0,2,0
1,0,1,0
1,0,1,0
0,1,1,19
2,0,2,0
1,0,1,0
1,0,1,0
1,0,1,0
1,0,1,0
1,0,1,0
1,0,1,0
2,0,2,0
2,0,2,0
1,0,1,0
1,0,1,0
1,0,1,0
1,0,1,0
1,0,1,0
0,1,1,2
1,0,1,0
1,0,1,0
1,0,1,0
1,0,1,0
1,0,1,0
0,1,1,1
2,0,2,0
1,0,1,0
1,0,1,0
1,0,1,0
1,0,1,0
2,0,2,0
1,0,1,0
5,0,5,0
1,0,1,0
1,0,1,0
2,0,2,0
1,0,1,0
2,0,2,0
1,0,1,0
1,0,1,0
4,0,4,0
1,0,1,0
1,0,1,0
0,1,1,17
1,0,1,0
1,0,1,0
1,0,1,0
1,0,1,0
2,0,2,0
2,0,2,0
1,0,1,0
1,0,1,0
1,0,1,0
1,0,1,0
1,0,1,0
1,0,1,0
0,1,1,23
0,1,1,0
1,0,1,0
2,0,2,0
1,0,1,0
2,0,2,0
1,0,1,0
1,0,1,0
1,0,1,0
1,0,1,0
0,1,1,0
1,0,1,0
0,1,1,19
1,0,1,0
1,0,1,0
1,0,1,0
1,0,1,0
1,0,1,0
0,1,1,27
0,1,1,1
1,0,1,0
0,1,1,12
1,0,1,0
1,0,1,0
2,0,2,0
1,0,1,0
1,0,1,0
1,0,1,0
0,1,1,4
1,0,1,0
2,0,2,0
0,1,1,42
1,0,1,0
1,0,1,0
0,1,1,0
1,0,1,0
0,1,1,0
1,0,1,0
1,0,1,0
2,0,2,0
1,0,1,0
2,0,2,0
1,0,1,0
1,0,1,0
1,0,1,0
1,0,1,0
0,1,1,39
1,0,1,0
1,0,1,0
2,0,2,0
1,0,1,0
2,0,2,0
1,0,1,0
1,0,1,0
0,1,1,78
0,3,3,3
1,0,1,0
1,0,1,0
1,0,1,0
2,0,2,0
1,0,1,0
1,0,1,0
1,0,1,0
2,0,2,0
2,0,2,0
0,2,2,10
1,0,1,0
1,0,1,0
1,0,1,0
3,0,3,0
2,0,2,0
1,0,1,0
0,1,1,11
0,1,1,16
1,0,1,0
2,0,2,0
1,0,1,0
1,0,1,0
0,2,2,25
1,0,1,0
1,0,1,0
1,0,1,0
0,1,1,37
2,0,2,0
1,0,1,0
0,1,1,5
1,0,1,0
0,2,2,84
1,0,1,0
1,0,1,0
1,0,1,0
0,1,1,3
1,0,1,0
1,0,1,0
0,1,1,1
1,0,1,0
1,0,1,0
1,0,1,0
1,0,1,0
1,0,1,0
1,0,1,0
1,0,1,0
0,1,1,1
0,2,2,0
1,0,1,0
1,0,1,0
1,0,1,0
1,0,1,0
1,0,1,0
1,0,1,0
1,0,1,0
1,0,1,0
1,0,1,0
1,0,1,0
1,0,1,0
2,0,2,0
1,0,1,0
1,0,1,0
0,1,1,0
1,0,1,0
1,0,1,0
1,0,1,0
1,0,1,0
1,0,1,0
1,0,1,0
1,0,1,0
1,0,1,0
1,0,1,0
2,0,2,0
0,1,1,1
1,0,1,0
1,0,1,0
1,0,1,0
0,1,1,13
1,0,1,0
1,0,1,0
1,0,1,0
1,0,1,0
1,0,1,0
3,0,3,0
1,0,1,0
0,1,1,1
1,0,1,0
1,0,1,0
0,2,2,32
1,0,1,0
1,0,1,0
1,0,1,0
1,0,1,0
1,0,1,0
1,0,1,0
1,0,1,0
1,0,1,0
1,0,1,0
1,0,1,0
1,0,1,0
0,1,1,24
1,0,1,0
0,1,1,2
1,0,1,0
1,0,1,0
2,0,2,0
1,0,1,0
0,1,1,17
1,0,1,0
2,0,2,0
0,1,1,5
0,1,1,1
2,0,2,0
1,0,1,0
2,0,2,0
1,0,1,0
1,0,1,0
1,0,1,0
0,1,1,15
1,0,1,0
0,1,1,0
3,0,3,0
1,0,1,0
2,0,2,0
1,0,1,0
1,0,1,0
0,2,2,13
1,0,1,0
1,0,1,0
2,0,2,0
1,0,1,0
1,0,1,0
1,0,1,0
1,0,1,0
3,0,3,0
5,0,5,0
0,1,1,7
1,0,1,0
1,0,1,0
0,1,1,41
1,0,1,0
0,1,1,0
2,0,2,0
3,0,3,0
1,0,1,0
1,0,1,0
2,0,2,0
0,1,1,28
0,1,1,5
2,0,2,0
1,0,1,0
1,0,1,0
0,1,1,9
1,0,1,0
0,1,1,7
1,0,1,0
0,1,1,138
1,0,1,0
1,0,1,0
1,0,1,0
0,1,1,1
2,0,2,0
1,0,1,0
1,0,1,0
2,0,2,0
0,1,1,20
0,1,1,4
0,1,1,5
1,0,1,0
1,0,1,0
0,1,1,0
1,0,1,0
1,0,1,0
1,0,1,0
1,0,1,0
0,1,1,6
1,0,1,0
1,0,1,0
1,0,1,0
3,0,3,0
1,0,1,0
1,0,1,0
0,1,1,19
1,0,1,0
1,0,1,0
1,0,1,0
1,0,1,0
2,0,2,0
2,0,2,0
1,0,1,0
1,0,1,0
1,0,1,0
2,0,2,0
1,0,1,0
2,0,2,0
1,0,1,0
1,0,1,0
1,0,1,0
0,1,1,31
1,0,1,0
0,1,1,24
2,0,2,0
0,1,1,3
0,2,2,4
1,0,1,0
1,0,1,0
0,2,2,1
1,0,1,0
1,0,1,0
1,0,1,0
1,0,1,0
2,0,2,0
1,0,1,0
1,0,1,0
2,0,2,0
1,0,1,0
2,0,2,0
1,0,1,0
1,0,1,0
1,0,1,0
1,0,1,0
1,0,1,0
1,0,1,0
1,0,1,0
2,0,2,0
1,0,1,0
0,2,2,10
1,0,1,0
2,0,2,0
1,0,1,0
1,0,1,0
1,0,1,0
1,0,1,0
1,0,1,0
1,0,1,0
2,0,2,0
0,1,1,2
1,0,1,0
1,0,1,0
1,0,1,0
1,0,1,0
1,0,1,0
1,0,1,0
1,0,1,0
1,0,1,0
0,1,1,8
2,0,2,0
1,0,1,0
1,0,1,0
1,0,1,0
1,0,1,0
0,1,1,2
1,0,1,0
1,0,1,0
0,1,1,33
0,1,1,93
1,0,1,0
1,0,1,0
1,0,1,0
0,1,1,6
1,0,1,0
1,0,1,0
1,0,1,0
0,1,1,8
2,0,2,0
1,0,1,0
3,0,3,0
1,0,1,0
1,0,1,0
1,0,1,0
0,2,2,1
2,0,2,0
0,1,1,7
0,1,1,51
2,0,2,0
1,0,1,0
1,0,1,0
2,0,2,0
1,0,1,0
1,0,1,0
2,0,2,0
1,0,1,0
1,0,1,0
1,0,1,0
1,0,1,0
1,0,1,0
1,0,1,0
1,0,1,0
2,0,2,0
0,2,2,38
0,1,1,7
1,0,1,0
2,0,2,0
1,0,1,0
1,0,1,0
1,0,1,0
1,0,1,0
1,0,1,0
0,2,2,27
1,0,1,0
1,0,1,0
1,0,1,0
1,0,1,0
1,0,1,0
1,0,1,0
1,0,1,0
1,0,1,0
1,0,1,0
1,0,1,0
1,0,1,0
1,0,1,0
2,0,2,0
1,0,1,0
0,2,2,8
2,0,2,0
1,0,1,0
1,0,1,0
1,0,1,0
1,0,1,0
1,0,1,0
1,0,1,0
5,0,5,0
0,1,1,2
1,0,1,0
1,0,1,0
1,0,1,0
1,0,1,0
1,0,1,0
1,0,1,0
1,0,1,0
1,0,1,0
1,0,1,0
0,1,1,17
1,0,1,0
1,0,1,0
0,1,1,78
1,0,1,0
0,2,2,9
1,0,1,0
1,0,1,0
0,1,1,24
1,0,1,0
1,0,1,0
1,0,1,0
1,0,1,0
0,1,1,3
1,0,1,0
1,0,1,0
3,0,3,0
1,0,1,0
0,1,1,1
1,0,1,0
1,0,1,0
1,0,1,0
1,0,1,0
2,0,2,0
2,0,2,0
1,0,1,0
0,1,1,9
1,0,1,0
1,0,1,0
1,0,1,0
1,0,1,0
1,0,1,0
2,0,2,0
1,0,1,0
1,0,1,0
1,0,1,0
1,0,1,0
1,0,1,0
1,0,1,0
0,1,1,9
1,0,1,0
1,0,1,0
1,0,1,0
1,0,1,0
2,0,2,0
0,2,2,4
1,0,1,0
1,0,1,0
1,0,1,0
2,0,2,0
1,0,1,0
2,0,2,0
1,0,1,0
1,0,1,0
1,0,1,0
1,0,1,0
1,0,1,0
0,1,1,27
1,0,1,0
1,0,1,0
1,0,1,0
1,0,1,73
0,1,1,0
2,0,2,0
1,0,1,0
0,2,2,8
2,0,2,0
2,0,2,0
2,0,2,0
0,1,1,5
1,0,1,0
1,0,1,0
0,1,1,13
1,0,1,0
2,0,2,0
1,0,1,0
1,0,1,0
1,0,1,0
1,0,1,0
1,0,1,0
3,0,3,0
1,0,1,0
1,0,1,0
1,0,1,0
1,0,1,0
1,0,1,0
1,0,1,0
1,0,1,0
1,0,1,0
2,0,2,0
0,2,2,18
1,0,1,0
1,0,1,0
2,0,2,0
1,0,1,0
1,0,1,0
1,0,1,0
1,0,1,0
1,0,1,0
1,0,1,0
1,0,1,0
1,0,1,0
1,0,1,0
1,0,1,0
1,0,1,0
1,0,1,0
1,0,1,0
1,0,1,0
0,2,2,132
2,0,2,0
1,0,1,0
1,0,1,0
1,0,1,0
0,1,1,0
1,0,1,0
2,0,2,0
1,0,1,0
1,0,1,0
1,0,1,0
1,0,1,0
0,1,1,38
3,0,3,0
1,0,1,0
1,0,1,0
1,0,1,0
1,0,1,0
1,0,1,0
1,0,1,0
0,1,1,51
1,0,1,0
2,0,2,0
1,0,1,0
1,0,1,0
0,1,1,0
0,1,1,28
0,1,1,2
1,0,1,0
2,0,2,0
1,0,1,0
1,0,1,0
1,0,1,0
1,0,1,0
0,1,1,2
1,0,1,0
1,0,1,0
1,0,1,0
0,1,1,68
1,0,1,0
0,1,1,16
1,0,1,0
1,0,1,0
1,0,1,0
1,0,1,0
0,2,2,6
1,0,1,0
1,0,1,0
1,0,1,0
0,2,2,33
1,0,1,0
1,0,1,0
2,0,2,0
1,0,1,0
1,0,1,0
0,1,1,0
0,1,1,1
0,1,1,2
0,2,2,45
1,0,1,0
0,3,3,1
5,0,5,0
1,0,1,0
1,0,1,0
2,0,2,0
1,0,1,0
1,0,1,0
0,1,1,2
1,0,1,0
1,0,1,0
0,1,1,0
1,0,1,0
0,1,1,3
1,0,1,0
0,1,1,142
1,0,1,0
1,0,1,0
1,0,1,0
0,1,1,0
1,0,1,0
1,0,1,0
1,0,1,0
1,0,1,0
1,0,1,0
1,0,1,0
1,0,1,0
1,0,1,0
1,0,1,0
1,0,1,0
1,0,1,0
1,0,1,0
1,0,1,0
0,1,1,33
0,1,1,13
0,1,1,0
1,0,1,0
1,0,1,0
0,1,1,10
1,0,1,0
1,0,1,0
1,0,1,0
0,1,1,0
1,0,1,0
1,0,1,0
1,0,1,0
0,1,1,2
1,0,1,0
1,0,1,0
1,0,1,0
1,0,1,0
1,0,1,0
3,0,3,0
1,0,1,12
0,1,1,2
1,0,1,0
1,0,1,0
1,0,1,0
1,0,1,0
1,0,1,0
2,0,2,0
1,0,1,0
1,0,1,0
1,0,1,0
1,0,1,0
1,0,1,0
0,1,1,1
1,0,1,0
0,1,1,21
2,0,2,0
1,0,1,0
0,1,1,33
1,0,1,0
1,0,1,0
1,0,1,0
1,0,1,0
1,0,1,0
1,0,1,0
1,0,1,0
1,0,1,0
1,0,1,0
2,0,2,0
1,0,1,0
1,0,1,0
2,0,2,0
1,0,1,0
1,0,1,0
0,2,2,0
1,0,1,0
3,0,3,0
1,0,1,0
1,0,1,0
1,0,1,0
1,0,1,0
0,1,1,5
1,0,1,0
1,0,1,0
1,0,1,0
2,0,2,0
1,0,1,0
0,1,1,0
1,0,1,0
2,0,2,0
1,0,1,0
1,0,1,0
1,0,1,0
1,0,1,0
3,0,3,0
1,0,1,0
1,0,1,0
1,0,1,0
0,1,1,5
1,0,1,0
1,0,1,0
0,1,1,48
0,3,3,50
1,0,1,0
1,0,1,0
1,0,1,0
2,0,2,0
0,2,2,26
0,4,4,6
0,1,1,143
3,0,3,0
1,0,1,0
1,0,1,0
1,0,1,0
1,0,1,0
1,0,1,0
2,0,2,0
1,0,1,0
1,0,1,0
1,0,1,0
1,0,1,0
2,0,2,0
1,0,1,0
2,0,2,0
1,0,1,0
2,0,2,0
0,1,1,11
2,0,2,0
1,0,1,0
2,0,2,0
1,0,1,0
1,0,1,0
0,1,1,81
1,0,1,0
1,0,1,0
2,0,2,0
1,0,1,0
3,0,3,0
0,1,1,37
2,0,2,0
0,1,1,0
1,0,1,0
1,0,1,0
2,0,2,0
0,1,1,31
1,0,1,0
1,0,1,0
1,0,1,0
1,0,1,0
2,0,2,0
1,0,1,0
1,0,1,0
1,0,1,0
1,0,1,0
1,0,1,0
1,0,1,0
1,0,1,0
1,0,1,0
1,0,1,0
1,0,1,0
0,1,1,7
1,0,1,0
1,0,1,0
1,0,1,0
1,0,1,0
1,0,1,0
2,0,2,0
1,0,1,0
1,0,1,0
0,1,1,8
1,0,1,0
1,0,1,0
1,0,1,0
1,0,1,0
1,0,1,0
1,0,1,0
2,0,2,0
1,0,1,0
2,0,2,0
1,0,1,0
0,1,1,4
1,0,1,0
1,0,1,0
1,0,1,0
2,0,2,0
1,0,1,0
1,0,1,0
1,0,1,0
1,0,1,0
1,0,1,0
2,0,2,0
1,0,1,0
1,0,1,0
1,0,1,0
2,0,2,0
1,0,1,0
1,0,1,0
1,0,1,0
1,0,1,0
1,0,1,0
1,0,1,0
2,0,2,0
1,0,1,0
0,1,1,104
0,1,1,72
2,0,2,0
1,0,1,0
2,0,2,0
1,0,1,0
1,0,1,0
0,1,1,10
3,0,3,0
0,1,1,45
1,0,1,0
1,0,1,0
0,2,2,1
1,0,1,0
1,0,1,0
1,0,1,0
0,2,2,4
1,0,1,0
1,0,1,0
0,1,1,2
1,0,1,0
1,0,1,0
1,0,1,0
0,1,1,16
1,0,1,0
0,1,1,5
1,0,1,0
1,0,1,0
1,0,1,0
1,0,1,0
0,1,1,27
1,0,1,0
1,0,1,0
1,0,1,0
1,0,1,0
1,0,1,0
1,0,1,0
1,0,1,0
1,0,1,0
2,0,2,0
1,0,1,0
1,0,1,0
1,0,1,0
1,0,1,0
1,0,1,0
1,0,1,0
1,0,1,0
2,0,2,0
1,0,1,0
1,0,1,0
1,0,1,0
1,0,1,0
1,0,1,0
1,0,1,0
1,0,1,0
2,0,2,0
1,0,1,0
1,0,1,0
1,0,1,0
2,0,2,0
1,0,1,0
2,0,2,0
1,0,1,0
1,0,1,0
1,0,1,0
1,0,1,0
1,0,1,0
1,0,1,0
1,0,1,0
1,0,1,0
1,0,1,0
1,0,1,0
0,2,2,6
1,0,1,0
1,0,1,0
1,0,1,0
0,1,1,4
1,0,1,0
1,0,1,0
1,0,1,0
1,0,1,0
1,0,1,0
1,0,1,0
2,0,2,0
1,0,1,0
1,0,1,0
1,0,1,0
1,0,1,0
1,0,1,0
1,0,1,0
0,1,1,19
1,0,1,0
1,0,1,0
1,0,1,0
1,0,1,0
1,0,1,0
1,0,1,0
1,0,1,0
1,0,1,0
1,0,1,0
1,0,1,0
1,0,1,0
2,0,2,0
1,0,1,0
2,0,2,0
1,0,1,0
1,0,1,0
1,0,1,0
1,0,1,0
1,0,1,0
1,0,1,0
1,0,1,0
2,0,2,0
0,1,1,24
2,0,2,0
1,0,1,0
1,0,1,0
1,0,1,0
1,0,1,0
0,1,1,11
1,0,1,0
1,0,1,0
1,0,1,0
1,0,1,0
2,0,2,0
1,0,1,0
1,0,1,0
1,0,1,0
2,0,2,0
0,3,3,28
1,0,1,0
2,0,2,0
0,1,1,1
1,0,1,0
1,0,1,0
1,0,1,0
1,0,1,0
1,0,1,0
2,0,2,0
1,0,1,0
1,0,1,0
2,0,2,0
1,0,1,0
1,0,1,0
0,1,1,5
1,0,1,0
1,0,1,0
1,0,1,0
0,2,2,2
1,0,1,0
1,0,1,0
1,0,1,0
1,0,1,0
1,0,1,0
1,0,1,0
1,0,1,0
1,0,1,0
0,1,1,5
0,1,1,1
1,0,1,0
0,4,4,39
1,0,1,0
1,0,1,0
1,0,1,0
2,0,2,0
0,1,1,6
1,0,1,0
2,0,2,0
2,0,2,0
1,0,1,0
1,0,1,0
0,1,1,2
1,0,1,0
0,1,1,28
1,0,1,0
1,0,1,0
1,0,1,0
4,0,4,0
1,0,1,0
2,0,2,0
0,2,2,29
2,0,2,0
2,0,2,0
1,0,1,0
1,0,1,0
1,0,1,0
1,0,1,0
1,0,1,0
0,1,1,0
1,0,1,0
0,1,1,6
0,1,1,59
1,0,1,0
1,0,1,0
1,0,1,0
0,2,2,51
1,0,1,0
1,0,1,0
1,0,1,0
3,0,3,0
1,0,1,0
1,0,1,0
1,0,1,0
2,0,2,0
1,0,1,0
1,0,1,0
1,0,1,0
1,0,1,0
1,0,1,0
1,0,1,0
1,0,1,0
1,0,1,0
1,0,1,0
1,0,1,0
1,0,1,0
1,0,1,0
0,1,1,1
0,1,1,23
2,0,2,0
0,1,1,12
1,0,1,0
1,0,1,0
0,2,2,64
0,2,2,24
1,0,1,0
1,0,1,0
1,0,1,0
0,2,2,99
1,0,1,0
1,0,1,0
1,0,1,0
3,0,3,0
1,0,1,0
3,0,3,0
2,0,2,0
2,0,2,0
1,0,1,0
1,0,1,0
1,0,1,0
0,1,1,4
0,1,1,28
2,0,2,0
1,0,1,0
1,0,1,0
1,0,1,0
0,1,1,20
0,2,2,28
1,0,1,0
0,2,2,2
0,1,1,0
1,0,1,0
1,0,1,0
1,0,1,0
1,0,1,0
1,0,1,0
0,2,2,135
1,0,1,0
1,0,1,0
1,0,1,0
1,0,1,0
1,0,1,0
1,0,1,0
1,0,1,0
1,0,1,0
2,0,2,0
0,1,1,0
1,0,1,0
1,0,1,0
1,0,1,0
1,0,1,0
1,0,1,0
1,0,1,0
0,1,1,28
1,0,1,0
1,0,1,0
1,0,1,0
2,0,2,0
1,0,1,0
0,1,1,47
0,3,3,60
3,0,3,0
1,0,1,0
1,0,1,0
1,0,1,0
0,1,1,5
0,1,1,1
0,1,1,73
1,0,1,0
1,0,1,0
1,0,1,0
1,0,1,0
1,0,1,0
0,1,1,0
2,0,2,0
1,0,1,0
0,1,1,0
1,0,1,0
1,0,1,0
1,0,1,0
2,0,2,0
1,0,1,0
1,0,1,0
1,0,1,0
1,0,1,0
1,0,1,0
1,0,1,0
1,0,1,0
0,1,1,29
1,0,1,0
1,0,1,0
1,0,1,0
2,0,2,0
1,0,1,0
1,0,1,0
1,0,1,0
1,0,1,0
1,0,1,0
1,0,1,0
1,0,1,0
1,0,1,0
1,0,1,0
2,0,2,0
0,1,1,0
1,0,1,0
2,0,2,0
1,0,1,0
1,0,1,0
1,0,1,0
2,0,2,0
0,1,1,11
1,0,1,0
2,0,2,0
1,0,1,0
1,0,1,0
1,0,1,0
1,0,1,0
1,0,1,0
1,0,1,0
1,0,1,0
1,0,1,0
1,0,1,0
1,0,1,0
1,0,1,0
2,0,2,0
1,0,1,0
1,0,1,0
0,1,1,6
1,0,1,0
1,0,1,0
1,0,1,0
0,1,1,2
1,0,1,0
1,0,1,0
1,0,1,0
1,0,1,0
1,0,1,0
1,0,1,0
1,0,1,0
1,0,1,0
0,1,1,6
0,1,1,6
1,0,1,0
1,0,1,0
1,0,1,0
1,0,1,0
1,0,1,0
1,0,1,0
1,0,1,0
0,1,1,21
1,0,1,0
1,0,1,0
1,0,1,0
2,0,2,0
2,0,2,0
1,0,1,0
2,0,2,0
0,2,2,6
1,0,1,0
1,0,1,0
2,0,2,0
1,0,1,0
1,0,1,0
1,0,1,0
1,0,1,0
1,0,1,0
4,0,4,0
2,0,2,0
1,0,1,0
1,0,1,0
0,1,1,2
1,0,1,0
2,0,2,0
1,0,1,0
2,0,2,0
0,2,2,14
2,0,2,0
2,0,2,0
1,0,1,0
1,0,1,0
1,0,1,0
1,0,1,0
1,0,1,0
0,5,5,0
0,1,1,5
1,0,1,0
1,0,1,0
0,4,4,1
0,1,1,20
1,0,1,0
1,0,1,0
1,0,1,0
1,0,1,0
0,1,1,32
0,1,1,4
2,0,2,0
1,0,1,0
1,0,1,0
1,0,1,0
1,0,1,0
1,0,1,0
2,0,2,0
0,1,1,7
1,0,1,0
1,0,1,0
2,0,2,0
1,0,1,0
1,0,1,0
1,0,1,0
0,4,4,19
1,0,1,0
1,0,1,0
1,0,1,0
1,0,1,0
1,0,1,0
1,0,1,0
1,0,1,0
1,0,1,0
1,0,1,0
1,0,1,0
0,1,1,28
1,0,1,0
1,0,1,0
2,0,2,0
1,0,1,0
2,0,2,0
4,0,4,0
1,0,1,0
1,0,1,0
1,0,1,0
1,0,1,0
3,0,3,0
1,0,1,0
0,1,1,91
1,0,1,0
1,0,1,0
1,0,1,0
0,1,1,6
1,0,1,0
0,1,1,12
0,1,1,19
1,0,1,0
0,1,1,5
1,0,1,0
1,0,1,0
1,0,1,0
1,0,1,0
1,0,1,0
1,0,1,0
0,1,1,7
0,1,1,5
0,1,1,0
1,0,1,0
1,0,1,0
1,0,1,0
1,0,1,0
0,1,1,3
0,1,1,0
1,0,1,0
0,1,1,0
0,1,1,7
0,1,1,7
0,1,1,10
1,0,1,0
1,0,1,0
0,2,2,1
0,2,2,4
1,0,1,0
1,0,1,0
1,0,1,0
1,0,1,0
1,0,1,0
3,0,3,0
1,0,1,0
3,0,3,0
1,0,1,0
1,0,1,0
1,0,1,0
1,0,1,0
1,0,1,0
0,2,2,4
1,0,1,0
1,0,1,0
1,0,1,0
0,1,1,0
1,0,1,0
0,1,1,1
1,0,1,0
1,0,1,0
2,0,2,0
0,2,2,14
1,0,1,0
1,0,1,0
2,0,2,0
1,0,1,0
1,0,1,0
0,1,1,15
1,0,1,0
1,0,1,0
1,0,1,0
0,1,1,12
1,0,1,0
1,0,1,0
1,0,1,0
1,0,1,0
1,0,1,0
2,0,2,0
1,0,1,0
1,0,1,0
1,0,1,0
0,1,1,0
1,0,1,0
1,0,1,0
1,0,1,0
1,0,1,0
1,0,1,0
1,0,1,0
4,0,4,0
2,0,2,0
2,0,2,0
1,0,1,0
0,1,1,31
1,0,1,0
1,0,1,0
1,0,1,0
2,0,2,0
1,0,1,0
2,0,2,0
1,0,1,0
0,1,1,0
2,0,2,0
1,0,1,0
2,0,2,0
2,0,2,0
1,0,1,0
1,0,1,0
1,0,1,0
1,0,1,0
1,0,1,0
1,0,1,0
1,0,1,0
0,2,2,19
1,0,1,0
1,0,1,0
0,1,1,2
1,0,1,0
1,0,1,0
1,0,1,0
1,0,1,0
2,0,2,0
1,0,1,0
1,0,1,0
1,0,1,0
1,0,1,0
1,0,1,0
2,0,2,0
2,0,2,0
1,0,1,0
1,0,1,0
2,0,2,0
1,0,1,0
1,0,1,0
1,0,1,0
1,0,1,0
2,0,2,0
1,0,1,0
2,0,2,0
1,0,1,0
1,0,1,0
1,0,1,0
1,0,1,0
1,0,1,0
1,0,1,0
1,0,1,0
2,0,2,0
2,0,2,0
1,0,1,0
0,3,3,14
3,0,3,0
0,1,1,9
1,0,1,0
1,0,1,0
0,3,3,13
1,0,1,0
1,0,1,0
1,0,1,0
1,0,1,0
3,0,3,0
1,0,1,0
1,0,1,0
1,0,1,0
1,0,1,0
0,1,1,15
1,0,1,0
0,5,5,4
1,0,1,0
1,0,1,0
0,2,2,13
1,0,1,0
1,0,1,0
0,2,2,2
1,0,1,0
1,0,1,0
1,0,1,0
1,0,1,0
1,0,1,0
1,0,1,0
1,0,1,0
1,0,1,0
0,1,1,86
1,0,1,0
1,0,1,0
1,0,1,0
1,0,1,0
1,0,1,0
0,1,1,27
1,0,1,0
1,0,1,0
1,0,1,0
1,0,1,0
0,1,1,2
6,0,6,0
1,0,1,0
2,0,2,0
1,0,1,0
2,0,2,0
0,2,2,20
1,0,1,0
1,0,1,0
1,0,1,0
2,0,2,0
1,0,1,0
0,1,1,5
1,0,1,0
1,0,1,0
1,0,1,0
1,0,1,0
1,0,1,0
2,0,2,0
1,0,1,0
0,1,1,0
1,0,1,0
0,1,1,29
1,0,1,0
1,0,1,0
1,0,1,0
1,0,1,0
1,0,1,0
1,0,1,0
1,0,1,0
1,0,1,0
0,2,2,6
1,0,1,0
1,0,1,0
1,0,1,0
0,2,2,146
2,0,2,0
1,0,1,0
1,0,1,0
1,0,1,0
1,0,1,0
2,0,2,0
1,0,1,0
0,3,3,0
1,0,1,0
1,0,1,0
1,0,1,0
1,0,1,0
1,0,1,0
1,0,1,0
1,0,1,0
1,0,1,0
0,1,1,14
1,0,1,0
1,0,1,0
2,0,2,0
2,0,2,0
0,2,2,4
1,0,1,0
0,1,1,7
1,0,1,0
1,0,1,0
1,0,1,0
1,0,1,0
1,0,1,0
2,0,2,0
0,1,1,9
1,0,1,0
2,0,2,0
0,1,1,8
2,0,2,0
1,0,1,0
1,0,1,0
2,0,2,0
1,0,1,0
1,0,1,0
2,0,2,0
2,0,2,0
1,0,1,0
1,0,1,0
1,0,1,0
1,0,1,0
1,0,1,0
1,0,1,0
1,0,1,0
1,0,1,0
1,0,1,0
1,0,1,0
1,0,1,0
1,0,1,0
1,0,1,0
2,0,2,0
0,1,1,4
0,1,1,31
1,0,1,0
1,0,1,0
1,0,1,0
2,0,2,0
1,0,1,0
1,0,1,0
1,0,1,0
1,0,1,0
1,0,1,0
1,0,1,0
1,0,1,0
1,0,1,0
1,0,1,0
2,0,2,0
2,0,2,0
1,0,1,0
0,2,2,12
1,0,1,0
1,0,1,0
1,0,1,0
1,0,1,0
0,1,1,25
1,0,1,0
0,1,1,10
1,0,1,0
0,1,1,8
2,0,2,0
1,0,1,0
1,0,1,0
1,0,1,0
1,0,1,0
1,0,1,0
1,0,1,0
2,0,2,0
0,1,1,4
1,0,1,0
0,1,1,9
1,0,1,0
1,0,1,0
2,0,2,0
1,0,1,0
2,0,2,0
0,2,2,0
2,0,2,0
1,0,1,0
1,0,1,0
0,1,1,125
1,0,1,0
1,0,1,0
1,0,1,0
1,0,1,0
1,0,1,0
3,0,3,0
1,0,1,0
1,0,1,0
0,1,1,0
2,0,2,0
1,0,1,0
1,0,1,0
1,0,1,0
2,0,2,0
1,0,1,0
1,0,1,0
0,2,2,9
2,0,2,0
1,0,1,0
0,1,1,16
1,0,1,0
1,0,1,0
1,0,1,0
1,0,1,0
1,0,1,0
1,0,1,0
1,0,1,0
1,0,1,0
1,0,1,0
1,0,1,0
1,0,1,0
1,0,1,0
1,0,1,0
1,0,1,0
2,0,2,0
1,0,1,0
1,0,1,0
0,1,1,1
0,1,1,5
1,0,1,0
1,0,1,0
0,1,1,10
0,1,1,127
1,0,1,0
2,0,2,0
1,0,1,0
1,0,1,0
1,0,1,0
1,0,1,0
1,0,1,0
2,0,2,0
1,0,1,0
1,0,1,0
0,2,2,21
1,0,1,0
1,0,1,0
1,0,1,0
2,0,2,0
0,5,5,1
2,0,2,0
0,1,1,9
0,1,1,72
1,0,1,0
3,0,3,0
2,0,2,0
1,0,1,0
1,0,1,0
1,0,1,0
1,0,1,0
1,0,1,0
1,0,1,0
1,0,1,0
1,0,1,0
1,0,1,0
1,0,1,0
2,0,2,0
2,0,2,0
1,0,1,0
1,0,1,0
2,0,2,0
0,1,1,2
2,0,2,0
1,0,1,0
0,1,1,2
1,0,1,0
1,0,1,0
1,0,1,0
1,0,1,0
3,0,3,0
1,0,1,0
1,0,1,0
2,0,2,0
2,0,2,0
2,0,2,0
2,0,2,0
0,1,1,4
2,0,2,0
1,0,1,0
0,1,1,1
1,0,1,0
1,0,1,0
1,0,1,0
1,0,1,0
1,0,1,0
0,1,1,33
4,0,4,0
1,0,1,0
2,0,2,0
1,0,1,0
2,0,2,0
2,0,2,0
2,0,2,0
1,0,1,0
1,0,1,0
1,0,1,0
1,0,1,0
2,0,2,0
3,0,3,0
0,1,1,1
0,1,1,43
1,0,1,0
1,0,1,0
2,0,2,0
1,0,1,0
1,0,1,0
0,1,1,62
2,0,2,0
1,0,1,0
2,0,2,0
0,2,2,7
0,1,1,5
1,0,1,0
1,0,1,0
1,0,1,0
1,0,1,0
1,0,1,0
1,0,1,0
1,0,1,0
1,0,1,0
0,1,1,6
1,0,1,0
3,0,3,0
1,0,1,0
1,0,1,0
1,0,1,0
0,1,1,14
2,0,2,0
1,0,1,0
1,0,1,0
4,0,4,0
0,1,1,0
0,1,1,42
2,0,2,0
1,0,1,0
1,0,1,0
1,0,1,0
0,1,1,26
1,0,1,0
1,0,1,0
1,0,1,0
0,1,1,3
2,0,2,0
1,0,1,0
1,0,1,0
5,0,5,0
4,0,4,0
1,0,1,0
1,0,1,0
1,0,1,0
1,0,1,0
1,0,1,0
0,1,1,2
1,0,1,0
1,0,1,0
2,0,2,0
1,0,1,0
1,0,1,0
1,0,1,0
0,1,1,49
3,0,3,0
1,0,1,0
1,0,1,0
2,0,2,0
1,0,1,0
1,0,1,0
1,0,1,0
1,0,1,0
1,0,1,0
2,0,2,0
1,0,1,0
1,0,1,0
1,0,1,0
1,0,1,0
2,0,2,0
1,0,1,0
0,1,1,0
1,0,1,0
1,0,1,0
2,0,2,0
0,1,1,14
1,0,1,0
1,0,1,0
2,0,2,0
1,0,1,0
1,0,1,0
1,0,1,0
1,0,1,0
1,0,1,0
0,1,1,9
1,0,1,0
1,0,1,0
2,0,2,0
1,0,1,0
2,0,2,0
1,0,1,0
1,0,1,0
0,2,2,0
1,0,1,0
2,0,2,0
1,0,1,0
0,1,1,13
1,0,1,0
2,0,2,0
1,0,1,0
1,0,1,0
1,0,1,0
1,0,1,0
1,0,1,0
1,0,1,0
1,0,1,0
1,0,1,0
1,0,1,0
1,0,1,0
1,0,1,0
3,0,3,0
1,0,1,0
0,1,1,105
1,0,1,0
0,2,2,33
0,2,2,6
1,0,1,0
1,0,1,0
2,0,2,0
3,0,3,0
1,0,1,0
2,0,2,0
1,0,1,0
1,0,1,0
1,0,1,0
1,0,1,0
1,0,1,0
1,0,1,0
3,0,3,0
1,0,1,0
1,0,1,0
0,1,1,174
0,1,1,15
0,1,1,23
1,0,1,0
0,1,1,55
1,0,1,0
1,0,1,0
1,0,1,0
1,0,1,0
1,0,1,0
1,0,1,0
1,0,1,0
1,0,1,0
0,2,2,71
1,0,1,0
1,0,1,0
2,0,2,0
1,0,1,0
1,0,1,0
0,1,1,29
2,0,2,0
0,1,1,3
1,0,1,0
3,0,3,0
2,0,2,0
1,0,1,0
1,0,1,0
0,1,1,36
0,1,1,6
0,1,1,1
0,2,2,95
1,0,1,0
1,0,1,0
1,0,1,0
1,0,1,0
2,0,2,0
1,0,1,0
1,0,1,0
1,0,1,0
0,1,1,1
0,1,1,39
2,0,2,0
1,0,1,0
1,0,1,0
0,1,1,7
3,0,3,0
1,0,1,0
1,0,1,0
1,0,1,0
1,0,1,0
1,0,1,0
1,0,1,0
1,0,1,0
1,0,1,0
0,1,1,19
1,0,1,0
1,0,1,0
1,0,1,0
1,0,1,0
0,1,1,5
1,0,1,0
0,2,2,18
0,1,1,0
1,0,1,0
1,0,1,0
1,0,1,0
1,0,1,0
2,0,2,0
1,0,1,0
3,0,3,0
1,0,1,0
1,0,1,0
1,0,1,0
1,0,1,0
1,0,1,0
1,0,1,0
1,0,1,0
2,0,2,0
1,0,1,0
0,2,2,7
0,1,1,10
1,0,1,0
0,2,2,17
0,1,1,9
2,0,2,0
1,0,1,0
2,0,2,0
1,0,1,0
1,0,1,0
1,0,1,0
1,0,1,0
1,0,1,0
0,1,1,5
1,0,1,0
0,1,1,119
1,0,1,0
1,0,1,0
1,0,1,0
1,0,1,0
1,0,1,0
0,1,1,26
1,0,1,0
0,1,1,43
1,0,1,0
1,0,1,0
1,0,1,0
1,0,1,0
2,0,2,0
1,0,1,0
1,0,1,0
1,0,1,0
1,0,1,0
0,1,1,31
1,0,1,0
1,0,1,0
0,1,1,64
1,0,1,0
2,0,2,0
1,0,1,0
1,0,1,0
1,0,1,0
1,0,1,0
3,0,3,0
2,0,2,0
1,0,1,0
1,0,1,0
2,0,2,0
2,0,2,0
0,1,1,35
0,1,1,1
0,1,1,17
1,0,1,0
1,0,1,0
1,0,1,0
1,0,1,0
0,1,1,25
1,0,1,0
1,0,1,0
0,1,1,48
1,0,1,0
1,0,1,0
1,0,1,0
2,0,2,0
1,0,1,0
0,1,1,10
1,0,1,0
1,0,1,0
0,5,5,9
0,1,1,15
1,0,1,0
1,0,1,0
1,0,1,0
0,1,1,26
2,0,2,0
0,1,1,3
1,0,1,0
2,0,2,0
2,0,2,0
1,0,1,0
1,0,1,0
1,0,1,0
1,0,1,0
0,2,2,6
0,1,1,0
1,0,1,0
1,0,1,0
1,0,1,0
1,0,1,0
2,0,2,0
1,0,1,0
2,0,2,0
1,0,1,0
0,1,1,150
1,0,1,0
1,0,1,0
0,1,1,15
1,0,1,0
1,0,1,0
1,0,1,0
1,0,1,0
1,0,1,0
1,0,1,0
1,0,1,0
2,0,2,0
2,0,2,0
0,1,1,59
1,0,1,0
0,1,1,8
0,1,1,1
1,0,1,0
1,0,1,0
1,0,1,0
1,0,1,0
0,2,2,25
0,1,1,0
0,1,1,3
1,0,1,0
2,0,2,0
1,0,1,0
0,2,2,26
1,0,1,0
1,0,1,0
1,0,1,0
0,1,1,3
1,0,1,0
2,0,2,0
1,0,1,0
1,0,1,0
1,0,1,0
1,0,1,0
1,0,1,0
1,0,1,0
2,0,2,0
1,0,1,0
2,0,2,0
1,0,1,0
1,0,1,0
2,0,2,0
0,1,1,0
1,0,1,0
1,0,1,0
1,0,1,0
3,0,3,0
0,1,1,3
0,1,1,123
1,0,1,0
1,0,1,0
1,0,1,0
3,0,3,0
1,0,1,0
0,1,1,1
1,0,1,0
2,0,2,0
1,0,1,0
1,0,1,0
0,1,1,1
0,1,1,16
1,0,1,0
1,0,1,0
1,0,1,0
1,0,1,0
1,0,1,0
0,1,1,0
1,0,1,0
1,0,1,0
0,1,1,51
1,0,1,0
1,0,1,0
1,0,1,0
1,0,1,0
2,0,2,0
0,1,1,0
1,0,1,0
2,0,2,0
1,0,1,0
1,0,1,0
2,0,2,0
1,0,1,0
1,0,1,0
1,0,1,0
1,0,1,0
1,0,1,0
0,1,1,4
0,1,1,3
2,0,2,0
1,0,1,0
0,1,1,3
0,1,1,2
1,0,1,0
1,0,1,0
1,0,1,0
1,0,1,0
1,0,1,0
1,0,1,0
1,0,1,0
2,0,2,0
1,0,1,0
1,0,1,0
0,4,4,7
0,1,1,44
1,0,1,0
1,0,1,0
0,1,1,1
2,0,2,0
1,0,1,0
1,0,1,0
0,1,1,0
1,0,1,0
1,0,1,0
0,1,1,21
1,0,1,0
1,0,1,0
1,0,1,0
0,1,1,20
1,0,1,0
1,0,1,0
1,0,1,0
0,4,4,2
1,0,1,0
1,0,1,0
2,0,2,0
1,0,1,0
1,0,1,0
0,1,1,0
1,0,1,0
1,0,1,0
1,0,1,0
0,1,1,2
1,0,1,0
1,0,1,0
1,0,1,0
1,0,1,0
1,0,1,0
0,1,1,0
1,0,1,0
1,0,1,0
1,0,1,0
1,0,1,0
1,0,1,0
0,1,1,9
1,0,1,0
2,0,2,0
1,0,1,0
1,0,1,0
1,0,1,0
1,0,1,0
0,1,1,25
1,0,1,0
1,0,1,0
1,0,1,0
1,0,1,0
1,0,1,0
0,1,1,0
1,0,1,0
1,0,1,0
8,0,8,0
1,0,1,0
1,0,1,0
2,0,2,0
2,0,2,0
1,0,1,0
1,0,1,0
0,2,2,2
1,0,1,0
2,0,2,0
1,0,1,0
1,0,1,0
1,0,1,0
1,0,1,0
1,0,1,0
0,1,1,4
0,2,2,12
1,0,1,0
1,0,1,0
0,2,2,42
1,0,1,0
1,0,1,0
1,0,1,0
1,0,1,0
1,0,1,0
1,0,1,0
1,0,1,0
1,0,1,0
1,0,1,0
2,0,2,0
1,0,1,0
1,0,1,0
0,1,1,2
1,0,1,0
1,0,1,0
0,1,1,0
1,0,1,0
1,0,1,0
0,1,1,16
1,0,1,0
1,0,1,0
1,0,1,0
1,0,1,0
1,0,1,0
2,0,2,0
0,1,1,0
1,0,1,0
2,0,2,0
1,0,1,0
1,0,1,0
1,0,1,0
2,0,2,0
1,0,1,0
0,1,1,6
0,1,1,8
1,0,1,0
1,0,1,0
3,0,3,0
1,0,1,0
0,2,2,12
1,0,1,0
1,0,1,0
1,0,1,0
1,0,1,0
1,0,1,0
2,0,2,0
2,0,2,0
2,0,2,0
1,0,1,0
3,0,3,0
1,0,1,0
1,0,1,0
2,0,2,7
1,0,1,0
1,0,1,0
1,0,1,0
1,0,1,0
1,0,1,0
2,0,2,0
1,0,1,0
1,0,1,0
1,0,1,0
1,0,1,0
1,0,1,0
1,0,1,0
1,0,1,0
1,0,1,0
1,0,1,0
2,0,2,0
1,0,1,0
3,0,3,0
1,0,1,0
2,0,2,0
0,2,2,0
2,0,2,0
1,0,1,0
0,1,1,1
1,0,1,0
1,0,1,0
1,0,1,0
1,0,1,0
1,0,1,0
1,0,1,0
1,0,1,0
1,0,1,0
0,1,1,2
1,0,1,0
1,0,1,0
1,0,1,0
2,0,2,0
4,0,4,0
1,0,1,0
0,1,1,13
0,1,1,9
1,0,1,0
2,0,2,0
1,0,1,0
2,0,2,0
1,0,1,0
1,0,1,0
1,0,1,0
0,2,2,0
1,0,1,0
1,0,1,0
2,0,2,0
1,0,1,0
1,0,1,0
0,1,1,14
2,0,2,0
0,1,1,25
1,0,1,0
1,0,1,0
1,0,1,0
1,0,1,0
1,0,1,0
1,0,1,0
1,0,1,0
0,1,1,3
1,0,1,0
1,0,1,0
3,0,3,0
1,0,1,0
1,0,1,0
4,0,4,0
1,0,1,0
1,0,1,0
1,0,1,0
0,1,1,6
1,0,1,0
1,0,1,0
1,0,1,0
0,1,1,4
1,0,1,0
1,0,1,0
1,0,1,0
2,0,2,0
3,0,3,0
1,0,1,0
1,0,1,0
2,0,2,0
0,2,2,31
1,0,1,0
1,0,1,0
0,1,1,7
1,0,1,0
1,0,1,0
2,0,2,0
1,0,1,0
2,0,2,0
1,0,1,0
1,0,1,0
1,0,1,0
1,0,1,0
1,0,1,0
1,0,1,0
1,0,1,0
1,0,1,0
2,0,2,0
1,0,1,0
1,0,1,0
0,1,1,9
0,1,1,5
1,0,1,0
1,0,1,0
1,0,1,0
1,0,1,0
1,0,1,0
1,0,1,0
1,0,1,0
1,0,1,0
2,0,2,0
1,0,1,0
1,0,1,0
1,0,1,0
1,0,1,0
1,0,1,0
1,0,1,0
1,0,1,0
0,1,1,100
1,0,1,0
0,1,1,10
1,0,1,0
2,0,2,0
1,0,1,0
1,0,1,0
1,0,1,0
1,0,1,0
3,0,3,0
1,0,1,0
1,0,1,0
1,0,1,0
1,0,1,0
1,0,1,0
1,0,1,0
2,0,2,0
1,0,1,0
1,0,1,0
1,0,1,0
0,1,1,1
1,0,1,0
0,1,1,1
1,0,1,0
1,0,1,0
2,0,2,0
1,0,1,0
2,0,2,0
1,0,1,0
1,0,1,0
1,0,1,0
1,0,1,0
0,2,2,15
2,0,2,0
1,0,1,0
1,0,1,0
0,1,1,13
0,1,1,4
2,0,2,0
1,0,1,0
1,0,1,0
1,0,1,0
1,0,1,0
1,0,1,0
3,0,3,0
1,0,1,0
1,0,1,0
1,0,1,0
1,0,1,0
1,0,1,0
1,0,1,0
1,0,1,0
1,0,1,0
1,0,1,0
0,1,1,1
1,0,1,0
1,0,1,0
1,0,1,0
2,0,2,0
1,0,1,0
1,0,1,0
0,1,1,2
1,0,1,0
0,1,1,13
1,0,1,0
0,3,3,15
1,0,1,0
1,0,1,0
1,0,1,0
1,0,1,0
1,0,1,0
1,0,1,0
1,0,1,0
1,0,1,0
0,1,1,16
2,0,2,0
1,0,1,0
1,0,1,0
1,0,1,0
1,0,1,0
1,0,1,0
1,0,1,0
0,2,2,43
1,0,1,0
1,0,1,0
1,0,1,0
0,1,1,18
2,0,2,0
1,0,1,0
1,0,1,0
1,0,1,0
1,0,1,0
1,0,1,0
1,0,1,0
1,0,1,0
1,0,1,0
1,0,1,0
1,0,1,0
2,0,2,0
2,0,2,0
1,0,1,0
0,2,2,0
0,1,1,29
0,1,1,29
1,0,1,0
3,0,3,0
0,1,1,3
1,0,1,0
0,1,1,0
1,0,1,0
1,0,1,0
1,0,1,0
2,0,2,0
1,0,1,0
1,0,1,0
2,0,2,0
1,0,1,0
1,0,1,0
2,0,2,0
1,0,1,0
1,0,1,0
2,0,2,0
1,0,1,0
1,0,1,0
0,1,1,22
1,0,1,0
1,0,1,0
1,0,1,0
1,0,1,0
1,0,1,0
1,0,1,0
0,2,2,19
0,2,2,6
0,1,1,0
3,0,3,0
1,0,1,0
1,0,1,0
1,0,1,0
0,1,1,51
1,0,1,0
0,1,1,19
1,0,1,0
2,0,2,0
1,0,1,0
1,0,1,0
0,1,1,29
1,0,1,0
2,0,2,0
1,0,1,0
1,0,1,0
1,0,1,0
1,0,1,0
1,0,1,0
0,1,1,21
2,0,2,0
0,1,1,13
1,0,1,0
1,0,1,0
1,0,1,0
1,0,1,0
1,0,1,0
2,0,2,0
1,0,1,0
2,0,2,0
1,0,1,0
1,0,1,0
1,0,1,0
1,0,1,0
1,0,1,0
1,0,1,0
1,0,1,0
0,2,2,0
0,1,1,15
1,0,1,0
1,0,1,0
0,1,1,3
1,0,1,0
1,0,1,0
1,0,1,0
1,0,1,0
2,0,2,0
1,0,1,0
1,0,1,0
1,0,1,0
1,0,1,0
1,0,1,0
0,1,1,16
1,0,1,0
0,1,1,20
1,0,1,0
0,1,1,11
1,0,1,0
1,0,1,0
1,0,1,0
1,0,1,0
0,2,2,2
1,0,1,0
0,1,1,15
0,1,1,0
0,1,1,0
1,0,1,0
1,0,1,0
1,0,1,0
1,0,1,0
0,2,2,14
1,0,1,0
2,0,2,0
0,1,1,2
1,0,1,0
0,1,1,3
0,1,1,19
1,0,1,0
0,2,2,10
1,0,1,0
1,0,1,0
1,0,1,0
2,0,2,0
1,0,1,0
1,0,1,0
2,0,2,0
1,0,1,0
1,0,1,0
1,0,1,0
1,0,1,0
1,0,1,0
0,1,1,0
3,0,3,0
1,0,1,0
1,0,1,0
0,1,1,1
1,0,1,0
1,0,1,0
1,0,1,0
4,0,4,0
1,0,1,0
2,0,2,0
1,0,1,0
0,1,1,10
2,0,2,0
1,0,1,0
1,0,1,0
1,0,1,0
0,1,1,16
1,0,1,0
1,0,1,0
1,0,1,0
1,0,1,0
1,0,1,0
0,3,3,13
1,0,1,0
2,0,2,0
1,0,1,0
0,2,2,3
1,0,1,0
1,0,1,0
1,0,1,0
1,0,1,0
2,0,2,0
0,1,1,6
1,0,1,0
1,0,1,0
1,0,1,0
2,0,2,0
1,0,1,0
1,0,1,0
1,0,1,0
0,1,1,2
1,0,1,0
1,0,1,0
1,0,1,0
1,0,1,0
0,1,1,5
0,1,1,7
1,0,1,0
1,0,1,0
3,0,3,0
1,0,1,0
0,1,1,13
1,0,1,0
0,1,1,0
1,0,1,0
1,0,1,0
1,0,1,0
1,0,1,0
1,0,1,0
2,0,2,0
1,0,1,0
0,1,1,11
0,1,1,0
1,0,1,0
1,0,1,0
1,0,1,0
1,0,1,0
1,0,1,0
1,0,1,0
1,0,1,0
1,0,1,0
1,0,1,0
1,0,1,0
1,0,1,0
1,0,1,0
1,0,1,0
1,0,1,0
1,0,1,0
1,0,1,0
1,0,1,0
1,0,1,0
1,0,1,0
0,1,1,0
1,0,1,0
0,1,1,1
1,0,1,0
1,0,1,0
0,1,1,2
1,0,1,0
1,0,1,0
0,1,1,14
1,0,1,0
1,0,1,0
1,0,1,0
1,0,1,0
1,0,1,0
0,1,1,94
1,0,1,0
0,1,1,26
1,0,1,0
0,1,1,4
1,0,1,0
1,0,1,0
1,0,1,0
0,1,1,9
1,0,1,0
1,0,1,0
2,0,2,0
1,0,1,0
1,0,1,0
5,0,5,0
1,0,1,0
1,0,1,0
1,0,1,0
2,0,2,0
1,0,1,0
1,0,1,0
1,0,1,0
1,0,1,0
1,0,1,0
0,1,1,4
2,0,2,0
1,0,1,0
0,1,1,15
1,0,1,0
1,0,1,0
0,1,1,13
0,2,2,68
1,0,1,0
0,1,1,41
1,0,1,0
1,0,1,0
1,0,1,0
1,0,1,0
1,0,1,0
1,0,1,0
2,0,2,0
1,0,1,0
1,0,1,0
1,0,1,6
1,0,1,0
2,0,2,0
1,0,1,0
1,0,1,0
2,0,2,0
1,0,1,0
1,0,1,0
1,0,1,0
2,0,2,0
1,0,1,0
0,1,1,10
1,0,1,0
1,0,1,0
1,0,1,0
1,0,1,0
0,2,2,34
0,1,1,5
1,0,1,0
0,1,1,5
1,0,1,0
1,0,1,0
0,1,1,68
1,0,1,0
1,0,1,0
1,0,1,0
1,0,1,0
2,0,2,0
0,1,1,15
0,1,1,0
1,0,1,0
1,0,1,0
1,0,1,0
1,0,1,0
4,0,4,0
2,0,2,0
1,0,1,0
0,1,1,3
1,0,1,0
2,0,2,0
1,0,1,0
1,0,1,0
1,0,1,0
1,0,1,0
1,0,1,0
1,0,1,0
1,0,1,0
1,0,1,0
1,0,1,0
0,1,1,2
1,0,1,0
1,0,1,0
1,0,1,0
1,0,1,0
1,0,1,0
1,0,1,0
1,0,1,0
1,0,1,0
2,0,2,0
1,0,1,0
1,0,1,0
1,0,1,0
1,0,1,0
0,1,1,38
1,0,1,0
2,0,2,0
1,0,1,0
1,0,1,0
1,0,1,0
1,0,1,0
0,1,1,7
1,0,1,0
1,0,1,0
1,0,1,0
1,0,1,0
1,0,1,0
1,0,1,0
0,2,2,47
0,1,1,16
1,0,1,0
1,0,1,0
1,0,1,0
1,0,1,0
2,0,2,0
1,0,1,0
0,1,1,13
1,0,1,0
1,0,1,0
1,0,1,0
1,0,1,0
1,0,1,0
1,0,1,0
1,0,1,0
1,0,1,0
1,0,1,0
2,0,2,0
1,0,1,0
1,0,1,0
1,0,1,0
1,0,1,0
1,0,1,0
1,0,1,0
1,0,1,0
1,0,1,0
0,1,1,31
2,0,2,0
1,0,1,0
2,0,2,0
1,0,1,0
1,0,1,0
1,0,1,0
0,1,1,20
1,0,1,0
0,1,1,0
1,0,1,0
1,0,1,0
1,0,1,0
0,1,1,0
0,1,1,0
1,0,1,0
0,1,1,89
0,1,1,7
1,0,1,0
1,0,1,0
1,0,1,0
1,0,1,0
